# Tdn_K_68G	Rdn_Ohm_68G
	
	
299.002	1.9363
296.979	1.92288
296.885	1.9226
296.77	1.92233
296.669	1.92152
296.565	1.92167
296.454	1.92155
296.341	1.92118
296.236	1.92085
296.139	1.9207
296.037	1.92047
295.916	1.92021
295.817	1.91992
295.712	1.91974
295.599	1.91948
295.488	1.919
295.38	1.91894
295.279	1.91864
295.173	1.91839
295.071	1.91826
294.969	1.9179
294.858	1.91758
294.75	1.91702
294.649	1.917
294.539	1.91665
294.443	1.91639
294.336	1.9163
294.225	1.91593
294.127	1.91555
294.012	1.91525
293.911	1.91508
293.805	1.91476
293.7	1.9145
293.6	1.91421
293.491	1.91376
293.376	1.9136
293.272	1.91319
293.171	1.91306
293.07	1.91272
292.954	1.91223
292.853	1.91214
292.75	1.91177
292.647	1.91147
292.539	1.91114
292.435	1.9108
292.326	1.91048
292.219	1.91032
292.108	1.90989
292	1.90956
291.889	1.90912
291.774	1.90896
291.676	1.90852
291.576	1.90829
291.464	1.90789
291.356	1.90755
291.248	1.9073
291.146	1.90702
291.036	1.9067
290.926	1.90641
290.821	1.90602
290.714	1.90559
290.608	1.90517
290.505	1.90487
290.387	1.90448
290.288	1.90417
290.183	1.90393
290.077	1.90339
289.981	1.90328
289.877	1.90284
289.759	1.90247
289.656	1.90206
289.543	1.90175
289.43	1.90141
289.327	1.901
289.221	1.90056
289.12	1.90032
289.01	1.89992
288.908	1.89986
288.791	1.89931
288.689	1.8989
288.587	1.89857
288.483	1.89842
288.377	1.89791
288.271	1.89764
288.163	1.89721
288.058	1.89682
287.945	1.89649
287.836	1.89611
287.728	1.89584
287.615	1.89524
287.517	1.89522
287.397	1.89474
287.307	1.8942
287.204	1.89392
287.096	1.89342
286.992	1.89317
286.89	1.89281
286.779	1.89237
286.671	1.89218
286.564	1.89166
286.463	1.89137
286.356	1.891
286.24	1.89052
286.13	1.89008
286.034	1.89001
285.928	1.88944
285.814	1.88916
285.71	1.88879
285.601	1.88839
285.495	1.88792
285.389	1.88758
285.273	1.88724
285.17	1.88699
285.06	1.88643
284.944	1.88615
284.841	1.88575
284.727	1.8853
284.627	1.88486
284.515	1.88461
284.41	1.88421
284.301	1.88379
284.2	1.88348
284.089	1.88302
283.985	1.88277
283.874	1.8825
283.768	1.88192
283.661	1.88149
283.55	1.88109
283.458	1.88095
283.34	1.88059
283.226	1.88008
283.12	1.87976
283.016	1.87942
282.911	1.8788
282.805	1.87849
282.697	1.87809
282.589	1.87779
282.479	1.87764
282.38	1.87707
282.27	1.87665
282.162	1.87616
282.054	1.87592
281.955	1.87553
281.847	1.87508
281.743	1.87478
281.638	1.87444
281.53	1.87408
281.425	1.87357
281.313	1.87331
281.207	1.87288
281.111	1.87266
281.001	1.87215
280.889	1.87182
280.778	1.87132
280.668	1.87102
280.559	1.87066
280.451	1.87033
280.344	1.86978
280.231	1.86942
280.128	1.86905
280.019	1.86864
279.908	1.86826
279.803	1.86797
279.693	1.86751
279.589	1.86724
279.486	1.86679
279.373	1.86624
279.26	1.86599
279.155	1.86568
279.043	1.86522
278.938	1.86468
278.846	1.86456
278.728	1.86404
278.619	1.86358
278.515	1.86325
278.397	1.86283
278.291	1.86242
278.185	1.86215
278.079	1.86147
277.974	1.86132
277.863	1.86098
277.755	1.86053
277.651	1.86001
277.553	1.85982
277.433	1.85933
277.336	1.85913
277.229	1.85863
277.114	1.85838
277.008	1.85782
276.901	1.85749
276.789	1.85698
276.685	1.85668
276.575	1.8563
276.473	1.85582
276.368	1.85558
276.25	1.85525
276.146	1.85474
276.043	1.85442
275.935	1.85389
275.825	1.85349
275.718	1.85324
275.603	1.85267
275.49	1.85228
275.385	1.85187
275.276	1.85171
275.165	1.85104
275.06	1.85084
274.955	1.85042
274.852	1.85009
274.745	1.84966
274.639	1.84919
274.526	1.8488
274.428	1.84853
274.322	1.84827
274.207	1.84767
274.101	1.84738
274.002	1.84693
273.892	1.84641
273.785	1.84624
273.67	1.84584
273.565	1.84536
273.464	1.84495
273.353	1.84456
273.243	1.84427
273.129	1.84373
273.029	1.84357
272.924	1.84315
272.813	1.84283
272.714	1.84226
272.605	1.84186
272.501	1.84153
272.394	1.84122
272.294	1.84062
272.189	1.84026
272.08	1.84007
271.966	1.83973
271.861	1.83941
271.759	1.83888
271.646	1.83842
271.536	1.83807
271.432	1.83748
271.322	1.83737
271.21	1.83686
271.107	1.8366
271.005	1.83612
270.893	1.83565
270.779	1.83533
270.671	1.83494
270.565	1.83445
270.459	1.83422
270.354	1.83383
270.253	1.83339
270.147	1.8329
270.043	1.83262
269.932	1.83229
269.829	1.83178
269.722	1.83138
269.615	1.83101
269.513	1.83076
269.411	1.8303
269.302	1.83001
269.197	1.82959
269.086	1.82922
268.981	1.82866
268.88	1.82835
268.769	1.82802
268.661	1.82776
268.553	1.82711
268.452	1.82685
268.344	1.82633
268.252	1.82608
268.144	1.82571
268.036	1.82539
267.925	1.82497
267.82	1.82461
267.714	1.82417
267.608	1.82373
267.495	1.82337
267.382	1.82292
267.279	1.8225
267.174	1.82219
267.065	1.82181
266.959	1.82153
266.856	1.82108
266.75	1.82073
266.639	1.82025
266.529	1.81989
266.425	1.81956
266.317	1.81914
266.209	1.81863
266.103	1.81832
265.995	1.81808
265.892	1.81746
265.786	1.81712
265.682	1.8169
265.57	1.81643
265.454	1.81588
265.349	1.81566
265.252	1.81503
265.144	1.81491
265.036	1.81446
264.93	1.81402
264.82	1.81384
264.712	1.81314
264.604	1.81289
264.5	1.81246
264.392	1.81223
264.283	1.81172
264.178	1.81141
264.075	1.81104
263.964	1.81056
263.858	1.81019
263.755	1.80978
263.65	1.80947
263.539	1.80915
263.433	1.80872
263.334	1.80843
263.218	1.80781
263.112	1.80746
263.012	1.80716
262.906	1.8068
262.794	1.80645
262.691	1.80581
262.58	1.80552
262.471	1.80515
262.365	1.80474
262.257	1.80453
262.144	1.80405
262.042	1.80368
261.926	1.80347
261.82	1.80295
261.717	1.80254
261.611	1.80224
261.505	1.80184
261.395	1.80147
261.298	1.80094
261.195	1.80083
261.089	1.80017
260.978	1.79986
260.873	1.79962
260.764	1.79925
260.661	1.79874
260.555	1.79827
260.447	1.79807
260.336	1.79757
260.235	1.79725
260.128	1.79672
260.023	1.79671
259.92	1.7961
259.807	1.7956
259.709	1.79524
259.601	1.79515
259.478	1.79466
259.373	1.7943
259.268	1.79374
259.159	1.79353
259.058	1.79312
258.95	1.79272
258.837	1.79233
258.731	1.7919
258.632	1.79146
258.529	1.7912
258.42	1.79085
258.307	1.79044
258.203	1.78993
258.098	1.78958
257.988	1.78931
257.885	1.78877
257.772	1.78835
257.665	1.78818
257.562	1.7876
257.454	1.78743
257.353	1.78708
257.241	1.78654
257.133	1.78624
257.024	1.78588
256.92	1.78538
256.817	1.78504
256.706	1.78471
256.602	1.78432
256.5	1.78384
256.385	1.78373
256.277	1.78318
256.18	1.7828
256.072	1.78239
255.97	1.78215
255.862	1.78176
255.756	1.7814
255.647	1.7811
255.538	1.78058
255.434	1.78021
255.331	1.77996
255.224	1.77944
255.118	1.77913
255.012	1.77877
254.905	1.77826
254.8	1.778
254.695	1.7776
254.591	1.77723
254.482	1.77678
254.383	1.77626
254.275	1.77598
254.163	1.77545
254.06	1.77537
253.95	1.77469
253.847	1.77427
253.74	1.77403
253.639	1.77368
253.53	1.77333
253.424	1.77293
253.315	1.7723
253.207	1.77209
253.099	1.77184
252.998	1.77151
252.888	1.77086
252.782	1.77066
252.685	1.77022
252.576	1.76988
252.47	1.76957
252.361	1.76908
252.254	1.76879
252.149	1.7685
252.032	1.76817
251.939	1.76774
251.827	1.76736
251.724	1.76687
251.623	1.76658
251.507	1.76619
251.405	1.76597
251.304	1.76545
251.2	1.76522
251.088	1.76465
250.987	1.76436
250.876	1.76409
250.773	1.76364
250.669	1.7633
250.564	1.76301
250.457	1.76273
250.349	1.7622
250.242	1.76191
250.137	1.76155
250.023	1.76114
249.919	1.76068
249.818	1.76042
249.712	1.76005
249.602	1.75971
249.494	1.75912
249.389	1.75886
249.281	1.75855
249.179	1.7581
249.063	1.75764
248.953	1.75719
248.848	1.75697
248.743	1.75665
248.637	1.75623
248.534	1.75572
248.428	1.75562
248.315	1.75513
248.204	1.75478
248.107	1.75436
247.998	1.75401
247.886	1.75362
247.788	1.75315
247.674	1.75285
247.571	1.75264
247.466	1.75192
247.357	1.75175
247.251	1.75135
247.143	1.75098
247.031	1.75071
246.925	1.75036
246.821	1.74988
246.71	1.74944
246.604	1.74907
246.498	1.74878
246.396	1.7485
246.287	1.74805
246.182	1.74753
246.076	1.7474
245.97	1.7469
245.864	1.74665
245.758	1.74617
245.659	1.74583
245.551	1.74554
245.439	1.74521
245.341	1.74477
245.233	1.7445
245.125	1.74409
245.023	1.7438
244.911	1.74342
244.806	1.74291
244.701	1.74273
244.592	1.74224
244.485	1.74201
244.376	1.74155
244.274	1.74106
244.166	1.74086
244.059	1.74038
243.952	1.73986
243.848	1.73964
243.736	1.73921
243.634	1.73899
243.529	1.73851
243.427	1.73807
243.321	1.73789
243.216	1.73739
243.107	1.73718
242.998	1.73683
242.894	1.73636
242.786	1.73583
242.677	1.73569
242.565	1.73542
242.454	1.73466
242.353	1.73431
242.242	1.73407
242.142	1.73369
242.034	1.73356
241.926	1.73291
241.822	1.73255
241.72	1.7322
241.611	1.73177
241.511	1.73132
241.403	1.73088
241.303	1.73074
241.195	1.73038
241.089	1.72995
240.98	1.72968
240.873	1.72932
240.763	1.72892
240.656	1.72848
240.55	1.72824
240.434	1.72795
240.333	1.72742
240.225	1.72707
240.117	1.72675
240.017	1.7263
239.916	1.72583
239.81	1.72564
239.703	1.72532
239.599	1.72488
239.488	1.72433
239.379	1.72413
239.275	1.72388
239.168	1.72341
239.064	1.72311
238.958	1.72262
238.855	1.72226
238.744	1.72181
238.637	1.72155
238.524	1.72105
238.419	1.72089
238.31	1.7203
238.208	1.71994
238.099	1.71965
237.99	1.71931
237.886	1.71884
237.781	1.7185
237.681	1.71804
237.564	1.71777
237.465	1.71739
237.363	1.71682
237.258	1.71661
237.145	1.71615
237.044	1.71595
236.933	1.71555
236.827	1.71513
236.719	1.71483
236.619	1.71442
236.515	1.71406
236.408	1.71377
236.301	1.71341
236.19	1.71283
236.082	1.71258
235.978	1.71223
235.868	1.71172
235.766	1.71139
235.66	1.71091
235.554	1.71072
235.446	1.71025
235.342	1.71004
235.24	1.70955
235.134	1.70924
235.031	1.7089
234.931	1.70847
234.823	1.708
234.717	1.70801
234.607	1.70745
234.499	1.70716
234.392	1.7065
234.289	1.70633
234.184	1.70617
234.075	1.70561
233.969	1.70521
233.862	1.70479
233.752	1.70451
233.649	1.70416
233.534	1.70373
233.433	1.70334
233.327	1.70311
233.22	1.70258
233.112	1.70232
233.009	1.70192
232.904	1.70152
232.798	1.70109
232.688	1.70054
232.579	1.70033
232.471	1.70001
232.362	1.6996
232.259	1.69909
232.156	1.69888
232.057	1.6986
231.95	1.69807
231.845	1.6977
231.744	1.69754
231.633	1.69711
231.535	1.69687
231.428	1.69642
231.323	1.69593
231.211	1.69549
231.115	1.69543
231.008	1.69506
230.906	1.69475
230.794	1.69438
230.692	1.694
230.589	1.69352
230.486	1.69308
230.377	1.69283
230.279	1.69255
230.171	1.69205
230.061	1.69169
229.958	1.6913
229.857	1.69095
229.75	1.69063
229.649	1.69034
229.545	1.68996
229.441	1.68948
229.333	1.68926
229.23	1.68891
229.12	1.68851
229.018	1.68811
228.911	1.68782
228.804	1.68753
228.708	1.68698
228.603	1.68676
228.499	1.68632
228.39	1.68594
228.29	1.68578
228.185	1.68532
228.082	1.68506
227.977	1.68469
227.869	1.68438
227.766	1.68401
227.667	1.68366
227.565	1.68325
227.461	1.68297
227.359	1.68257
227.25	1.68217
227.144	1.68202
227.044	1.68157
226.935	1.68131
226.829	1.68093
226.725	1.68057
226.62	1.68011
226.515	1.67991
226.411	1.67941
226.305	1.67895
226.207	1.67867
226.095	1.67824
225.989	1.67792
225.886	1.67771
225.786	1.67725
225.675	1.67688
225.573	1.67645
225.468	1.67614
225.368	1.67586
225.261	1.67552
225.155	1.67513
225.044	1.67469
224.945	1.67453
224.839	1.67417
224.742	1.67378
224.635	1.67329
224.528	1.67301
224.417	1.67264
224.312	1.67219
224.2	1.67183
224.1	1.67156
223.998	1.67107
223.888	1.6709
223.773	1.67039
223.673	1.67008
223.568	1.66957
223.466	1.66935
223.357	1.66898
223.256	1.66869
223.151	1.66824
223.047	1.66797
222.946	1.66751
222.84	1.66722
222.742	1.66683
222.638	1.66633
222.529	1.66599
222.427	1.66566
222.321	1.66539
222.221	1.66511
222.118	1.6647
222.012	1.66425
221.908	1.66392
221.804	1.66366
221.69	1.66312
221.587	1.66273
221.484	1.66245
221.376	1.662
221.268	1.66171
221.171	1.66133
221.068	1.66096
220.961	1.66074
220.855	1.66028
220.754	1.66004
220.652	1.65977
220.547	1.65942
220.442	1.65898
220.331	1.65865
220.224	1.65839
220.121	1.65793
220.016	1.65744
219.909	1.65719
219.804	1.65654
219.704	1.65642
219.6	1.65616
219.502	1.65572
219.398	1.65533
219.288	1.65484
219.183	1.65454
219.083	1.65419
218.982	1.65396
218.875	1.65369
218.772	1.65339
218.671	1.65282
218.566	1.65263
218.46	1.65201
218.356	1.65182
218.254	1.65133
218.148	1.65104
218.047	1.6506
217.937	1.6503
217.834	1.64981
217.729	1.64951
217.626	1.64925
217.523	1.6487
217.424	1.64863
217.317	1.64819
217.212	1.64782
217.105	1.64734
217.002	1.64706
216.899	1.64671
216.797	1.64631
216.695	1.64619
216.589	1.64549
216.482	1.64513
216.379	1.64498
216.278	1.64446
216.171	1.64427
216.065	1.64386
215.962	1.64344
215.859	1.64301
215.754	1.6427
215.65	1.64225
215.546	1.64176
215.44	1.64163
215.338	1.64127
215.24	1.64094
215.137	1.64057
215.03	1.64006
214.927	1.63969
214.823	1.63961
214.721	1.63925
214.615	1.63885
214.514	1.63852
214.409	1.63799
214.306	1.6378
214.203	1.6374
214.101	1.63702
214	1.63689
213.895	1.63638
213.79	1.6361
213.685	1.63553
213.583	1.6353
213.474	1.63482
213.373	1.63466
213.269	1.6345
213.167	1.63389
213.064	1.63358
212.965	1.63325
212.86	1.63292
212.756	1.63245
212.655	1.63238
212.552	1.63201
212.445	1.63149
212.344	1.63125
212.242	1.63074
212.138	1.63061
212.04	1.62999
211.935	1.62987
211.832	1.62948
211.728	1.62901
211.619	1.62871
211.517	1.62827
211.419	1.62796
211.312	1.62767
211.209	1.62722
211.103	1.62709
211	1.62656
210.897	1.62628
210.794	1.62614
210.691	1.62582
210.588	1.62531
210.488	1.62523
210.381	1.62476
210.28	1.62435
210.173	1.62395
210.076	1.62392
209.97	1.62335
209.869	1.62287
209.764	1.62241
209.66	1.6221
209.557	1.62176
209.454	1.62131
209.351	1.62106
209.249	1.6208
209.147	1.62032
209.041	1.61995
208.938	1.61969
208.838	1.61924
208.732	1.61874
208.626	1.61844
208.525	1.61838
208.42	1.6179
208.315	1.6174
208.215	1.61696
208.107	1.61649
208.009	1.61613
207.904	1.61569
207.803	1.61525
207.697	1.61478
207.594	1.61459
207.494	1.61414
207.392	1.6137
207.292	1.61342
207.19	1.61296
207.089	1.61258
206.987	1.61232
206.885	1.61203
206.776	1.61153
206.679	1.61143
206.573	1.61094
206.471	1.61055
206.368	1.61021
206.269	1.60977
206.167	1.6096
206.068	1.60917
205.964	1.60865
205.855	1.60847
205.758	1.60808
205.655	1.6077
205.554	1.60743
205.446	1.60698
205.345	1.60683
205.244	1.60635
205.137	1.60604
205.035	1.60559
204.935	1.60538
204.83	1.60489
204.725	1.60451
204.621	1.60418
204.52	1.60392
204.411	1.6035
204.308	1.6033
204.206	1.60283
204.1	1.60258
204	1.60228
203.895	1.60185
203.793	1.60144
203.696	1.6013
203.59	1.60077
203.484	1.60058
203.381	1.6002
203.283	1.60005
203.176	1.59963
203.077	1.59921
202.97	1.59883
202.864	1.59862
202.766	1.59827
202.665	1.59784
202.559	1.59757
202.462	1.59725
202.358	1.59673
202.256	1.5967
202.148	1.59618
202.048	1.59577
201.946	1.59552
201.845	1.59524
201.738	1.59498
201.634	1.59468
201.53	1.59409
201.429	1.59378
201.325	1.59351
201.225	1.59317
201.125	1.59266
201.016	1.59239
200.917	1.59206
200.815	1.59161
200.711	1.59149
200.607	1.59112
200.508	1.5908
200.407	1.59044
200.299	1.58997
200.201	1.58965
200.097	1.58946
199.992	1.58901
199.893	1.58865
199.788	1.58842
199.681	1.58816
199.58	1.58767
199.476	1.58744
199.379	1.58698
199.276	1.5866
199.171	1.58631
199.067	1.58625
198.968	1.58534
198.864	1.58524
198.757	1.58502
198.654	1.58462
198.553	1.58424
198.451	1.58383
198.347	1.5836
198.249	1.58322
198.148	1.58289
198.042	1.5825
197.937	1.58224
197.835	1.58186
197.728	1.58147
197.626	1.5811
197.525	1.58092
197.419	1.58062
197.321	1.58008
197.216	1.5797
197.113	1.57957
197.012	1.57912
196.913	1.57864
196.809	1.5784
196.702	1.57801
196.601	1.57775
196.498	1.5776
196.397	1.57688
196.293	1.57678
196.195	1.57634
196.09	1.57594
195.987	1.57556
195.885	1.57509
195.781	1.57472
195.678	1.5745
195.574	1.57425
195.474	1.57391
195.369	1.57335
195.27	1.57312
195.161	1.57291
195.06	1.57237
194.954	1.57203
194.852	1.57168
194.746	1.57122
194.647	1.571
194.548	1.57045
194.445	1.57031
194.345	1.57006
194.237	1.56945
194.142	1.56917
194.036	1.56886
193.93	1.56873
193.831	1.56834
193.728	1.56807
193.629	1.56758
193.52	1.56718
193.422	1.56685
193.323	1.56654
193.218	1.56625
193.114	1.56574
193.01	1.56558
192.911	1.56523
192.807	1.56485
192.705	1.56441
192.601	1.56414
192.502	1.56376
192.399	1.56347
192.298	1.56311
192.194	1.5627
192.088	1.5623
191.99	1.56207
191.883	1.56177
191.78	1.56142
191.68	1.56089
191.575	1.56065
191.476	1.56032
191.375	1.56002
191.273	1.55965
191.169	1.5593
191.066	1.55881
190.965	1.55854
190.859	1.55826
190.76	1.55787
190.656	1.55756
190.55	1.55708
190.447	1.55695
190.345	1.55645
190.241	1.55607
190.137	1.55599
190.037	1.55553
189.935	1.55519
189.834	1.55494
189.733	1.55434
189.632	1.55389
189.532	1.55371
189.423	1.55346
189.322	1.55309
189.216	1.55281
189.121	1.55231
189.013	1.5521
188.914	1.55166
188.809	1.55143
188.706	1.55114
188.601	1.55057
188.496	1.55042
188.394	1.55002
188.291	1.54967
188.189	1.54938
188.088	1.54903
187.983	1.54899
187.877	1.54843
187.777	1.54809
187.675	1.5479
187.571	1.54757
187.468	1.54698
187.367	1.54693
187.258	1.54624
187.158	1.5462
187.054	1.54607
186.956	1.54541
186.856	1.54542
186.751	1.54494
186.646	1.54459
186.543	1.54416
186.443	1.54402
186.34	1.54347
186.238	1.54343
186.138	1.54299
186.032	1.54261
185.934	1.54227
185.829	1.54188
185.729	1.54174
185.627	1.54138
185.528	1.54089
185.424	1.54054
185.321	1.54037
185.219	1.53983
185.118	1.53954
185.016	1.53931
184.914	1.53885
184.813	1.53855
184.709	1.53826
184.606	1.53795
184.504	1.53756
184.401	1.5371
184.298	1.53693
184.197	1.53656
184.097	1.53626
183.992	1.53592
183.891	1.53563
183.787	1.53531
183.685	1.53501
183.583	1.53471
183.482	1.53439
183.378	1.53418
183.273	1.53371
183.174	1.53332
183.074	1.53299
182.972	1.53286
182.867	1.53245
182.767	1.53217
182.662	1.53192
182.563	1.53138
182.462	1.53106
182.357	1.53059
182.254	1.53031
182.149	1.53023
182.043	1.52977
181.941	1.52936
181.841	1.52897
181.738	1.52871
181.635	1.52836
181.534	1.52804
181.431	1.52756
181.326	1.52747
181.222	1.52703
181.118	1.52662
181.016	1.52618
180.913	1.5259
180.811	1.52545
180.705	1.52496
180.609	1.52505
180.503	1.52467
180.399	1.52439
180.296	1.52384
180.191	1.52361
180.091	1.52311
179.99	1.52276
179.885	1.52254
179.784	1.52222
179.683	1.52183
179.581	1.52152
179.477	1.52121
179.372	1.5209
179.27	1.52046
179.167	1.5201
179.069	1.51994
178.96	1.51978
178.859	1.51948
178.761	1.51906
178.655	1.51886
178.552	1.51865
178.45	1.51811
178.347	1.5179
178.246	1.51746
178.139	1.5173
178.037	1.5169
177.935	1.51679
177.829	1.51623
177.728	1.51597
177.626	1.51571
177.524	1.51521
177.425	1.51504
177.323	1.51455
177.222	1.51427
177.115	1.51413
177.017	1.51385
176.912	1.51324
176.809	1.51298
176.706	1.51264
176.606	1.51235
176.505	1.51182
176.405	1.51159
176.297	1.51122
176.195	1.51095
176.094	1.51042
175.993	1.51009
175.885	1.50985
175.787	1.50932
175.684	1.50922
175.58	1.50883
175.482	1.50855
175.377	1.50819
175.277	1.50786
175.169	1.5075
175.067	1.50719
174.966	1.50668
174.863	1.50646
174.762	1.50616
174.659	1.50589
174.557	1.5054
174.454	1.50524
174.351	1.50481
174.25	1.50429
174.15	1.504
174.045	1.50369
173.945	1.5034
173.846	1.50313
173.744	1.50263
173.643	1.50224
173.543	1.50194
173.436	1.5017
173.333	1.50141
173.231	1.50117
173.127	1.50054
173.025	1.50043
172.923	1.50004
172.821	1.49965
172.716	1.49935
172.615	1.49886
172.514	1.49869
172.412	1.49829
172.313	1.49802
172.205	1.49756
172.103	1.49714
172	1.49698
171.899	1.49656
171.797	1.49617
171.695	1.49582
171.594	1.49548
171.489	1.49533
171.385	1.49504
171.285	1.49451
171.183	1.49401
171.083	1.49399
170.978	1.4939
170.877	1.49338
170.773	1.49303
170.667	1.49279
170.566	1.49237
170.464	1.4921
170.363	1.49179
170.257	1.49158
170.153	1.4912
170.05	1.49071
169.947	1.49054
169.84	1.49023
169.738	1.48993
169.637	1.48961
169.533	1.48917
169.432	1.48885
169.329	1.48856
169.225	1.48823
169.124	1.48787
169.018	1.48756
168.917	1.4871
168.816	1.4867
168.714	1.48655
168.61	1.48596
168.51	1.4858
168.407	1.48547
168.303	1.48515
168.205	1.48487
168.101	1.48451
168.001	1.4841
167.899	1.48368
167.798	1.48355
167.695	1.48308
167.589	1.48278
167.49	1.48239
167.387	1.48216
167.287	1.48164
167.185	1.48135
167.083	1.48092
166.976	1.48069
166.875	1.48025
166.773	1.4799
166.67	1.47909
166.566	1.47888
166.467	1.47857
166.365	1.47815
166.261	1.47756
166.159	1.47744
166.057	1.47707
165.954	1.47665
165.852	1.47635
165.749	1.47582
165.643	1.47575
165.537	1.47531
165.436	1.47491
165.337	1.47447
165.231	1.47432
165.128	1.47393
165.025	1.4733
164.923	1.47317
164.819	1.47299
164.715	1.47244
164.615	1.47221
164.512	1.47185
164.41	1.47147
164.305	1.47128
164.202	1.47078
164.099	1.47033
163.997	1.47008
163.894	1.46989
163.791	1.46924
163.687	1.4691
163.589	1.46877
163.487	1.46831
163.384	1.46816
163.281	1.46765
163.179	1.46721
163.076	1.467
162.974	1.46676
162.874	1.46636
162.769	1.46603
162.667	1.46545
162.563	1.46541
162.462	1.465
162.36	1.46446
162.253	1.46411
162.148	1.46374
162.044	1.46349
161.945	1.46316
161.841	1.46271
161.737	1.46249
161.637	1.46207
161.536	1.46186
161.436	1.46141
161.333	1.46096
161.23	1.46053
161.126	1.46048
161.026	1.46001
160.923	1.45965
160.822	1.45933
160.719	1.45894
160.614	1.45851
160.513	1.45822
160.412	1.45792
160.307	1.45744
160.206	1.45704
160.103	1.45668
160.004	1.45642
159.903	1.45622
159.803	1.45563
159.7	1.45552
159.596	1.45509
159.493	1.45468
159.39	1.45431
159.288	1.45434
159.19	1.45361
159.085	1.45342
158.983	1.45286
158.881	1.45247
158.775	1.45233
158.673	1.45197
158.57	1.45157
158.465	1.4517
158.364	1.45136
158.26	1.45103
158.161	1.45081
158.06	1.45051
157.954	1.45019
157.855	1.44992
157.75	1.44958
157.647	1.44915
157.543	1.44904
157.442	1.44859
157.343	1.44827
157.242	1.44772
157.141	1.44747
157.038	1.44724
156.937	1.44695
156.834	1.44662
156.73	1.446
156.628	1.44587
156.526	1.44556
156.422	1.44522
156.321	1.44491
156.22	1.44451
156.117	1.44428
156.015	1.4439
155.909	1.44355
155.805	1.44302
155.704	1.44267
155.602	1.44291
155.501	1.44255
155.398	1.44228
155.294	1.44188
155.192	1.44164
155.089	1.44151
154.987	1.44115
154.886	1.44088
154.782	1.44049
154.683	1.44026
154.579	1.4398
154.476	1.43938
154.374	1.43929
154.272	1.43896
154.172	1.43879
154.069	1.43833
153.966	1.43805
153.861	1.43761
153.758	1.43723
153.656	1.43694
153.55	1.43667
153.448	1.43613
153.344	1.43575
153.244	1.43531
153.142	1.43513
153.037	1.43469
152.935	1.43469
152.83	1.43429
152.726	1.43428
152.627	1.43361
152.525	1.43338
152.419	1.43314
152.32	1.43284
152.216	1.43246
152.114	1.43225
152.011	1.43179
151.911	1.4313
151.806	1.43083
151.706	1.43082
151.605	1.43021
151.504	1.43001
151.399	1.4297
151.296	1.42944
151.191	1.42924
151.091	1.42881
150.986	1.42839
150.883	1.42815
150.781	1.42775
150.683	1.42746
150.58	1.42712
150.474	1.42675
150.374	1.42635
150.271	1.42624
150.169	1.42586
150.07	1.42531
149.965	1.42506
149.863	1.42453
149.761	1.42423
149.659	1.42404
149.555	1.42373
149.452	1.42324
149.351	1.42282
149.246	1.42274
149.144	1.42244
149.042	1.42217
148.936	1.42191
148.838	1.42159
148.733	1.42131
148.631	1.42101
148.53	1.42079
148.425	1.42032
148.323	1.41983
148.219	1.41922
148.118	1.4189
148.013	1.41861
147.911	1.41837
147.808	1.4179
147.705	1.41773
147.602	1.41745
147.501	1.41695
147.399	1.41682
147.297	1.41653
147.194	1.41601
147.092	1.41573
146.984	1.41551
146.885	1.41506
146.782	1.41478
146.679	1.41455
146.577	1.4141
146.475	1.41371
146.374	1.41332
146.27	1.41311
146.169	1.41275
146.067	1.41233
145.964	1.41491
145.863	1.41465
145.762	1.41454
145.661	1.41421
145.555	1.41404
145.453	1.41397
145.351	1.41379
145.25	1.41339
145.149	1.41331
145.048	1.41322
144.941	1.413
144.84	1.41269
144.737	1.41229
144.637	1.41251
144.536	1.41218
144.436	1.41178
144.335	1.41174
144.233	1.41152
144.131	1.41118
144.029	1.41096
143.924	1.41068
143.821	1.41043
143.72	1.40999
143.617	1.40992
143.513	1.40958
143.41	1.40937
143.306	1.40908
143.205	1.40878
143.1	1.40873
142.997	1.4084
142.893	1.40816
142.79	1.40794
142.689	1.40707
142.589	1.4068
142.489	1.40664
142.387	1.40631
142.283	1.40621
142.184	1.40582
142.08	1.40555
141.978	1.40525
141.876	1.40501
141.772	1.40469
141.67	1.40452
141.567	1.40429
141.464	1.40392
141.361	1.40389
141.257	1.40347
141.156	1.4029
141.054	1.40268
140.951	1.4021
140.849	1.40199
140.746	1.40163
140.644	1.40145
140.54	1.40111
140.436	1.401
140.334	1.40085
140.228	1.40041
140.126	1.40015
140.024	1.4001
139.923	1.39967
139.821	1.39925
139.718	1.39909
139.614	1.39885
139.512	1.39859
139.412	1.39813
139.308	1.39802
139.206	1.39768
139.103	1.39697
138.999	1.39669
138.898	1.39642
138.796	1.39602
138.694	1.39578
138.59	1.39547
138.487	1.39526
138.385	1.39495
138.284	1.39136
138.181	1.39096
138.077	1.39051
137.975	1.39051
137.873	1.39001
137.769	1.38976
137.667	1.38946
137.564	1.38914
137.462	1.38886
137.361	1.38842
137.258	1.38823
137.156	1.38786
137.055	1.38778
136.953	1.38765
136.85	1.38705
136.749	1.38697
136.648	1.38657
136.548	1.38659
136.445	1.38618
136.341	1.38577
136.238	1.38534
136.138	1.38515
136.035	1.38474
135.932	1.38474
135.83	1.38409
135.727	1.38378
135.626	1.38386
135.521	1.38352
135.42	1.38315
135.315	1.38292
135.212	1.3828
135.11	1.38238
135.007	1.38222
134.905	1.3819
134.802	1.38168
134.698	1.38155
134.595	1.3809
134.494	1.38041
134.39	1.38012
134.287	1.37998
134.185	1.37979
134.083	1.37934
133.978	1.37926
133.877	1.3789
133.776	1.37884
133.673	1.37848
133.572	1.3782
133.468	1.37795
133.368	1.3778
133.263	1.37731
133.161	1.37708
133.061	1.3767
132.956	1.37668
132.855	1.37625
132.749	1.37607
132.65	1.37585
132.55	1.37504
132.442	1.37475
132.34	1.37454
132.239	1.37428
132.138	1.37397
132.035	1.3738
131.93	1.37332
131.829	1.37311
131.728	1.373
131.626	1.37271
131.524	1.37253
131.42	1.37212
131.32	1.37215
131.215	1.37162
131.114	1.37122
131.011	1.37127
130.911	1.37082
130.806	1.37077
130.705	1.37032
130.605	1.37001
130.5	1.36991
130.398	1.3691
130.298	1.36871
130.198	1.36859
130.094	1.36831
129.992	1.36787
129.887	1.36773
129.786	1.36751
129.685	1.36718
129.58	1.36694
129.478	1.36658
129.377	1.36652
129.273	1.36626
129.172	1.36599
129.067	1.3655
128.965	1.36513
128.863	1.36489
128.762	1.36462
128.659	1.3641
128.556	1.36381
128.452	1.36359
128.349	1.36323
128.245	1.36307
128.143	1.36308
128.042	1.36261
127.94	1.36238
127.835	1.36212
127.734	1.36184
127.631	1.36144
127.529	1.36135
127.426	1.36094
127.325	1.36096
127.221	1.36057
127.119	1.3599
127.018	1.3596
126.912	1.3593
126.811	1.35888
126.709	1.3588
126.606	1.35855
126.504	1.35828
126.4	1.35806
126.299	1.35763
126.197	1.35748
126.095	1.35733
125.992	1.35706
125.889	1.3567
125.787	1.35649
125.683	1.35633
125.582	1.3559
125.48	1.35519
125.377	1.35491
125.275	1.35467
125.171	1.35435
125.069	1.35409
124.968	1.35389
124.866	1.35361
124.763	1.35339
124.662	1.35304
124.561	1.35311
124.457	1.35261
124.356	1.35229
124.252	1.35181
124.151	1.3513
124.05	1.35117
123.947	1.35097
123.845	1.35074
123.743	1.35034
123.638	1.35006
123.539	1.34993
123.437	1.34961
123.335	1.3495
123.234	1.34915
123.13	1.34895
123.027	1.34857
122.928	1.34829
122.826	1.34792
122.722	1.34765
122.621	1.34734
122.518	1.34701
122.416	1.34679
122.313	1.34645
122.212	1.34618
122.109	1.34591
122.007	1.34567
121.904	1.34545
121.803	1.34531
121.703	1.34506
121.6	1.34476
121.496	1.34451
121.396	1.34409
121.293	1.34339
121.191	1.34312
121.091	1.34305
120.986	1.34284
120.886	1.34238
120.782	1.34221
120.679	1.34196
120.578	1.34176
120.475	1.34145
120.374	1.34113
120.271	1.34109
120.169	1.34068
120.067	1.34046
119.966	1.34034
119.863	1.34014
119.76	1.33984
119.659	1.33905
119.558	1.3389
119.457	1.33855
119.356	1.33823
119.253	1.33814
119.15	1.33787
119.049	1.33755
118.947	1.33722
118.844	1.33715
118.742	1.337
118.639	1.33691
118.538	1.33642
118.435	1.33621
118.335	1.33618
118.233	1.33577
118.13	1.33535
118.028	1.33524
117.924	1.33486
117.823	1.3343
117.721	1.33395
117.621	1.33374
117.519	1.33341
117.416	1.33334
117.314	1.333
117.21	1.33268
117.111	1.33252
117.008	1.33221
116.906	1.33219
116.803	1.33176
116.701	1.33154
116.597	1.33135
116.497	1.33112
116.395	1.33073
116.292	1.33057
116.189	1.33025
116.087	1.33016
115.985	1.32978
115.883	1.32906
115.78	1.32879
115.676	1.3286
115.574	1.32825
115.475	1.32803
115.373	1.32768
115.268	1.32741
115.166	1.32717
115.064	1.32705
114.963	1.32689
114.86	1.32651
114.757	1.32644
114.655	1.32618
114.552	1.32558
114.45	1.32527
114.347	1.32494
114.245	1.32469
114.141	1.32445
114.041	1.32436
113.939	1.32406
113.837	1.32374
113.734	1.32355
113.633	1.32316
113.529	1.32304
113.428	1.32263
113.326	1.32239
113.224	1.32207
113.121	1.32158
113.02	1.32142
112.917	1.32117
112.816	1.32102
112.713	1.32073
112.611	1.32048
112.508	1.32025
112.406	1.31999
112.304	1.31963
112.201	1.31955
112.098	1.31932
111.996	1.31863
111.892	1.31843
111.793	1.31812
111.692	1.31795
111.588	1.31762
111.487	1.31754
111.383	1.31714
111.281	1.31693
111.178	1.31678
111.078	1.31656
110.975	1.31629
110.873	1.31597
110.769	1.31581
110.668	1.31557
110.567	1.31516
110.465	1.31463
110.362	1.31453
110.261	1.31428
110.159	1.31403
110.055	1.31382
109.954	1.31361
109.858	1.31337
109.749	1.31299
109.646	1.31299
109.54	1.31252
109.44	1.31239
109.338	1.31217
109.234	1.31168
109.135	1.31152
109.026	1.31116
108.927	1.31083
108.826	1.31063
108.724	1.31037
108.623	1.31026
108.522	1.30991
108.421	1.30966
108.317	1.30944
108.213	1.30911
108.112	1.30893
108.012	1.30866
107.903	1.30824
107.8	1.30795
107.701	1.30776
107.603	1.30753
107.498	1.30717
107.394	1.30695
107.297	1.30673
107.195	1.30661
107.092	1.30633
106.991	1.30613
106.889	1.30598
106.785	1.30564
106.678	1.30557
106.581	1.30525
106.473	1.30477
106.376	1.30434
106.273	1.30412
106.172	1.30393
106.07	1.30381
105.968	1.30353
105.871	1.30315
105.772	1.30302
105.669	1.30259
105.567	1.30256
105.459	1.30224
105.356	1.30198
105.251	1.30187
105.148	1.30121
105.055	1.30119
104.951	1.30085
104.843	1.30051
104.74	1.30031
104.641	1.30001
104.534	1.29981
104.43	1.2996
104.331	1.29938
104.222	1.29917
104.115	1.29886
104.013	1.29888
103.912	1.29855
103.809	1.29807
103.706	1.298
103.604	1.2974
103.504	1.29704
103.401	1.29712
103.3	1.29698
103.198	1.29666
103.1	1.29636
102.996	1.29613
102.899	1.29611
102.797	1.29574
102.692	1.29554
102.585	1.2953
102.487	1.29499
102.39	1.29488
102.285	1.29485
102.182	1.29422
102.079	1.29388
101.978	1.29354
101.875	1.29343
101.776	1.2931
101.671	1.29293
101.568	1.29278
101.463	1.29242
101.357	1.29238
101.257	1.29217
101.156	1.2918
101.052	1.29162
100.95	1.29118
100.847	1.29106
100.746	1.29065
100.644	1.29054
100.541	1.29042
100.439	1.29003
100.336	1.29002
100.233	1.28978
100.133	1.28929
100.035	1.28917
99.9297	1.28889
99.8283	1.28845
99.7254	1.28831
99.6277	1.28807
99.524	1.28801
99.4182	1.28782
99.3196	1.28741
99.2206	1.28711
99.1164	1.28706
99.0132	1.28693
98.9107	1.28656
98.8051	1.28643
98.707	1.28629
98.6004	1.2861
98.5009	1.28597
98.398	1.28533
98.2972	1.28498
98.1954	1.28466
98.0954	1.28451
97.9922	1.28424
97.8919	1.28425
97.7882	1.28402
97.688	1.28362
97.5888	1.28343
97.4849	1.28334
97.379	1.283
97.2768	1.28299
97.1773	1.28274
97.0739	1.28258
96.9744	1.28204
96.8743	1.28181
96.7765	1.28161
96.6724	1.28126
96.565	1.28103
96.468	1.28093
96.3648	1.28046
96.2625	1.2805
96.1639	1.28024
96.0619	1.28015
95.9608	1.27977
95.8579	1.27971
95.7566	1.27939
95.6551	1.2792
95.5514	1.27903
95.4496	1.27882
95.3461	1.27869
95.2437	1.27845
95.1428	1.2782
95.0449	1.27779
94.9414	1.27742
94.8347	1.27732
94.7343	1.27728
94.633	1.27692
94.5305	1.27663
94.4281	1.27662
94.329	1.27643
94.2291	1.27612
94.1235	1.27591
94.0238	1.27576
93.9219	1.27554
93.8201	1.27537
93.7155	1.27469
93.6184	1.27465
93.5096	1.27433
93.4131	1.27429
93.3117	1.27395
93.2082	1.27375
93.1076	1.27356
93.0065	1.27327
92.9049	1.27291
92.8033	1.27293
92.7009	1.27272
92.6004	1.27257
92.4967	1.27221
92.3915	1.27237
92.2905	1.27225
92.1837	1.27201
92.0833	1.27178
91.9815	1.27157
91.8775	1.27087
91.7768	1.27054
91.68	1.27046
91.5743	1.27025
91.4771	1.27001
91.374	1.27002
91.2727	1.26973
91.1702	1.26964
91.0635	1.26922
90.9649	1.26905
90.8671	1.26903
90.7632	1.26877
90.6619	1.26864
90.5601	1.26833
90.4581	1.26809
90.3542	1.26808
90.2541	1.26757
90.1513	1.26731
90.0538	1.2671
89.9517	1.26684
89.8518	1.26663
89.7486	1.26655
89.6478	1.26634
89.5441	1.26604
89.4418	1.26591
89.3445	1.26559
89.2358	1.26564
89.1352	1.2655
89.0315	1.26511
88.9333	1.26513
88.8277	1.26475
88.7279	1.26482
88.626	1.26418
88.5246	1.2639
88.4251	1.26379
88.3221	1.26359
88.2193	1.26346
88.1183	1.2631
88.0166	1.26286
87.9167	1.2627
87.8116	1.26282
87.7148	1.26254
87.6077	1.26237
87.5073	1.26217
87.4058	1.26178
87.3071	1.26157
87.204	1.26137
87.0988	1.26121
87.0036	1.26098
86.8965	1.26079
86.8002	1.26048
86.6928	1.26026
86.5914	1.26016
86.4839	1.26015
86.3865	1.26012
86.2849	1.25978
86.1774	1.25967
86.0801	1.25949
85.9804	1.25937
85.8801	1.25921
85.7739	1.259
85.6743	1.25884
85.5702	1.25859
85.4718	1.2585
85.3651	1.25854
85.2653	1.25809
85.1638	1.25778
85.0577	1.25751
84.9571	1.25714
84.8539	1.25714
84.7546	1.25688
84.6497	1.25682
84.547	1.25667
84.4451	1.25636
84.3457	1.25638
84.242	1.25604
84.141	1.25599
84.0378	1.25574
83.9347	1.25521
83.8321	1.25539
83.7343	1.25521
83.6285	1.25476
83.5263	1.25471
83.4241	1.25428
83.3203	1.25456
83.2211	1.25406
83.1204	1.25392
83.0182	1.25365
82.9192	1.2535
82.8109	1.25328
82.7104	1.25317
82.6064	1.2529
82.5015	1.25281
82.4	1.25263
82.2974	1.25247
82.1969	1.25232
82.0921	1.25219
81.9912	1.25177
81.8902	1.25171
81.787	1.2515
81.6874	1.25112
81.5815	1.25108
81.4764	1.2509
81.3752	1.25068
81.2698	1.25064
81.1714	1.25046
81.0668	1.25013
80.9668	1.25017
80.8656	1.25002
80.7639	1.24992
80.6598	1.24972
80.5601	1.24936
80.4547	1.24919
80.3539	1.24904
80.2532	1.24858
80.1483	1.24845
80.0474	1.24831
79.9456	1.24814
79.8413	1.24783
79.7383	1.24779
79.6388	1.24771
79.5339	1.24745
79.4334	1.24734
79.3281	1.24723
79.2317	1.24688
79.1239	1.24675
79.0162	1.2466
78.9159	1.24642
78.8122	1.24635
78.7087	1.24627
78.6051	1.24573
78.5011	1.24544
78.4	1.24544
78.2969	1.24508
78.1977	1.24514
78.0944	1.245
77.9946	1.24476
77.894	1.2446
77.7921	1.24443
77.6901	1.24428
77.5863	1.24394
77.4826	1.24404
77.3846	1.24386
77.2804	1.24373
77.1753	1.24328
77.078	1.24338
76.9757	1.24314
76.8723	1.24296
76.7711	1.24276
76.6677	1.24236
76.5657	1.24232
76.4648	1.24204
76.3594	1.24185
76.2583	1.24193
76.1578	1.2417
76.0543	1.24157
75.9531	1.24143
75.8504	1.24119
75.7489	1.24098
75.6468	1.2409
75.5438	1.2406
75.4405	1.24056
75.3344	1.24055
75.2322	1.24036
75.1307	1.24009
75.0259	1.23996
74.9239	1.23993
74.8236	1.23943
74.7177	1.23941
74.6174	1.23914
74.5157	1.23904
74.4134	1.23868
74.3114	1.23875
74.2117	1.2386
74.1094	1.23848
74.0074	1.23826
73.9048	1.23813
73.8004	1.23803
73.6966	1.23782
73.5949	1.23767
73.4924	1.23747
73.3896	1.23732
73.2887	1.23731
73.1852	1.23718
73.0825	1.23677
72.9797	1.23684
72.8774	1.23642
72.7752	1.23639
72.6744	1.23617
72.5704	1.23589
72.4684	1.23582
72.3678	1.2358
72.2615	1.23559
72.1606	1.23553
72.0549	1.23535
71.9523	1.23509
71.8517	1.23496
71.7477	1.23476
71.6463	1.23488
71.5452	1.23473
71.4426	1.23438
71.341	1.23433
71.2373	1.23421
71.1355	1.23415
71.0345	1.23395
70.9304	1.23355
70.8288	1.23339
70.7257	1.2334
70.6241	1.23333
70.5215	1.23293
70.4189	1.23279
70.3149	1.2327
70.2114	1.2327
70.1073	1.23232
70.0066	1.23236
69.9006	1.23226
69.7987	1.23197
69.6966	1.232
69.5909	1.23181
69.4895	1.23173
69.3867	1.23159
69.2844	1.23149
69.1853	1.23129
69.0804	1.23114
68.9764	1.2312
68.8701	1.23107
68.7686	1.23098
68.6648	1.23068
68.5653	1.23063
68.4604	1.23017
68.3573	1.23023
68.2561	1.23014
68.1522	1.22991
68.0486	1.22952
67.9458	1.22947
67.8441	1.22936
67.7385	1.22954
67.6374	1.2291
67.5324	1.22912
67.43	1.22891
67.3274	1.22883
67.2244	1.22936
67.1229	1.22894
67.0209	1.22892
66.9189	1.22893
66.8158	1.22878
66.7138	1.22879
66.6111	1.2288
66.5049	1.22852
66.4006	1.22828
66.2977	1.22814
66.1946	1.22823
66.09	1.22805
65.9903	1.22795
65.8852	1.22781
65.7813	1.22767
65.6778	1.22767
65.5751	1.22737
65.4737	1.22737
65.3688	1.22726
65.2656	1.22727
65.1649	1.22696
65.0622	1.22686
64.9574	1.22689
64.8527	1.22648
64.7507	1.22662
64.6479	1.22633
64.5445	1.22627
64.4441	1.22601
64.3401	1.22593
64.2357	1.22571
64.1347	1.22574
64.0325	1.22554
63.931	1.22538
63.8274	1.22537
63.7228	1.22498
63.6204	1.22499
63.5174	1.22496
63.4145	1.22491
63.3101	1.22467
63.2082	1.22472
63.1036	1.22466
63.0031	1.22454
62.9034	1.22432
62.7986	1.22432
62.6962	1.2241
62.5924	1.22411
62.4908	1.22393
62.3862	1.22381
62.2824	1.22363
62.1799	1.2236
62.078	1.22346
61.9755	1.22322
61.8735	1.22313
61.7679	1.22326
61.6686	1.22293
61.5639	1.22271
61.4614	1.22267
61.3582	1.22273
61.2544	1.22247
61.1525	1.22222
61.0474	1.22212
60.9434	1.22219
60.8391	1.22202
60.7397	1.22196
60.6361	1.22178
60.5334	1.22173
60.4323	1.22171
60.3285	1.22152
60.2269	1.22159
60.1245	1.22151
60.0193	1.22134
59.9153	1.22114
59.8124	1.22102
59.7129	1.22107
59.6093	1.22083
59.5075	1.22087
59.4017	1.22055
59.2973	1.22053
59.1949	1.22046
59.0883	1.22028
58.9855	1.22022
58.8824	1.22016
58.7804	1.21991
58.6762	1.22006
58.5748	1.21984
58.4725	1.21963
58.3679	1.21949
58.2649	1.21955
58.1628	1.21932
58.0607	1.21917
57.9545	1.2192
57.8505	1.21919
57.7467	1.21902
57.6433	1.21904
57.5391	1.21864
57.4363	1.21873
57.3328	1.21865
57.2285	1.2184
57.1219	1.21857
57.0207	1.21839
56.9172	1.21836
56.8137	1.2183
56.7073	1.21804
56.6048	1.21784
56.5018	1.21796
56.3971	1.21786
56.2938	1.21771
56.1891	1.21766
56.0864	1.2175
55.9835	1.21749
55.8799	1.21736
55.7763	1.21726
55.673	1.21728
55.5714	1.21716
55.4667	1.21711
55.3626	1.21694
55.2603	1.217
55.1566	1.21692
55.0519	1.21682
54.9505	1.21676
54.8479	1.21667
54.7482	1.2165
54.6414	1.21636
54.5378	1.2164
54.4374	1.2162
54.3328	1.21612
54.2301	1.21623
54.1277	1.21601
54.0254	1.21575
53.9198	1.21594
53.8184	1.21588
53.7162	1.21589
53.6137	1.21559
53.5119	1.21549
53.4083	1.21544
53.3069	1.21547
53.2026	1.21526
53.0992	1.21525
52.9928	1.21518
52.8899	1.21516
52.7859	1.21506
52.682	1.21497
52.5792	1.21487
52.4763	1.21488
52.3737	1.21461
52.2694	1.21467
52.1646	1.21465
52.0609	1.21481
51.9575	1.2148
51.8556	1.21454
51.7527	1.21445
51.6504	1.21452
51.548	1.2146
51.4468	1.21443
51.343	1.21435
51.2423	1.21447
51.1381	1.21458
51.0335	1.21436
50.929	1.21448
50.8283	1.21437
50.7219	1.21428
50.618	1.21423
50.5142	1.21429
50.4119	1.2141
50.307	1.21417
50.2019	1.21402
50.0984	1.21398
49.994	1.2139
49.8929	1.21396
49.7904	1.21387
49.6862	1.21386
49.5823	1.21378
49.4817	1.21366
49.3759	1.21372
49.2696	1.21365
49.1648	1.21362
49.06	1.21368
48.956	1.21348
48.8513	1.21345
48.7478	1.2135
48.6446	1.21333
48.541	1.21332
48.4396	1.21308
48.3362	1.21299
48.2327	1.21308
48.13	1.21302
48.0259	1.21263
47.9228	1.21293
47.818	1.21262
47.7152	1.21277
47.6095	1.21269
47.5034	1.21257
47.3991	1.21256
47.2978	1.21238
47.1957	1.21264
47.092	1.21253
46.9892	1.21245
46.8846	1.21252
46.7793	1.21246
46.6758	1.21259
46.5712	1.21241
46.4703	1.21242
46.3655	1.21228
46.2604	1.21224
46.1579	1.2121
46.0545	1.2124
45.9519	1.21235
45.8468	1.21206
45.7428	1.21213
45.6389	1.21207
45.5359	1.21226
45.4323	1.21209
45.3254	1.21206
45.2236	1.21203
45.1169	1.21205
45.0129	1.21188
44.9074	1.21191
44.8038	1.21196
44.6992	1.21198
44.5949	1.21187
44.4922	1.2118
44.3881	1.21196
44.2844	1.21179
44.1821	1.21181
44.0769	1.21165
43.9707	1.212
43.8674	1.21187
43.7617	1.21174
43.6596	1.2117
43.5538	1.21162
43.4501	1.2116
43.3469	1.21168
43.243	1.21164
43.1391	1.2116
43.0337	1.21171
42.9299	1.21152
42.8246	1.2115
42.7203	1.21147
42.6133	1.21151
42.5078	1.21133
42.4038	1.21152
42.2982	1.21157
42.1939	1.21148
42.0902	1.21134
41.9841	1.21141
41.8778	1.21144
41.7728	1.21135
41.6669	1.21145
41.5622	1.21155
41.4584	1.21145
41.3556	1.21144
41.2507	1.21141
41.1471	1.2113
41.0414	1.21129
40.94	1.21127
40.8351	1.21123
40.7291	1.2113
40.6249	1.21126
40.5203	1.21141
40.4151	1.21141
40.3087	1.2113
40.2028	1.21134
40.0971	1.21138
39.9922	1.21134
39.8875	1.21136
39.7812	1.21142
39.6789	1.21134
39.5733	1.2113
39.4672	1.21127
39.3613	1.21137
39.2578	1.2114
39.1525	1.21155
39.0489	1.21145
38.9449	1.21147
38.8389	1.2116
38.7343	1.21132
38.6285	1.21171
38.5224	1.21158
38.4164	1.21166
38.3113	1.21152
38.2052	1.21155
38.1005	1.2117
37.9948	1.21161
37.8884	1.21179
37.7816	1.21159
37.6769	1.21184
37.5726	1.21185
37.4647	1.21188
37.3586	1.2119
37.2527	1.21191
37.1462	1.212
37.0402	1.21213
36.9323	1.21206
36.8261	1.2123
36.7201	1.21235
36.6137	1.21229
36.5063	1.21219
36.4009	1.21234
36.2929	1.21219
36.1882	1.21231
36.0828	1.21249
35.9774	1.21261
35.8708	1.21235
35.766	1.21268
35.661	1.2126
35.5561	1.21268
35.4479	1.21268
35.3426	1.21273
35.2365	1.21267
35.13	1.21282
35.0242	1.21303
34.9194	1.21298
34.8148	1.21317
34.7097	1.2133
34.6043	1.21308
34.5	1.21316
34.3941	1.21317
34.2872	1.21337
34.1801	1.21324
34.0717	1.21338
33.9674	1.2135
33.8614	1.21364
33.7555	1.21356
33.6489	1.21365
33.5427	1.21369
33.4367	1.21396
33.3304	1.21383
33.2242	1.21392
33.118	1.214
33.0127	1.21405
32.9098	1.21416
32.8058	1.21424
32.6998	1.21435
32.5927	1.21439
32.4855	1.21454
32.3782	1.21442
32.2724	1.21451
32.1645	1.21474
32.0592	1.21481
31.9514	1.21494
31.8441	1.21497
31.7377	1.21504
31.634	1.21496
31.5262	1.21505
31.4202	1.21524
31.3149	1.21525
31.209	1.21533
31.102	1.21544
30.9957	1.21542
30.8891	1.2157
30.7812	1.21576
30.6785	1.21601
30.5716	1.21587
30.4642	1.21611
30.3575	1.21616
30.2495	1.21629
30.1413	1.21647
30.0362	1.21637
29.9298	1.21673
29.8287	1.21671
29.7203	1.21679
29.6134	1.21682
29.5106	1.21699
29.4035	1.21705
29.2975	1.21718
29.1891	1.21746
29.0865	1.21742
28.9822	1.21748
28.8773	1.21764
28.7724	1.21787
28.6659	1.21788
28.5584	1.21812
28.4542	1.21825
28.3481	1.21834
28.2413	1.21837
28.1346	1.2186
28.0264	1.21874
27.9202	1.21878
27.8129	1.21893
27.7095	1.21901
27.6034	1.21914
27.4989	1.21936
27.3899	1.21945
27.2829	1.21963
27.1755	1.21971
27.0714	1.22003
26.963	1.2201
26.8551	1.22025
26.7484	1.22037
26.641	1.22052
26.5352	1.22067
26.4269	1.2207
26.3197	1.22087
26.2142	1.22126
26.105	1.22128
25.996	1.22142
25.8891	1.22155
25.7813	1.22196
25.6721	1.22192
25.5633	1.22209
25.4574	1.2221
25.3469	1.2226
25.2404	1.22261
25.1317	1.22292
25.0285	1.22322
24.9216	1.22331
24.8135	1.22339
24.7087	1.22341
24.6018	1.22376
24.4968	1.22398
24.3883	1.22416
24.2843	1.22446
24.1781	1.22459
24.0683	1.22464
23.9622	1.22493
23.8521	1.22495
23.7433	1.22507
23.6346	1.2256
23.525	1.22553
23.4176	1.22587
23.309	1.22608
23.202	1.22627
23.0934	1.22659
22.9859	1.22663
22.8779	1.22705
22.7685	1.22714
22.6605	1.22751
22.5498	1.22766
22.4423	1.22797
22.3307	1.22805
22.2218	1.22853
22.1141	1.22856
22.0052	1.22878
21.8977	1.2291
21.7913	1.22933
21.6823	1.22962
21.5735	1.22982
21.4642	1.23
21.3525	1.23051
21.2417	1.23041
21.1279	1.23104
21.0164	1.23111
20.9045	1.2314
20.7911	1.23162
20.6791	1.23209
20.5688	1.23228
20.4595	1.23273
20.3493	1.2328
20.2383	1.23324
20.1236	1.23342
20.0083	1.23371
19.8925	1.23417
19.7742	1.23432
19.6582	1.23474
19.5408	1.23517
19.4216	1.23544
19.299	1.2358
19.1755	1.23622
19.0522	1.23651
18.9268	1.2367
18.7995	1.23723
18.6709	1.23763
18.5405	1.23788
18.4058	1.23868
18.2741	1.23895
18.1374	1.2394
18.0003	1.23989
17.8565	1.24038
17.7141	1.24089
17.5698	1.24137
17.4244	1.24183
17.2744	1.24249
17.1196	1.24276
16.9647	1.24333
16.8097	1.24384
16.6472	1.24462
16.4819	1.24526
16.3164	1.24574
16.1469	1.2464
15.9726	1.24742
15.7951	1.24792
15.617	1.24862
15.4381	1.24963
15.2708	1.25011
15.1075	1.25074
14.9499	1.25133
14.7962	1.2521
14.6412	1.25268
14.4983	1.25322
14.3607	1.25389
14.2257	1.25454
14.0977	1.25476
13.9791	1.25543
13.8633	1.25598
13.7466	1.25647
13.631	1.25708
13.5169	1.25774
13.4051	1.25829
13.2901	1.25885
13.1772	1.25939
13.0582	1.26015
12.9428	1.26064
12.8265	1.26138
12.7082	1.26197
12.5861	1.26258
12.4629	1.26335
12.3464	1.26391
12.2332	1.26466
12.1222	1.26524
12.0137	1.26584
11.9144	1.26637
11.8176	1.26675
11.7242	1.26758
11.6318	1.26801
11.5384	1.26847
11.449	1.269
11.3585	1.26978
11.2669	1.2702
11.1751	1.27093
11.081	1.27142
10.987	1.27208
10.8952	1.27264
10.801	1.27336
10.705	1.27393
10.6072	1.27449
10.5094	1.27538
10.4118	1.276
10.3124	1.2767
10.2125	1.27743
10.1069	1.27822
10.0053	1.27903
9.9016	1.27977
9.79673	1.28052
9.68791	1.28144
9.58399	1.28211
9.48503	1.28271
9.38962	1.28346
9.29423	1.28422
9.19875	1.28506
9.1077	1.28584
9.01591	1.28682
8.92182	1.28749
8.82447	1.28826
8.73013	1.28906
8.63435	1.28993
8.53758	1.29086
8.4368	1.29161
8.33914	1.29262
8.23976	1.29344
8.14276	1.2944
8.055	1.2951
7.9759	1.29577
7.90404	1.29659
7.8319	1.29711
7.76044	1.29802
7.68868	1.29855
7.6163	1.29937
7.54654	1.30029
7.47719	1.30089
7.40646	1.30164
7.33488	1.30244
7.26366	1.30327
7.19015	1.30401
7.11979	1.30483
7.05	1.30554
6.97729	1.30656
6.90379	1.30727
6.8303	1.30817
6.75907	1.30915
6.68749	1.30995
6.61329	1.31088
6.5388	1.31174
6.46512	1.31282
6.39319	1.31367
6.31976	1.31462
6.24535	1.31564
6.16927	1.31639
6.09586	1.31756
6.02252	1.31842
5.94839	1.31955
5.87258	1.32061
5.79757	1.32152
5.72508	1.32259
5.65147	1.32361
5.57604	1.32453
5.49964	1.32563
5.42725	1.32661
5.35471	1.32769
5.28008	1.32845
5.20484	1.32918
5.13237	1.33024
5.05994	1.33106
4.9872	1.33202
4.91399	1.33268
4.8418	1.33393
4.77081	1.33479
4.6997	1.33575
4.62716	1.33656
4.55785	1.33734
4.48928	1.33811
4.4208	1.33867
4.35033	1.33957
4.28294	1.34042
4.21784	1.34126
4.15174	1.34237
4.08604	1.34343
4.02022	1.34439
3.95823	1.34563
3.89628	1.34641
3.83434	1.34778
3.77466	1.34886
3.71612	1.34989
3.65172	1.35175
3.52513	1.35531
3.36347	1.3589
3.19882	1.36251
3.03528	1.36615
2.88003	1.37004
2.72816	1.37366
2.58471	1.37751
2.44739	1.38131
2.31846	1.38492
2.19492	1.38861
2.08017	1.39199
1.97457	1.39546
1.87806	1.3986
1.78881	1.40158
1.70494	1.4041
1.63533	1.40631
1.58728	1.40725
1.54442	1.4083
1.50649	1.40959
1.4942	1.41022
