# Tdn_K_80G	Rdn_Ohm_80G
	
	
299.413	0.918377
299.011	0.920748
298.191	0.912207
297.567	0.911567
297.346	0.912271
297.205	0.911655
297.016	0.910312
297.063	0.910062
297.153	0.912235
296.978	0.910416
296.874	0.910754
296.79	0.910918
296.699	0.910374
296.561	0.910038
296.469	0.9101
296.37	0.909907
296.266	0.909528
296.141	0.90908
296.045	0.909158
295.929	0.908875
295.824	0.908729
295.722	0.908389
295.623	0.908346
295.52	0.907988
295.416	0.907753
295.317	0.907444
295.214	0.907197
295.11	0.906996
295.005	0.906695
294.905	0.906553
294.801	0.906468
294.688	0.906042
294.58	0.905852
294.475	0.90555
294.363	0.905342
294.269	0.905079
294.167	0.904805
294.067	0.904606
293.957	0.904454
293.854	0.903934
293.757	0.903894
293.653	0.903694
293.55	0.90336
293.442	0.903029
293.342	0.902868
293.246	0.902588
293.143	0.902396
293.036	0.902093
292.928	0.901838
292.828	0.901763
292.718	0.901455
292.611	0.901107
292.505	0.900944
292.391	0.900756
292.288	0.900308
292.191	0.900205
292.079	0.899891
291.977	0.89976
291.87	0.89937
291.77	0.89916
291.67	0.899003
291.571	0.898692
291.467	0.898518
291.358	0.898178
291.253	0.898119
291.156	0.897781
291.047	0.8976
290.944	0.897406
290.836	0.897034
290.736	0.897023
290.632	0.896762
290.539	0.896421
290.43	0.896299
290.329	0.89593
290.227	0.895855
290.127	0.895502
290.025	0.895317
289.922	0.895095
289.82	0.894829
289.721	0.89485
289.614	0.894457
289.507	0.894076
289.403	0.894001
289.3	0.893639
289.2	0.893444
289.095	0.89316
288.993	0.893035
288.891	0.892721
288.79	0.892726
288.696	0.892392
288.594	0.892138
288.496	0.891934
288.389	0.891766
288.286	0.891486
288.183	0.891336
288.083	0.891092
287.979	0.890923
287.875	0.89065
287.772	0.890634
287.659	0.890259
287.555	0.889921
287.448	0.889786
287.349	0.889518
287.245	0.889231
287.137	0.88911
287.043	0.888827
286.944	0.888656
286.84	0.888544
286.738	0.88833
286.625	0.887926
286.525	0.887695
286.427	0.887625
286.32	0.887533
286.226	0.887136
286.122	0.887001
286.02	0.88685
285.919	0.886552
285.819	0.886265
285.711	0.88615
285.614	0.885792
285.515	0.885582
285.412	0.885417
285.31	0.885373
285.212	0.88499
285.112	0.884735
285.012	0.884609
284.916	0.884517
284.822	0.884302
284.717	0.883967
284.615	0.883773
284.508	0.883467
284.407	0.883415
284.307	0.883176
284.199	0.882965
284.1	0.882885
283.998	0.882533
283.899	0.882187
283.791	0.88215
283.689	0.882034
283.586	0.881611
283.484	0.881424
283.375	0.881303
283.278	0.881075
283.172	0.88071
283.064	0.880747
282.97	0.880422
282.86	0.880161
282.758	0.880105
282.657	0.879796
282.56	0.879522
282.45	0.879313
282.346	0.879173
282.239	0.879012
282.134	0.878834
282.026	0.878703
281.93	0.878339
281.822	0.878157
281.727	0.877899
281.623	0.877562
281.518	0.877428
281.413	0.87736
281.321	0.87712
281.213	0.876955
281.111	0.876865
281.009	0.876527
280.905	0.876225
280.802	0.876246
280.7	0.875906
280.598	0.875551
280.496	0.875514
280.391	0.875232
280.287	0.874975
280.19	0.874899
280.088	0.874719
279.977	0.874306
279.87	0.874288
279.765	0.874081
279.657	0.87378
279.551	0.873559
279.452	0.873348
279.349	0.873105
279.242	0.873115
279.135	0.87286
279.038	0.872568
278.943	0.872474
278.845	0.872201
278.743	0.872035
278.64	0.871773
278.539	0.87173
278.436	0.871479
278.335	0.871365
278.23	0.871035
278.126	0.870951
278.023	0.870595
277.92	0.870374
277.808	0.870249
277.707	0.870021
277.609	0.869842
277.506	0.869636
277.401	0.86956
277.292	0.869269
277.191	0.869071
277.088	0.868931
276.98	0.868671
276.872	0.868498
276.77	0.868164
276.668	0.868047
276.573	0.868022
276.468	0.867719
276.366	0.867739
276.261	0.867374
276.163	0.867062
276.06	0.866815
275.957	0.866763
275.853	0.86657
275.752	0.866295
275.655	0.866089
275.549	0.865951
275.45	0.865811
275.348	0.865429
275.245	0.865337
275.144	0.865125
275.039	0.865006
274.935	0.864836
274.833	0.864444
274.73	0.864443
274.628	0.864287
274.524	0.863954
274.427	0.863764
274.315	0.863573
274.215	0.863454
274.113	0.863117
274.008	0.863054
273.905	0.86266
273.801	0.862591
273.697	0.862233
273.597	0.862136
273.491	0.861924
273.396	0.861745
273.298	0.861662
273.186	0.861422
273.084	0.8613
272.986	0.861025
272.879	0.860725
272.776	0.860689
272.676	0.860415
272.57	0.860236
272.472	0.860164
272.36	0.859958
272.257	0.859496
272.148	0.859401
272.048	0.859388
271.957	0.859019
271.849	0.858966
271.742	0.858627
271.639	0.858516
271.528	0.858401
271.424	0.858405
271.319	0.857892
271.225	0.857672
271.123	0.857669
271.016	0.857365
270.91	0.857308
270.803	0.856927
270.705	0.856927
270.6	0.856407
270.498	0.856386
270.399	0.856339
270.296	0.855903
270.196	0.85577
270.094	0.855907
269.989	0.855304
269.889	0.855338
269.784	0.855179
269.685	0.854858
269.58	0.854652
269.476	0.854673
269.377	0.854417
269.274	0.854026
269.169	0.85402
269.067	0.853852
268.966	0.853657
268.864	0.85336
268.758	0.853117
268.653	0.852863
268.549	0.852615
268.452	0.85254
268.348	0.852405
268.251	0.852255
268.142	0.852055
268.036	0.851945
267.937	0.851649
267.839	0.851425
267.735	0.851251
267.629	0.851173
267.527	0.850754
267.426	0.850747
267.326	0.850562
267.221	0.850369
267.119	0.850043
267.011	0.850035
266.907	0.849725
266.8	0.849609
266.7	0.849523
266.602	0.849325
266.501	0.849236
266.401	0.849002
266.297	0.848864
266.192	0.848459
266.085	0.848396
265.976	0.848058
265.871	0.848136
265.77	0.847741
265.666	0.847534
265.563	0.847429
265.463	0.84704
265.364	0.847026
265.259	0.846816
265.156	0.846522
265.056	0.846452
264.949	0.846312
264.845	0.846041
264.753	0.845823
264.647	0.845671
264.545	0.8455
264.443	0.845274
264.338	0.845179
264.237	0.84499
264.135	0.844765
264.032	0.844679
263.929	0.844422
263.828	0.844188
263.734	0.843936
263.633	0.844003
263.521	0.84368
263.42	0.843491
263.315	0.843376
263.206	0.843199
263.098	0.842867
262.993	0.842743
262.89	0.842382
262.787	0.842348
262.69	0.84222
262.588	0.842243
262.485	0.841829
262.379	0.84159
262.277	0.84152
262.176	0.84134
262.073	0.841239
261.969	0.840927
261.872	0.840727
261.766	0.840507
261.664	0.840402
261.558	0.840225
261.457	0.840059
261.352	0.839737
261.254	0.839789
261.148	0.83949
261.038	0.839486
260.938	0.839001
260.831	0.838902
260.732	0.838775
260.633	0.838524
260.529	0.838325
260.428	0.83825
260.321	0.837833
260.216	0.837806
260.115	0.837725
260.011	0.837356
259.911	0.837323
259.812	0.837039
259.707	0.836872
259.602	0.836649
259.495	0.836467
259.392	0.83652
259.293	0.836098
259.189	0.836081
259.087	0.835968
258.988	0.835766
258.888	0.835559
258.786	0.835196
258.678	0.835177
258.58	0.834938
258.473	0.834731
258.369	0.834483
258.268	0.834311
258.16	0.834288
258.06	0.833953
257.961	0.833796
257.853	0.833737
257.749	0.833551
257.654	0.833399
257.55	0.833189
257.45	0.833045
257.352	0.832689
257.253	0.832615
257.151	0.832242
257.039	0.832245
256.941	0.83213
256.837	0.831878
256.73	0.831701
256.632	0.831558
256.53	0.831369
256.431	0.831304
256.327	0.831167
256.22	0.830783
256.123	0.830662
256.019	0.830457
255.915	0.830383
255.816	0.830267
255.716	0.829977
255.618	0.829736
255.498	0.82956
255.392	0.82941
255.286	0.829219
255.192	0.829154
255.087	0.82895
254.986	0.828621
254.88	0.828569
254.776	0.828395
254.675	0.828275
254.569	0.827932
254.467	0.827828
254.367	0.827677
254.258	0.82746
254.16	0.827282
254.058	0.827095
253.96	0.826987
253.854	0.826767
253.744	0.826471
253.64	0.826475
253.539	0.8262
253.44	0.826113
253.335	0.826011
253.228	0.825626
253.131	0.825475
253.031	0.825379
252.924	0.825135
252.826	0.825047
252.719	0.82493
252.613	0.824757
252.516	0.824497
252.415	0.824225
252.31	0.82409
252.215	0.823933
252.113	0.823848
252.006	0.823811
251.904	0.823442
251.806	0.823086
251.703	0.823209
251.606	0.822849
251.506	0.822864
251.404	0.822447
251.296	0.82238
251.202	0.822114
251.098	0.822125
250.992	0.821815
250.887	0.821689
250.79	0.821478
250.689	0.821415
250.589	0.821327
250.49	0.821022
250.39	0.821038
250.289	0.820588
250.187	0.820533
250.088	0.820311
249.986	0.820081
249.885	0.81999
249.78	0.819729
249.673	0.819801
249.57	0.819531
249.474	0.819362
249.379	0.8192
249.274	0.818845
249.17	0.818836
249.064	0.818638
248.962	0.818367
248.858	0.818293
248.754	0.81807
248.656	0.817953
248.551	0.817899
248.451	0.817407
248.351	0.817504
248.247	0.817371
248.141	0.817058
248.043	0.816861
247.94	0.816566
247.836	0.816687
247.732	0.816422
247.63	0.816213
247.521	0.816044
247.424	0.815891
247.322	0.815834
247.215	0.815457
247.106	0.815382
246.998	0.815168
246.899	0.815062
246.795	0.8148
246.686	0.814681
246.581	0.814594
246.483	0.814493
246.375	0.814028
246.27	0.813958
246.171	0.813814
246.067	0.813736
245.963	0.813489
245.861	0.813237
245.757	0.813105
245.655	0.812741
245.552	0.812737
245.45	0.812575
245.351	0.812393
245.249	0.8124
245.147	0.81201
245.054	0.812021
244.949	0.811761
244.844	0.811631
244.744	0.811425
244.641	0.811272
244.541	0.811212
244.442	0.81096
244.338	0.810703
244.238	0.810567
244.137	0.810357
244.033	0.810368
243.927	0.810116
243.827	0.810006
243.722	0.80982
243.623	0.809648
243.518	0.809401
243.418	0.809279
243.31	0.809167
243.208	0.808906
243.101	0.808814
242.999	0.808801
242.899	0.808397
242.797	0.808206
242.694	0.808108
242.595	0.807822
242.486	0.807728
242.395	0.807599
242.291	0.807394
242.193	0.807275
242.127	0.807142
242.006	0.807108
241.896	0.80684
241.793	0.80671
241.692	0.806492
241.592	0.806325
241.492	0.806221
241.392	0.806017
241.286	0.80573
241.186	0.805533
241.082	0.805497
240.973	0.805268
240.868	0.80512
240.767	0.804989
240.674	0.804765
240.573	0.804621
240.46	0.804345
240.358	0.80431
240.253	0.804093
240.149	0.804017
240.047	0.803947
239.946	0.803686
239.839	0.803533
239.731	0.803375
239.628	0.803125
239.531	0.802946
239.426	0.802815
239.323	0.802559
239.222	0.80254
239.126	0.802353
239.028	0.802102
238.927	0.802014
238.826	0.80185
238.723	0.801534
238.617	0.801598
238.515	0.801443
238.415	0.801093
238.315	0.800832
238.21	0.800807
238.111	0.800552
238.005	0.800495
237.912	0.800406
237.809	0.800376
237.703	0.799834
237.602	0.799887
237.499	0.799743
237.399	0.799647
237.295	0.799406
237.193	0.799146
237.091	0.799067
236.99	0.798935
236.895	0.798513
236.792	0.79848
236.687	0.798352
236.585	0.79812
236.48	0.798054
236.378	0.797895
236.278	0.797779
236.179	0.797389
236.075	0.797451
235.979	0.797214
235.873	0.797024
235.773	0.796796
235.668	0.796867
235.571	0.796544
235.469	0.796557
235.369	0.796233
235.269	0.796118
235.162	0.795962
235.064	0.795777
234.963	0.795688
234.861	0.79546
234.763	0.795349
234.661	0.795221
234.55	0.795021
234.448	0.794914
234.348	0.794674
234.253	0.794417
234.149	0.794277
234.052	0.794116
233.944	0.794019
233.841	0.793794
233.737	0.793586
233.634	0.793619
233.532	0.793391
233.433	0.793206
233.329	0.792976
233.228	0.792817
233.125	0.792676
233.018	0.792709
232.917	0.792198
232.812	0.792144
232.714	0.791932
232.613	0.791808
232.512	0.791615
232.409	0.791689
232.314	0.791292
232.212	0.791386
232.111	0.791234
232.006	0.790924
231.909	0.790814
231.803	0.79071
231.7	0.790414
231.602	0.790193
231.498	0.790122
231.398	0.789905
231.297	0.789803
231.198	0.789622
231.096	0.789448
230.997	0.789338
230.893	0.789206
230.788	0.78908
230.687	0.788709
230.59	0.788673
230.486	0.788327
230.386	0.788296
230.282	0.788125
230.177	0.788088
230.075	0.787791
229.972	0.787697
229.868	0.787465
229.762	0.787386
229.658	0.787261
229.559	0.787047
229.457	0.787105
229.409	0.786706
229.304	0.786559
229.204	0.786492
229.103	0.786323
228.994	0.786075
228.89	0.786008
228.792	0.785692
228.695	0.785686
228.587	0.785581
228.485	0.785338
228.382	0.785172
228.284	0.785079
228.178	0.7848
228.08	0.78474
227.974	0.78455
227.871	0.784369
227.766	0.78426
227.663	0.784142
227.554	0.783856
227.454	0.783822
227.351	0.78357
227.252	0.783443
227.144	0.783338
227.046	0.783068
226.944	0.782951
226.842	0.782881
226.746	0.782671
226.644	0.782435
226.544	0.782257
226.439	0.782271
226.341	0.782065
226.237	0.781847
226.138	0.781719
226.04	0.781579
225.938	0.781251
225.836	0.781106
225.735	0.781159
225.631	0.780895
225.529	0.780706
225.426	0.780516
225.32	0.780288
225.219	0.78023
225.118	0.78011
225.016	0.779783
224.912	0.779802
224.811	0.779564
224.706	0.779427
224.606	0.779375
224.503	0.779109
224.401	0.778852
224.301	0.778706
224.201	0.778665
224.093	0.778415
223.987	0.77834
223.886	0.778065
223.782	0.777889
223.683	0.777789
223.582	0.777659
223.477	0.77756
223.377	0.777315
223.279	0.777157
223.175	0.776869
223.074	0.776788
222.97	0.776749
222.863	0.776489
222.766	0.776294
222.665	0.776208
222.564	0.776005
222.464	0.775947
222.357	0.775671
222.257	0.775374
222.157	0.775338
222.055	0.775312
221.953	0.775158
221.854	0.774862
221.752	0.77481
221.651	0.774496
221.551	0.774508
221.45	0.774267
221.345	0.77403
221.244	0.774127
221.138	0.773912
221.04	0.773723
220.937	0.773358
220.834	0.773324
220.73	0.773229
220.627	0.772957
220.522	0.772793
220.415	0.772616
220.311	0.772676
220.203	0.77253
220.101	0.772218
220.002	0.772102
219.903	0.771829
219.798	0.771704
219.702	0.771691
219.595	0.771376
219.491	0.771352
219.388	0.770987
219.288	0.770856
219.187	0.770718
219.09	0.770742
218.989	0.77036
218.887	0.770347
218.786	0.770187
218.68	0.769973
218.576	0.769882
218.472	0.769761
218.374	0.76951
218.268	0.769194
218.161	0.769174
218.06	0.769021
217.959	0.768967
217.856	0.768691
217.751	0.768543
217.652	0.768504
217.554	0.768184
217.453	0.768105
217.387	0.767992
217.269	0.767795
217.173	0.767542
217.075	0.767586
216.971	0.767197
216.873	0.767187
216.771	0.76695
216.67	0.767028
216.564	0.766723
216.462	0.766516
216.363	0.766259
216.262	0.766207
216.164	0.766139
216.061	0.766
215.958	0.765681
215.857	0.765716
215.753	0.765421
215.649	0.765411
215.542	0.765142
215.443	0.765123
215.344	0.764667
215.243	0.764454
215.14	0.764553
215.032	0.764379
214.932	0.764318
214.828	0.763789
214.722	0.76385
214.623	0.763721
214.517	0.763645
214.416	0.763606
214.313	0.763287
214.211	0.763162
214.108	0.763009
214.006	0.762843
213.905	0.762484
213.801	0.762352
213.696	0.762424
213.598	0.7621
213.501	0.761974
213.403	0.761767
213.297	0.761683
213.195	0.76142
213.094	0.76124
212.99	0.761201
212.887	0.761043
212.785	0.760846
212.686	0.760963
212.585	0.760574
212.485	0.760534
212.386	0.760153
212.282	0.760184
212.18	0.759809
212.075	0.759804
211.975	0.759627
211.876	0.759471
211.778	0.75951
211.671	0.759126
211.57	0.759017
211.47	0.758769
211.367	0.758733
211.267	0.758681
211.165	0.75833
211.061	0.75833
210.96	0.758135
210.858	0.758005
210.757	0.757644
210.651	0.757509
210.55	0.757403
210.446	0.757222
210.345	0.75706
210.247	0.756965
210.145	0.756863
210.037	0.756533
209.934	0.756645
209.825	0.756248
209.728	0.756079
209.623	0.755985
209.524	0.755894
209.42	0.755848
209.317	0.755496
209.215	0.755424
209.112	0.755263
209.009	0.755019
208.906	0.754871
208.805	0.754754
208.706	0.754387
208.598	0.754364
208.5	0.754205
208.4	0.75415
208.3	0.753953
208.203	0.753796
208.096	0.753695
207.991	0.753459
207.893	0.75339
207.791	0.753113
207.688	0.753139
207.59	0.752729
207.491	0.752831
207.389	0.752441
207.292	0.75257
207.19	0.752325
207.092	0.752151
206.989	0.751969
206.887	0.751736
206.784	0.75159
206.68	0.751379
206.576	0.751283
206.474	0.750984
206.371	0.750845
206.272	0.750756
206.167	0.750594
206.067	0.750223
205.999	0.750422
205.9	0.750263
205.799	0.749903
205.699	0.749843
205.599	0.749663
205.5	0.749446
205.397	0.749293
205.294	0.749113
205.197	0.748934
205.093	0.748632
204.99	0.748707
204.889	0.748577
204.789	0.748426
204.693	0.748328
204.589	0.748138
204.487	0.748062
204.385	0.747725
204.287	0.747683
204.185	0.747316
204.085	0.747277
203.98	0.747181
203.875	0.747038
203.773	0.746784
203.677	0.746663
203.573	0.746387
203.469	0.746186
203.366	0.746191
203.268	0.745796
203.161	0.745624
203.057	0.745445
202.956	0.745353
202.854	0.745332
202.75	0.74498
202.65	0.744855
202.544	0.744769
202.446	0.744465
202.338	0.744408
202.239	0.744169
202.134	0.74415
202.035	0.744059
201.933	0.743849
201.83	0.743675
201.731	0.743399
201.628	0.743448
201.523	0.743251
201.423	0.742897
201.316	0.742908
201.218	0.742664
201.116	0.742546
201.014	0.742374
200.911	0.742268
200.811	0.742104
200.71	0.742053
200.608	0.741775
200.509	0.741634
200.405	0.741588
200.301	0.74119
200.203	0.741306
200.102	0.741077
199.999	0.740938
199.895	0.740734
199.794	0.740682
199.692	0.740483
199.586	0.740287
199.485	0.740097
199.384	0.739945
199.275	0.739787
199.171	0.739597
199.068	0.739432
198.965	0.73934
198.858	0.739196
198.757	0.73905
198.654	0.738652
198.553	0.738765
198.453	0.738681
198.351	0.738509
198.25	0.738333
198.151	0.738112
198.045	0.737818
197.942	0.737855
197.842	0.73761
197.738	0.737491
197.639	0.737288
197.541	0.73728
197.444	0.737221
197.34	0.736927
197.237	0.736744
197.136	0.736594
197.035	0.736425
196.931	0.736152
196.829	0.736146
196.731	0.736015
196.629	0.735847
196.522	0.735661
196.418	0.735537
196.319	0.735321
196.215	0.735114
196.116	0.735086
196.011	0.735037
195.913	0.734759
195.808	0.734485
195.709	0.734583
195.609	0.734275
195.502	0.734143
195.402	0.73388
195.299	0.733707
195.197	0.733646
195.027	0.733445
194.927	0.733244
194.824	0.733137
194.721	0.732745
194.622	0.732831
194.52	0.732749
194.417	0.732635
194.314	0.732184
194.212	0.732226
194.113	0.732066
194.013	0.731841
193.907	0.731777
193.806	0.731526
193.706	0.73146
193.606	0.731174
193.504	0.730979
193.404	0.730951
193.303	0.730828
193.195	0.730748
193.092	0.730342
192.988	0.730436
192.886	0.730269
192.775	0.729913
192.681	0.729877
192.578	0.72996
192.476	0.729602
192.376	0.729441
192.27	0.729311
192.173	0.729201
192.07	0.728829
191.968	0.728922
191.862	0.728749
191.761	0.728584
191.658	0.728449
191.558	0.728377
191.456	0.72826
191.351	0.727979
191.253	0.728036
191.153	0.727657
191.051	0.727598
190.947	0.727533
190.846	0.727264
190.746	0.72706
190.639	0.727041
190.539	0.726888
190.436	0.72655
190.336	0.726594
190.233	0.72648
190.13	0.726336
190.029	0.726301
189.927	0.725976
189.821	0.725706
189.721	0.725669
189.623	0.725487
189.521	0.725317
189.418	0.725183
189.318	0.725102
189.216	0.724844
189.112	0.724712
189.013	0.724691
188.91	0.724426
188.806	0.724426
188.71	0.72428
188.606	0.724078
188.505	0.72376
188.401	0.723886
188.3	0.723755
188.196	0.723445
188.099	0.723212
187.994	0.723298
187.894	0.722984
187.791	0.722872
187.69	0.722591
187.585	0.722511
187.487	0.722375
187.383	0.722121
187.285	0.722034
187.182	0.721936
187.082	0.721772
186.981	0.721733
186.881	0.721543
186.777	0.721385
186.683	0.721205
186.58	0.721065
186.476	0.720891
186.374	0.720684
186.272	0.720638
186.168	0.720592
186.065	0.720117
185.963	0.719961
185.86	0.719838
185.756	0.719752
185.656	0.719722
185.55	0.719571
185.447	0.719339
185.345	0.719303
185.241	0.719092
185.142	0.71887
185.038	0.718825
184.962	0.718529
184.863	0.718603
184.764	0.718398
184.66	0.71817
184.56	0.717891
184.454	0.71794
184.351	0.71766
184.25	0.717488
184.152	0.717376
184.048	0.717368
183.944	0.7171
183.842	0.717077
183.738	0.716963
183.637	0.716633
183.535	0.716593
183.43	0.716373
183.327	0.716292
183.226	0.716111
183.121	0.715986
183.023	0.715796
182.92	0.71575
182.818	0.715505
182.721	0.715355
182.617	0.71518
182.511	0.715074
182.407	0.714837
182.313	0.714712
182.208	0.714556
182.108	0.714486
182.002	0.714411
181.904	0.714021
181.799	0.714086
181.695	0.713979
181.597	0.71374
181.496	0.713516
181.393	0.713341
181.288	0.713236
181.183	0.713085
181.08	0.71302
180.976	0.712898
180.878	0.712763
180.776	0.712469
180.679	0.712384
180.573	0.712303
180.469	0.712123
180.37	0.712069
180.262	0.711868
180.162	0.711741
180.057	0.71164
179.957	0.711346
179.855	0.711211
179.749	0.710914
179.645	0.711011
179.544	0.710808
179.439	0.710613
179.34	0.710561
179.24	0.710348
179.138	0.710112
179.038	0.710186
178.931	0.710068
178.829	0.709664
178.725	0.709636
178.624	0.709595
178.519	0.709478
178.416	0.709308
178.315	0.708921
178.209	0.708957
178.105	0.708832
178.003	0.708781
177.905	0.708585
177.8	0.708466
177.7	0.708271
177.593	0.70818
177.494	0.707894
177.395	0.707884
177.296	0.707666
177.191	0.707767
177.087	0.707387
176.984	0.70721
176.881	0.707201
176.777	0.707008
176.679	0.706893
176.575	0.706766
176.473	0.706465
176.372	0.706627
176.273	0.70626
176.171	0.706226
176.069	0.706143
175.968	0.706057
175.864	0.705834
175.763	0.705667
175.662	0.705664
175.562	0.705412
175.461	0.705325
175.36	0.705167
175.255	0.705038
175.152	0.704728
175.047	0.704798
174.949	0.704598
174.844	0.704511
174.742	0.704252
174.638	0.704081
174.537	0.703905
174.432	0.703956
174.328	0.703507
174.23	0.703709
174.128	0.703399
174.026	0.703428
173.923	0.703141
173.819	0.702994
173.717	0.702908
173.617	0.702634
173.517	0.702719
173.417	0.702417
173.317	0.702365
173.213	0.702115
173.111	0.70214
173.01	0.70188
172.909	0.701841
172.806	0.701691
172.705	0.70151
172.606	0.701463
172.499	0.70124
172.395	0.701013
172.296	0.70112
172.196	0.700837
172.097	0.700756
171.994	0.700507
171.893	0.700374
171.788	0.700177
171.689	0.700044
171.587	0.700151
171.483	0.699878
171.379	0.699667
171.276	0.699766
171.179	0.699451
171.074	0.699296
170.973	0.699212
170.869	0.698897
170.77	0.698869
170.665	0.698627
170.566	0.69856
170.461	0.698425
170.36	0.698427
170.257	0.69817
170.155	0.698139
170.052	0.698029
169.947	0.697982
169.842	0.697663
169.736	0.697517
169.63	0.697595
169.532	0.697452
169.428	0.697348
169.324	0.696865
169.219	0.696898
169.116	0.696654
169.015	0.696576
168.91	0.696616
168.813	0.696379
168.712	0.696075
168.61	0.695963
168.51	0.696166
168.41	0.695797
168.302	0.695703
168.202	0.695477
168.105	0.695448
167.999	0.695228
167.898	0.695146
167.796	0.694935
167.689	0.694965
167.582	0.694837
167.476	0.694694
167.372	0.694645
167.273	0.694323
167.17	0.694167
167.062	0.694204
166.961	0.694027
166.856	0.693791
166.753	0.693585
166.654	0.693551
166.549	0.693639
166.449	0.693314
166.348	0.693207
166.244	0.693124
166.137	0.693026
166.036	0.692868
165.944	0.692755
165.841	0.692625
165.735	0.692407
165.635	0.692337
165.535	0.692161
165.432	0.692121
165.329	0.691805
165.222	0.691847
165.116	0.691609
165.016	0.691651
164.915	0.691466
164.81	0.69125
164.705	0.691019
164.599	0.690845
164.496	0.690912
164.395	0.690621
164.293	0.690471
164.189	0.690335
164.083	0.690209
163.979	0.690026
163.873	0.689999
163.767	0.689839
163.664	0.689745
163.562	0.689711
163.459	0.689522
163.356	0.689293
163.254	0.689067
163.15	0.688944
163.044	0.688846
162.943	0.688732
162.839	0.688619
162.733	0.688545
162.635	0.688322
162.533	0.688141
162.425	0.688012
162.321	0.687747
162.219	0.687814
162.124	0.687607
162.018	0.687598
161.913	0.687534
161.809	0.687354
161.704	0.687157
161.598	0.686928
161.492	0.686925
161.388	0.686685
161.283	0.686692
161.178	0.686422
161.075	0.686471
160.97	0.686257
160.861	0.686023
160.757	0.685803
160.653	0.68574
160.548	0.6856
160.444	0.685574
160.339	0.685198
160.238	0.685036
160.137	0.684999
160.038	0.68495
159.932	0.684864
159.829	0.684664
159.722	0.684513
159.622	0.684341
159.513	0.684175
159.411	0.684136
159.309	0.68406
159.206	0.684073
159.101	0.683793
158.995	0.683697
158.897	0.683518
158.791	0.683331
158.684	0.683297
158.58	0.683117
158.474	0.682943
158.368	0.682914
158.268	0.682709
158.166	0.682485
158.064	0.682424
157.958	0.682413
157.857	0.682273
157.747	0.682119
157.639	0.681998
157.534	0.681872
157.432	0.681672
157.328	0.68156
157.226	0.681259
157.124	0.681303
157.021	0.681227
156.914	0.681004
156.809	0.680825
156.702	0.680508
156.605	0.680627
156.506	0.680482
156.401	0.680287
156.298	0.680161
156.191	0.680016
156.086	0.679905
155.982	0.679665
155.881	0.679722
155.779	0.679444
155.677	0.679392
155.575	0.679356
155.475	0.679193
155.37	0.67908
155.268	0.678964
155.163	0.678764
155.058	0.678595
154.956	0.678495
154.856	0.678409
154.75	0.678234
154.646	0.677991
154.545	0.678051
154.435	0.677927
154.335	0.677757
154.236	0.677573
154.128	0.677555
154.021	0.677455
153.918	0.677258
153.811	0.677006
153.703	0.67692
153.606	0.676861
153.501	0.676535
153.401	0.676533
153.294	0.67631
153.191	0.6763
153.091	0.676083
152.987	0.676216
152.883	0.676089
152.78	0.675969
152.675	0.675945
152.573	0.675662
152.47	0.67571
152.364	0.675764
152.262	0.6756
152.157	0.675346
152.053	0.675184
151.946	0.675038
151.842	0.675002
151.734	0.674804
151.631	0.674765
151.523	0.674591
151.417	0.674524
151.315	0.674087
151.216	0.67419
151.109	0.674113
151.004	0.6739
150.898	0.673707
150.789	0.673699
150.691	0.673628
150.585	0.673372
150.48	0.673252
150.376	0.673233
150.267	0.672961
150.162	0.672652
150.058	0.672857
149.958	0.672618
149.85	0.672645
149.749	0.672473
149.649	0.672296
149.542	0.672096
149.438	0.671991
149.331	0.67175
149.225	0.671709
149.115	0.671527
149.01	0.671465
148.905	0.671357
148.797	0.671276
148.695	0.671092
148.591	0.670915
148.482	0.670772
148.379	0.670692
148.276	0.670486
148.175	0.670224
148.071	0.670219
147.965	0.670026
147.86	0.669936
147.755	0.669668
147.65	0.669655
147.547	0.669385
147.444	0.669481
147.338	0.669195
147.233	0.669169
147.128	0.668981
147.024	0.66896
146.917	0.668664
146.814	0.668574
146.714	0.668623
146.608	0.668292
146.503	0.668157
146.397	0.668174
146.289	0.668077
146.187	0.667887
146.078	0.667713
145.971	0.667482
145.868	0.667292
145.764	0.668056
145.66	0.667996
145.558	0.667768
145.451	0.667734
145.347	0.667755
145.244	0.66764
145.136	0.667495
145.032	0.667272
144.929	0.667115
144.825	0.667213
144.72	0.667113
144.617	0.666894
144.516	0.666842
144.407	0.666666
144.297	0.666692
144.194	0.666528
144.09	0.666353
143.988	0.666254
143.882	0.66619
143.776	0.666239
143.671	0.666091
143.571	0.665903
143.465	0.665662
143.359	0.665618
143.255	0.665602
143.15	0.665376
143.043	0.6654
142.94	0.665114
142.833	0.664957
142.731	0.664913
142.627	0.664942
142.526	0.664773
142.419	0.664521
142.316	0.664569
142.207	0.664545
142.103	0.664285
142	0.664183
141.896	0.66404
141.793	0.663821
141.688	0.663729
141.586	0.663595
141.478	0.663343
141.374	0.663398
141.266	0.663124
141.162	0.66314
141.058	0.66279
140.953	0.662802
140.847	0.662834
140.735	0.662675
140.637	0.662493
140.532	0.662486
140.426	0.662272
140.317	0.662181
140.212	0.66208
140.107	0.661916
140.004	0.661755
139.896	0.661528
139.79	0.661453
139.693	0.661284
139.59	0.661108
139.484	0.6611
139.377	0.661076
139.273	0.66103
139.17	0.660801
139.066	0.66051
138.96	0.660349
138.86	0.66056
138.755	0.660307
138.652	0.660162
138.548	0.659931
138.443	0.659907
138.333	0.659764
138.227	0.659736
138.123	0.659319
138.017	0.659283
137.911	0.659303
137.805	0.658999
137.699	0.658877
137.594	0.658828
137.488	0.658602
137.384	0.658537
137.276	0.658342
137.175	0.658448
137.073	0.658266
136.966	0.657996
136.86	0.658056
136.756	0.657905
136.648	0.657843
136.543	0.657628
136.437	0.657282
136.336	0.657068
136.23	0.657258
136.128	0.656023
136.028	0.655997
135.923	0.655833
135.819	0.655654
135.718	0.655462
135.61	0.65521
135.505	0.655152
135.401	0.655052
135.296	0.654968
135.189	0.654909
135.086	0.654773
134.979	0.654422
134.871	0.654503
134.769	0.654243
134.665	0.654133
134.558	0.654097
134.453	0.653908
134.349	0.653754
134.246	0.653767
134.139	0.653675
134.038	0.653496
133.933	0.653406
133.829	0.653384
133.72	0.65306
133.616	0.65305
133.507	0.65267
133.403	0.652667
133.297	0.652545
133.195	0.652475
133.09	0.652387
132.985	0.652399
132.881	0.652137
132.78	0.652057
132.674	0.652015
132.567	0.651705
132.462	0.651674
132.36	0.65157
132.252	0.651515
132.15	0.651385
132.042	0.651266
131.941	0.651282
131.838	0.651058
131.734	0.6511
131.632	0.650942
131.525	0.650832
131.415	0.650601
131.308	0.65039
131.203	0.650307
131.096	0.650054
130.992	0.650011
130.886	0.649961
130.783	0.649966
130.679	0.649725
130.573	0.649533
130.469	0.64946
130.365	0.649493
130.26	0.649233
130.155	0.649216
130.05	0.649076
129.946	0.648817
129.842	0.648695
129.736	0.648459
129.632	0.648633
129.531	0.648396
129.426	0.648314
129.322	0.648173
129.219	0.648152
129.114	0.647942
129.011	0.647832
128.903	0.647739
128.8	0.647513
128.692	0.647588
128.59	0.647341
128.485	0.647125
128.378	0.647151
128.272	0.647198
128.167	0.646908
128.06	0.646846
127.959	0.646588
127.857	0.646579
127.75	0.646408
127.644	0.646301
127.537	0.646304
127.433	0.646358
127.329	0.645945
127.222	0.64588
127.118	0.645761
127.01	0.645644
126.903	0.64558
126.796	0.645234
126.69	0.645145
126.583	0.645069
126.483	0.645012
126.379	0.644953
126.274	0.64474
126.174	0.644801
126.068	0.644539
125.964	0.644419
125.859	0.644333
125.756	0.644258
125.657	0.644126
125.551	0.643891
125.448	0.643734
125.339	0.643674
125.232	0.643572
125.13	0.643417
125.027	0.643432
124.919	0.643411
124.815	0.64314
124.706	0.643046
124.6	0.642953
124.501	0.642694
124.394	0.642626
124.292	0.642595
124.185	0.642428
124.086	0.642384
123.976	0.642153
123.872	0.642179
123.766	0.642054
123.66	0.64182
123.558	0.64167
123.455	0.641743
123.35	0.641662
123.242	0.641474
123.138	0.641173
123.035	0.641056
122.929	0.641128
122.823	0.641004
122.719	0.640817
122.613	0.6407
122.507	0.64043
122.405	0.640474
122.3	0.640292
122.198	0.640196
122.09	0.640235
121.989	0.639953
121.887	0.64008
121.785	0.639626
121.678	0.63961
121.579	0.639569
121.474	0.639394
121.368	0.639294
121.264	0.63933
121.162	0.639117
121.059	0.63888
120.952	0.638843
120.847	0.638804
120.741	0.638566
120.635	0.638501
120.533	0.638352
120.429	0.638215
120.324	0.638217
120.219	0.637973
120.113	0.637961
120.01	0.637835
119.905	0.637619
119.798	0.637539
119.697	0.637375
119.591	0.637211
119.485	0.637193
119.379	0.637085
119.275	0.637061
119.171	0.636959
119.067	0.636884
118.963	0.636432
118.863	0.636627
118.756	0.636369
118.652	0.636187
118.546	0.636148
118.442	0.635917
118.335	0.636018
118.233	0.635818
118.124	0.635593
118.022	0.63554
117.918	0.635688
117.811	0.635446
117.707	0.635358
117.604	0.635272
117.5	0.635061
117.395	0.634773
117.293	0.63477
117.186	0.634732
117.083	0.634482
116.977	0.634433
116.87	0.634282
116.765	0.634274
116.658	0.63406
116.554	0.634032
116.452	0.634032
116.344	0.633814
116.239	0.633723
116.138	0.633507
116.035	0.633426
115.929	0.633312
115.824	0.633191
115.719	0.63312
115.617	0.63293
115.508	0.632992
115.403	0.632625
115.296	0.632551
115.192	0.632576
115.084	0.632455
114.976	0.632499
114.875	0.632179
114.775	0.631934
114.67	0.631913
114.566	0.631721
114.461	0.631643
114.353	0.631815
114.252	0.631436
114.15	0.631381
114.049	0.631447
113.944	0.631199
113.842	0.631035
113.735	0.631124
113.631	0.630843
113.524	0.630796
113.421	0.6307
113.315	0.630385
113.208	0.630326
113.105	0.630245
113.002	0.630227
112.895	0.630121
112.79	0.630017
112.686	0.630074
112.58	0.62959
112.476	0.629609
112.356	0.62966
112.266	0.629551
112.157	0.62941
112.05	0.629184
111.945	0.62886
111.84	0.629036
111.738	0.628678
111.635	0.628722
111.53	0.628483
111.427	0.628571
111.325	0.628493
111.222	0.62841
111.116	0.628219
111.01	0.628127
110.902	0.628026
110.799	0.627987
110.693	0.627707
110.587	0.6275
110.482	0.627563
110.379	0.627333
110.273	0.627255
110.167	0.627167
110.059	0.627131
109.951	0.626993
109.85	0.6269
109.746	0.626873
109.645	0.626702
109.536	0.626725
109.431	0.626505
109.326	0.626403
109.224	0.626136
109.123	0.626045
109.018	0.625879
108.917	0.62592
108.811	0.625855
108.707	0.625545
108.599	0.625498
108.494	0.625368
108.387	0.625577
108.282	0.625293
108.179	0.625187
108.075	0.625023
107.971	0.624885
107.864	0.624718
107.762	0.624622
107.655	0.624625
107.549	0.624526
107.448	0.624246
107.345	0.624272
107.24	0.624106
107.134	0.624038
107.031	0.623934
106.926	0.623913
106.822	0.623723
106.715	0.623794
106.609	0.623656
106.5	0.623315
106.394	0.623278
106.286	0.623141
106.184	0.622926
106.08	0.622848
105.972	0.622903
105.871	0.622832
105.766	0.622575
105.662	0.622489
105.557	0.622468
105.45	0.6224
105.346	0.622257
105.245	0.622174
105.14	0.621945
105.031	0.621838
104.93	0.621925
104.822	0.621732
104.716	0.621714
104.609	0.621486
104.502	0.621381
104.398	0.621254
104.294	0.621023
104.19	0.621109
104.084	0.621151
103.98	0.620833
103.871	0.620807
103.766	0.620635
103.658	0.620456
103.555	0.620373
103.454	0.620263
103.35	0.620102
103.245	0.620152
103.141	0.620095
103.033	0.619853
102.927	0.619881
102.824	0.619716
102.716	0.619616
102.613	0.61963
102.51	0.619201
102.407	0.619337
102.301	0.619307
102.198	0.618982
102.093	0.619055
101.987	0.618787
101.881	0.618636
101.778	0.618488
101.675	0.618641
101.57	0.618361
101.465	0.618311
101.359	0.618485
101.256	0.618293
101.152	0.617969
101.049	0.617888
100.941	0.617732
100.841	0.617807
100.735	0.617496
100.629	0.61744
100.526	0.617446
100.42	0.617423
100.313	0.617118
100.207	0.617272
100.118	0.617074
100.014	0.616967
99.9092	0.616885
99.8035	0.616645
99.702	0.616707
99.5965	0.616559
99.4902	0.616414
99.3842	0.616297
99.2824	0.616185
99.1775	0.616141
99.0711	0.616014
98.9691	0.615676
98.8619	0.615887
98.7613	0.615811
98.6547	0.615728
98.5519	0.615606
98.4489	0.615216
98.3472	0.615285
98.2413	0.615184
98.1406	0.615093
98.0384	0.61497
97.9356	0.615056
97.8289	0.614837
97.7221	0.614719
97.617	0.614381
97.511	0.614664
97.41	0.614579
97.3044	0.614174
97.2028	0.614216
97.097	0.614351
96.9904	0.614038
96.8885	0.613893
96.7842	0.613872
96.6776	0.613832
96.5741	0.613642
96.4715	0.613422
96.3674	0.61342
96.2613	0.613378
96.1595	0.61335
96.054	0.613053
95.9511	0.613115
95.8419	0.613152
95.7344	0.612858
95.631	0.612803
95.5244	0.612785
95.4194	0.612621
95.317	0.612309
95.2118	0.612356
95.1051	0.612382
94.9966	0.612146
94.8894	0.612263
94.7876	0.612161
94.68	0.611888
94.5779	0.611694
94.4724	0.611821
94.3679	0.611551
94.265	0.611589
94.1625	0.611509
94.0586	0.611212
93.9544	0.611088
93.8493	0.611234
93.7469	0.611015
93.6411	0.610778
93.542	0.610799
93.4365	0.610526
93.3292	0.610745
93.2267	0.610579
93.1214	0.610472
93.0192	0.61044
92.9127	0.610193
92.8054	0.610253
92.7038	0.610086
92.599	0.610097
92.4919	0.609665
92.389	0.609812
92.2828	0.609664
92.1745	0.609526
92.0754	0.609541
91.972	0.609531
91.8673	0.609323
91.7631	0.609017
91.6583	0.609055
91.5515	0.608995
91.4499	0.608753
91.3436	0.608901
91.2413	0.608788
91.1352	0.608655
91.0297	0.608434
90.9249	0.608385
90.8183	0.608437
90.7152	0.608171
90.6087	0.608124
90.5082	0.60796
90.407	0.608065
90.3036	0.607925
90.1993	0.607728
90.0957	0.607407
89.99	0.607579
89.8865	0.607628
89.7817	0.607438
89.6787	0.607254
89.578	0.607241
89.4711	0.60711
89.3684	0.606965
89.261	0.606986
89.1532	0.606667
89.0679	0.606903
88.9637	0.606643
88.8589	0.606614
88.7548	0.606497
88.6494	0.60637
88.5459	0.606334
88.4452	0.606024
88.3381	0.606149
88.2331	0.606029
88.1314	0.605941
88.0241	0.606023
87.9167	0.605663
87.8133	0.605845
87.7073	0.605686
87.6082	0.605525
87.5029	0.605454
87.4004	0.605299
87.2937	0.605141
87.1872	0.60502
87.0831	0.605052
86.9784	0.605003
86.8737	0.604901
86.773	0.60485
86.6684	0.604681
86.5679	0.604644
86.4603	0.604509
86.3567	0.604495
86.2508	0.604409
86.1475	0.604254
86.0402	0.604306
85.9409	0.603903
85.8377	0.603885
85.7314	0.603844
85.6296	0.603799
85.5264	0.603729
85.4189	0.603584
85.3155	0.603378
85.2106	0.603433
85.1057	0.603506
85.0004	0.603267
84.8954	0.603183
84.7936	0.602962
84.6876	0.603006
84.5834	0.602835
84.4774	0.602845
84.3756	0.602707
84.2741	0.602494
84.1664	0.602484
84.06	0.602295
83.9566	0.602265
83.8526	0.602117
83.7491	0.602257
83.6464	0.601933
83.5419	0.602055
83.4391	0.601985
83.3338	0.601771
83.2272	0.601797
83.1228	0.601634
83.0206	0.601608
82.9165	0.601543
82.8096	0.601405
82.7084	0.601444
82.602	0.601337
82.4981	0.601213
82.3944	0.600985
82.2891	0.600849
82.1818	0.600669
82.0796	0.600955
81.9729	0.600678
81.8694	0.60051
81.7671	0.600487
81.6599	0.60035
81.555	0.60028
81.4503	0.600298
81.346	0.600162
81.242	0.600038
81.1362	0.600031
81.0347	0.599906
80.9287	0.599765
80.8243	0.59971
80.719	0.599698
80.6174	0.59963
80.5098	0.59948
80.4046	0.599433
80.2964	0.59923
80.1937	0.599397
80.0877	0.599116
79.9873	0.598933
79.8836	0.599037
79.7807	0.598839
79.678	0.598741
79.5751	0.598598
79.4738	0.598735
79.3708	0.598481
79.2658	0.598395
79.1645	0.598255
79.0888	0.598302
78.9848	0.598278
78.8836	0.598128
78.7765	0.597987
78.6734	0.598005
78.5708	0.597982
78.4668	0.597615
78.3622	0.597722
78.2555	0.597642
78.1503	0.597553
78.0445	0.597473
77.94	0.597319
77.8369	0.597293
77.7358	0.597155
77.6293	0.597153
77.5261	0.597259
77.4195	0.596973
77.3131	0.596914
77.2113	0.596871
77.1083	0.596827
77.0023	0.59668
76.8992	0.596531
76.7946	0.596578
76.6886	0.596234
76.5839	0.596209
76.48	0.596232
76.3727	0.596144
76.2688	0.596115
76.163	0.595952
76.0577	0.595749
75.9565	0.595892
75.8514	0.59565
75.7489	0.59571
75.644	0.595658
75.5415	0.595549
75.4369	0.595398
75.3353	0.595384
75.2308	0.595344
75.1242	0.595149
75.0209	0.595021
74.9171	0.594948
74.8136	0.594878
74.7096	0.594826
74.6049	0.594852
74.49	0.594776
74.3943	0.5946
74.2857	0.594329
74.1813	0.594354
74.0771	0.594197
73.9723	0.594236
73.8696	0.594242
73.7651	0.594097
73.6589	0.594021
73.5551	0.594093
73.4507	0.593747
73.3461	0.593692
73.2453	0.593645
73.1381	0.593618
73.0339	0.593449
72.9291	0.593454
72.8205	0.593324
72.7157	0.593116
72.6085	0.593316
72.5027	0.593102
72.3946	0.593027
72.2929	0.592964
72.1873	0.592921
72.0846	0.592682
71.9798	0.592897
71.8721	0.592645
71.7694	0.592458
71.6676	0.59256
71.561	0.592385
71.4558	0.592195
71.3542	0.592225
71.2483	0.592183
71.144	0.592128
71.0398	0.591954
70.9364	0.591972
70.8312	0.591901
70.7273	0.591787
70.6225	0.591805
70.5169	0.591559
70.4128	0.591527
70.3089	0.591491
70.2052	0.591359
70.1035	0.591434
70.0006	0.59139
69.8956	0.591305
69.7887	0.591049
69.685	0.590948
69.5821	0.590808
69.4783	0.590852
69.3737	0.590704
69.2696	0.590644
69.1625	0.590685
69.0596	0.590711
68.9547	0.590506
68.8542	0.59036
68.7506	0.590389
68.6453	0.590282
68.5436	0.590101
68.4406	0.590103
68.3353	0.589989
68.2326	0.590055
68.1262	0.589955
68.0217	0.589887
67.9184	0.589836
67.8137	0.589698
67.7093	0.589728
67.6048	0.589572
67.499	0.589492
67.3952	0.589421
67.2911	0.589238
67.1859	0.589274
67.0821	0.589231
66.9772	0.589155
66.8737	0.58897
66.7673	0.589009
66.6604	0.588697
66.5553	0.588916
66.4526	0.588783
66.3508	0.588484
66.2477	0.588658
66.1419	0.588551
66.0385	0.588502
65.9449	0.588429
65.8403	0.588338
65.7347	0.58811
65.6323	0.588253
65.5288	0.588211
65.4252	0.587988
65.3188	0.588021
65.2156	0.587769
65.1115	0.587909
65.0054	0.587752
64.9046	0.587621
64.8009	0.587746
64.6976	0.587441
64.595	0.587488
64.4892	0.58726
64.3853	0.58741
64.2813	0.587343
64.1787	0.587114
64.0734	0.587176
63.9671	0.587083
63.8634	0.58707
63.7589	0.586837
63.6549	0.586947
63.5517	0.586732
63.4463	0.586643
63.3391	0.586607
63.2354	0.586691
63.1319	0.586649
63.0288	0.586465
62.9239	0.586462
62.8219	0.58647
62.7182	0.586355
62.6109	0.586119
62.5062	0.586127
62.4033	0.586153
62.2956	0.585862
62.1907	0.585997
62.0856	0.585908
61.9936	0.585827
61.8929	0.585796
61.7862	0.585851
61.6841	0.58564
61.5786	0.585635
61.4765	0.585467
61.3726	0.585313
61.2703	0.585318
61.1635	0.585219
61.06	0.58511
60.9563	0.585144
60.8542	0.585014
60.7491	0.584967
60.6455	0.584944
60.5412	0.584723
60.4349	0.584772
60.3322	0.584777
60.2303	0.584591
60.1268	0.584668
60.021	0.584479
59.9187	0.584554
59.8123	0.584273
59.7116	0.584431
59.607	0.584556
59.5039	0.584328
59.3987	0.584286
59.2937	0.584211
59.189	0.584081
59.083	0.583995
58.9785	0.584008
58.8756	0.583858
58.7711	0.583845
58.6673	0.583605
58.563	0.5836
58.4572	0.583579
58.3572	0.583532
58.2492	0.583425
58.1438	0.583345
58.04	0.583325
57.9382	0.583276
57.8343	0.583141
57.7303	0.582997
57.6241	0.583088
57.5174	0.582984
57.4129	0.582961
57.3077	0.582785
57.2019	0.582818
57.0983	0.582713
56.9924	0.582731
56.8897	0.582498
56.7832	0.582495
56.6781	0.582537
56.5733	0.582371
56.4688	0.582474
56.3619	0.582191
56.2552	0.582225
56.15	0.582009
56.0431	0.582225
55.9421	0.582111
55.8381	0.582009
55.7357	0.58197
55.6347	0.582006
55.5324	0.581887
55.4291	0.581894
55.3268	0.581764
55.2221	0.581655
55.1178	0.581824
55.012	0.58163
54.9046	0.581553
54.8017	0.581556
54.698	0.58145
54.5923	0.581227
54.4844	0.58138
54.378	0.581245
54.2745	0.581318
54.1686	0.581222
54.0622	0.581247
53.9548	0.581028
53.8526	0.580915
53.7472	0.580843
53.6411	0.580752
53.5363	0.580843
53.4295	0.5807
53.3226	0.580639
53.2195	0.580488
53.1139	0.580491
53.0122	0.580435
52.9069	0.580255
52.8011	0.580206
52.6949	0.58024
52.5904	0.580145
52.4865	0.579971
52.3837	0.580075
52.2759	0.579976
52.1732	0.580059
52.0659	0.579951
51.9642	0.579925
51.8585	0.579701
51.7546	0.579605
51.6494	0.579607
51.5432	0.579596
51.4366	0.579506
51.335	0.579316
51.2285	0.57936
51.124	0.579318
51.0204	0.57922
50.9171	0.579059
50.8122	0.579119
50.712	0.579155
50.6069	0.57895
50.5031	0.579111
50.3976	0.578924
50.2943	0.57882
50.1883	0.578926
50.0869	0.578846
49.9789	0.578594
49.8766	0.578747
49.7732	0.578573
49.6696	0.578567
49.5645	0.578516
49.4579	0.578518
49.3548	0.578476
49.2541	0.578264
49.147	0.578172
49.0406	0.578326
48.9364	0.57826
48.8282	0.578042
48.7265	0.577886
48.6207	0.577951
48.5163	0.577985
48.4138	0.577824
48.3127	0.577894
48.2203	0.577894
48.1119	0.577772
48.0048	0.57759
47.898	0.577582
47.7954	0.577556
47.6926	0.577348
47.5885	0.577423
47.4845	0.577525
47.3784	0.577276
47.2737	0.577239
47.1674	0.577232
47.0641	0.577221
46.9613	0.577088
46.8584	0.577033
46.751	0.577031
46.6452	0.576732
46.542	0.576797
46.4401	0.576721
46.3332	0.576638
46.2307	0.576745
46.124	0.576706
46.0177	0.576657
45.9131	0.5766
45.8079	0.576662
45.7005	0.576374
45.5969	0.576374
45.4937	0.57634
45.3866	0.576472
45.2754	0.576366
45.1796	0.576311
45.0769	0.576126
44.9686	0.57594
44.8652	0.57621
44.76	0.575916
44.6585	0.576016
44.5528	0.575965
44.4499	0.57585
44.3438	0.575682
44.2397	0.575889
44.1356	0.575713
44.0299	0.575576
43.9269	0.575584
43.8203	0.575576
43.7166	0.575516
43.6106	0.575455
43.5082	0.575309
43.4014	0.575411
43.2937	0.575349
43.1889	0.575165
43.0834	0.575206
42.9791	0.575097
42.8752	0.57504
42.7684	0.575012
42.6615	0.574837
42.5554	0.575076
42.4486	0.574855
42.3409	0.574757
42.24	0.574795
42.1314	0.574743
42.0256	0.574749
41.9226	0.574713
41.8198	0.574598
41.7156	0.574508
41.6089	0.574411
41.5025	0.574341
41.3981	0.574232
41.2903	0.574333
41.1885	0.574198
41.085	0.574169
40.9767	0.574188
40.8737	0.574014
40.7653	0.573997
40.6607	0.574057
40.5532	0.573964
40.4503	0.573931
40.3418	0.573878
40.2335	0.573816
40.1309	0.573665
40.0263	0.573696
39.9218	0.573804
39.8194	0.573649
39.7136	0.573574
39.6078	0.573394
39.4997	0.57368
39.3907	0.573534
39.2869	0.573355
39.1812	0.573421
39.0762	0.573251
38.9741	0.573303
38.8671	0.573318
38.7609	0.573266
38.6588	0.573238
38.5539	0.573303
38.4499	0.573095
38.3443	0.573202
38.2413	0.573002
38.1321	0.572989
38.0255	0.572932
37.9179	0.572983
37.8127	0.57291
37.7075	0.572913
37.5985	0.572581
37.4924	0.572708
37.3891	0.57261
37.2754	0.572627
37.1787	0.572591
37.0717	0.572563
36.9631	0.572576
36.8599	0.572214
36.7506	0.572482
36.6418	0.572401
36.5387	0.572381
36.4298	0.572225
36.326	0.572321
36.2179	0.572238
36.1122	0.572079
36.0052	0.572228
35.8986	0.571949
35.7933	0.572082
35.6879	0.572038
35.5806	0.571944
35.4776	0.57197
35.3725	0.571994
35.2641	0.571829
35.1544	0.571869
35.0514	0.571793
34.9454	0.571565
34.8468	0.571619
34.7398	0.571645
34.6321	0.571564
34.5235	0.571642
34.4206	0.571471
34.3161	0.571484
34.2081	0.571385
34.1003	0.571421
33.995	0.571372
33.8884	0.571488
33.7783	0.571236
33.6754	0.571135
33.5697	0.571094
33.4673	0.571117
33.3592	0.571115
33.2526	0.57111
33.1494	0.571001
33.0416	0.570954
32.9354	0.570967
32.8297	0.570753
32.7232	0.570836
32.6138	0.57078
32.5091	0.570809
32.4045	0.570743
32.2967	0.570587
32.191	0.570673
32.0833	0.570615
31.9788	0.570467
31.875	0.570652
31.7719	0.570543
31.6691	0.570566
31.5653	0.570353
31.4569	0.570363
31.3495	0.570222
31.2462	0.570284
31.1397	0.570433
31.0326	0.570429
30.9241	0.570345
30.8164	0.570174
30.7101	0.57019
30.6041	0.570057
30.4959	0.570096
30.3878	0.569989
30.2808	0.569968
30.174	0.570061
30.0665	0.569859
29.9566	0.570041
29.853	0.569912
29.7451	0.569823
29.6388	0.569815
29.5337	0.569739
29.4278	0.569786
29.3209	0.569718
29.2151	0.569685
29.1103	0.569388
29.003	0.569747
28.8966	0.569625
28.7935	0.569469
28.6877	0.569419
28.5862	0.569534
28.4808	0.569604
28.3651	0.569118
28.2603	0.569318
28.1515	0.569175
28.0479	0.569378
27.9437	0.569243
27.8356	0.56924
27.7305	0.569196
27.6234	0.568983
27.5194	0.5691
27.4144	0.569012
27.3064	0.569097
27.1998	0.569201
27.0957	0.569178
26.987	0.569001
26.8821	0.569009
26.7738	0.56897
26.6668	0.568952
26.5573	0.568905
26.4525	0.568858
26.3441	0.568845
26.2383	0.568876
26.1346	0.568673
26.0236	0.568731
25.9193	0.568829
25.8091	0.568816
25.6985	0.568863
25.5926	0.5687
25.4862	0.568517
25.3753	0.568582
25.2715	0.568712
25.1628	0.568538
25.0585	0.56852
24.9535	0.568426
24.8443	0.568401
24.7344	0.568526
24.6285	0.568307
24.5238	0.568342
24.4218	0.568375
24.3153	0.568237
24.2068	0.568271
24.0973	0.568258
23.9909	0.568292
23.8806	0.568159
23.7732	0.568152
23.6636	0.568245
23.5597	0.568148
23.4537	0.568135
23.3489	0.56812
23.2444	0.568147
23.1418	0.568123
23.0369	0.568047
22.9294	0.568123
22.8216	0.568097
22.7129	0.567806
22.6073	0.567902
22.5017	0.567887
22.3941	0.567829
22.2891	0.567793
22.1843	0.567847
22.0822	0.567798
21.9774	0.567972
21.8709	0.56779
21.7671	0.567855
21.6642	0.567743
21.5589	0.567777
21.4544	0.567867
21.3522	0.567712
21.2489	0.567878
21.1415	0.567745
21.0385	0.567759
20.9358	0.567715
20.8299	0.567694
20.7279	0.567683
20.6223	0.567644
20.5209	0.567587
20.4179	0.567587
20.3117	0.567434
20.2055	0.567668
20.1012	0.567691
19.998	0.567476
19.8923	0.567426
19.7863	0.567275
19.6785	0.567324
19.5744	0.567443
19.4713	0.567592
19.3701	0.567571
19.2658	0.567453
19.1642	0.567299
19.0595	0.567249
18.9561	0.567508
18.8551	0.567458
18.7531	0.567338
18.6528	0.567309
18.5515	0.56726
18.4509	0.567605
18.3493	0.567317
18.2461	0.567197
18.1453	0.567291
18.0427	0.567449
17.942	0.567416
17.8441	0.567317
17.7447	0.56739
17.6438	0.567338
17.5426	0.567203
17.4416	0.567349
17.3404	0.567104
17.239	0.56726
17.137	0.567318
17.0363	0.567275
16.9352	0.567341
16.834	0.567382
16.7331	0.567304
16.6322	0.567206
16.5299	0.567396
16.4291	0.567408
16.3271	0.567341
16.2258	0.567222
16.1244	0.567414
16.0233	0.567154
15.9223	0.567312
15.8208	0.567227
15.7186	0.567203
15.616	0.567198
15.5151	0.567148
15.4137	0.567317
15.307	0.567201
15.2027	0.56728
15.0977	0.567284
14.9935	0.567396
14.8891	0.567297
14.7864	0.567172
14.6813	0.567294
14.5799	0.567364
14.4754	0.56737
14.3717	0.567456
14.2853	0.567429
14.25	0.567265
14.214	0.567205
14.179	0.567502
14.1422	0.567431
14.1055	0.56747
14.069	0.567472
14.0331	0.567444
13.9962	0.567397
13.9592	0.56734
13.9214	0.567414
13.8852	0.567396
13.8479	0.567422
13.8103	0.567469
13.7722	0.567484
13.7343	0.567372
13.6968	0.567361
13.6576	0.567471
13.6204	0.567479
13.5815	0.567573
13.543	0.567442
13.504	0.567484
13.465	0.567476
13.4253	0.567405
13.3861	0.567431
13.3463	0.567452
13.3069	0.567552
13.2673	0.567525
13.2269	0.567487
13.1867	0.567453
13.1464	0.567489
13.1054	0.567448
13.065	0.567541
13.0242	0.567634
12.9827	0.567492
12.9415	0.567491
12.9002	0.567515
12.8576	0.567616
12.8162	0.567614
12.774	0.567583
12.7316	0.567582
12.689	0.567567
12.6458	0.567496
12.604	0.567507
12.5596	0.567679
12.5159	0.567611
12.4729	0.567611
12.4291	0.567695
12.3851	0.567541
12.3404	0.567694
12.2966	0.567512
12.2537	0.567673
12.2143	0.567571
12.1774	0.567567
12.1438	0.567603
12.1121	0.567728
12.0823	0.56778
12.0535	0.567734
12.026	0.56771
11.9991	0.567636
11.9728	0.567837
11.9471	0.567691
11.9223	0.567642
11.8972	0.567541
11.8724	0.56765
11.8483	0.56772
11.8238	0.567629
11.7993	0.567776
11.7756	0.567759
11.7517	0.567709
11.7279	0.567827
11.7039	0.56778
11.6793	0.567861
11.6562	0.567678
11.6325	0.567798
11.6084	0.567783
11.5847	0.567744
11.5608	0.567695
11.5371	0.567715
11.5133	0.567894
11.4894	0.567759
11.4654	0.567686
11.4417	0.567863
11.4179	0.567881
11.3939	0.56797
11.3701	0.567904
11.3464	0.567858
11.3226	0.567855
11.2985	0.567751
11.2747	0.567909
11.2508	0.568019
11.2269	0.567704
11.2032	0.56791
11.179	0.567765
11.1549	0.567762
11.1313	0.567865
11.1071	0.56784
11.083	0.567837
11.0592	0.567891
11.0352	0.567926
11.0117	0.567837
10.9871	0.567882
10.9635	0.568022
10.9395	0.567954
10.9153	0.56786
10.8913	0.568005
10.8667	0.567998
10.8428	0.56811
10.8187	0.567965
10.7944	0.567983
10.7705	0.568017
10.746	0.568028
10.722	0.567925
10.6978	0.568126
10.6735	0.567926
10.6491	0.568147
10.6248	0.568084
10.6008	0.568056
10.5763	0.568121
10.5521	0.568172
10.5278	0.568035
10.5034	0.568111
10.4791	0.567988
10.4549	0.568067
10.4305	0.568113
10.4063	0.567983
10.3824	0.568136
10.3575	0.568266
10.3334	0.568175
10.3086	0.568146
10.2846	0.568141
10.2601	0.568313
10.2361	0.568234
10.2116	0.568099
10.1874	0.568199
10.1627	0.568172
10.1387	0.568184
10.1141	0.568251
10.0898	0.568199
10.0652	0.568336
10.0409	0.568211
10.0165	0.568139
9.99191	0.56829
9.96769	0.568199
9.94333	0.568349
9.9186	0.568303
9.89426	0.568222
9.86971	0.568259
9.84506	0.568188
9.82112	0.568263
9.79629	0.568336
9.77176	0.568365
9.74735	0.568563
9.72284	0.568404
9.69855	0.568341
9.67412	0.568341
9.65002	0.56843
9.62523	0.568471
9.60063	0.568339
9.5762	0.568238
9.55214	0.568643
9.52769	0.56818
9.50326	0.568442
9.47905	0.56837
9.45441	0.568474
9.43027	0.568315
9.40597	0.568349
9.38135	0.568354
9.35713	0.568511
9.33258	0.568396
9.30816	0.568514
9.28416	0.568308
9.25993	0.568515
9.23544	0.568412
9.21092	0.568539
9.18639	0.568505
9.16219	0.568549
9.13831	0.568537
9.11374	0.568482
9.0899	0.568552
9.06517	0.568571
9.04056	0.568573
9.0164	0.568617
8.99197	0.568591
8.96784	0.568531
8.94367	0.568661
8.92002	0.568661
8.89522	0.568705
8.8717	0.568617
8.84725	0.568729
8.82323	0.568586
8.79904	0.568682
8.7751	0.568648
8.75088	0.56858
8.72686	0.568674
8.70308	0.568821
8.67931	0.568858
8.65509	0.568718
8.63134	0.568845
8.60714	0.568811
8.58367	0.56872
8.55975	0.568757
8.53606	0.568793
8.51212	0.568788
8.48891	0.568697
8.46476	0.568835
8.44157	0.568871
8.41791	0.568671
8.39405	0.568848
8.37105	0.568991
8.34713	0.568814
8.32364	0.568994
8.30053	0.568875
8.27724	0.56876
8.25362	0.568934
8.23027	0.568807
8.20744	0.568919
8.18424	0.56884
8.16118	0.568989
8.1377	0.568945
8.11468	0.568947
8.09151	0.568999
8.06847	0.569015
8.04561	0.568851
8.02241	0.569046
7.99997	0.56891
7.97733	0.569017
7.95398	0.569004
7.93187	0.568952
7.90897	0.569212
7.88601	0.569108
7.86377	0.569043
7.8413	0.569134
7.81934	0.569069
7.79657	0.569025
7.7743	0.569155
7.75213	0.569017
7.73022	0.569139
7.70775	0.569181
7.68581	0.5691
7.6639	0.569209
7.64182	0.569267
7.61994	0.569265
7.59826	0.569234
7.57663	0.569301
7.5551	0.569299
7.53356	0.569275
7.51225	0.569147
7.49072	0.569212
7.46979	0.569181
7.44802	0.569298
7.42721	0.56942
7.40588	0.569482
7.38486	0.569386
7.364	0.569371
7.34312	0.569383
7.32236	0.569344
7.29904	0.56953
7.2602	0.569402
7.20997	0.569555
7.15162	0.569566
7.08958	0.569633
7.0265	0.56969
6.96188	0.569654
6.89619	0.569626
6.82965	0.569725
6.72323	0.569975
6.61986	0.57001
6.51706	0.569873
6.41194	0.570109
6.30482	0.570307
6.19874	0.57033
6.09221	0.570421
5.98554	0.570551
5.88232	0.570559
5.77342	0.570707
5.66431	0.570827
5.55807	0.571128
5.45193	0.570798
5.32846	0.571084
5.21849	0.571094
5.10744	0.571086
5.00069	0.571219
4.89512	0.571112
4.78847	0.571198
4.67854	0.571136
4.57083	0.571273
4.46445	0.57118
4.36292	0.571037
4.25917	0.57126
4.14905	0.571197
4.04359	0.571291
3.93596	0.571206
3.8349	0.57139
3.73347	0.571437
3.62748	0.571588
3.52282	0.571692
3.41742	0.57179
3.31317	0.571999
3.20918	0.572046
3.10971	0.572199
3.00619	0.572202
2.90493	0.572485
2.80455	0.572578
2.70445	0.572846
2.60488	0.573026
2.50374	0.573049
2.40315	0.573345
2.30383	0.573574
2.20426	0.573677
2.10584	0.574148
2.00568	0.574307
1.90764	0.574422
1.80877	0.574666
1.70977	0.574861
1.61132	0.575094
1.51523	0.57563
