# 'Tdn_K_86.6G'	'Rdn_Ohm_86.6G'
	
	
299.809	0.649622
299.725	0.649947
299.657	0.648779
299.18	0.646793
298.275	0.652658
297.864	0.650508
297.353	0.646688
297.065	0.644709
297.111	0.646638
296.953	0.643509
297.252	0.647498
297.331	0.646209
297.271	0.647282
297.223	0.647181
297.165	0.647056
297.094	0.647175
297.016	0.647066
296.958	0.646962
296.889	0.646991
296.83	0.64673
296.781	0.64699
296.726	0.646947
296.67	0.646899
296.61	0.646902
296.557	0.646699
296.494	0.646836
296.399	0.646579
296.335	0.646496
296.277	0.646445
296.215	0.646533
296.155	0.646547
296.087	0.646448
296.027	0.646493
295.97	0.646375
295.911	0.646235
295.854	0.646322
295.795	0.646284
295.739	0.646294
295.681	0.646281
295.629	0.646151
295.567	0.645965
295.508	0.646178
295.452	0.645988
295.393	0.645933
295.334	0.646133
295.277	0.645841
295.225	0.645992
295.166	0.645899
295.107	0.645828
295.052	0.645669
294.997	0.645692
294.937	0.645682
294.881	0.645594
294.826	0.645627
294.762	0.645622
294.71	0.645435
294.656	0.645435
294.59	0.645508
294.537	0.645295
294.476	0.645325
294.415	0.645188
294.358	0.645238
294.292	0.64517
294.235	0.645097
294.172	0.64512
294.115	0.645029
294.053	0.644925
293.997	0.645073
293.936	0.644865
293.875	0.644818
293.816	0.64481
293.761	0.644702
293.698	0.644741
293.636	0.644628
293.578	0.644553
293.517	0.644519
293.458	0.644475
293.394	0.644386
293.336	0.644483
293.274	0.644232
293.217	0.644201
293.15	0.644204
293.084	0.64402
293.023	0.643953
292.959	0.64411
292.901	0.643942
292.838	0.644093
292.77	0.643898
292.707	0.643849
292.645	0.643797
292.578	0.643747
292.516	0.643641
292.453	0.643582
292.384	0.643374
292.322	0.643455
292.251	0.643494
292.192	0.643333
292.124	0.643382
292.057	0.64327
291.992	0.643153
291.925	0.64322
291.86	0.642976
291.791	0.643066
291.724	0.642878
291.659	0.642972
291.591	0.642892
291.523	0.642899
291.453	0.64274
291.389	0.642649
291.317	0.642649
291.248	0.642613
291.181	0.642649
291.112	0.642462
291.044	0.642358
290.974	0.642231
290.901	0.642264
290.836	0.642228
290.763	0.642083
290.693	0.642054
290.625	0.64208
290.551	0.641993
290.479	0.641828
290.408	0.641836
290.336	0.641724
290.268	0.641668
290.193	0.641612
290.122	0.641393
290.054	0.641442
289.977	0.641411
289.908	0.641377
289.834	0.641297
289.764	0.641248
289.687	0.641185
289.614	0.640845
289.541	0.640997
289.466	0.640953
289.392	0.64087
289.323	0.640917
289.245	0.640742
289.173	0.640587
289.094	0.640648
289.021	0.640365
288.946	0.640519
288.874	0.640278
288.797	0.640329
288.721	0.640322
288.645	0.640119
288.572	0.640094
288.496	0.639934
288.421	0.639875
288.341	0.639934
288.267	0.639825
288.189	0.639702
288.112	0.639647
288.038	0.639569
287.958	0.639596
287.88	0.639559
287.81	0.639425
287.73	0.639259
287.652	0.63923
287.573	0.639166
287.501	0.639142
287.416	0.638949
287.339	0.638856
287.26	0.638978
287.184	0.638749
287.104	0.638762
287.028	0.638617
286.951	0.638525
286.867	0.638474
286.789	0.63833
286.713	0.638281
286.633	0.638161
286.556	0.638266
286.475	0.638252
286.397	0.63803
286.318	0.637971
286.237	0.637745
286.157	0.637729
286.077	0.637818
285.997	0.63775
285.913	0.637498
285.836	0.637636
285.753	0.637487
285.67	0.637347
285.598	0.637288
285.514	0.637052
285.433	0.637156
285.354	0.637104
285.273	0.636872
285.19	0.636783
285.108	0.636776
285.028	0.636591
284.947	0.636583
284.866	0.636511
284.786	0.636415
284.703	0.636443
284.625	0.636245
284.538	0.636279
284.458	0.636122
284.376	0.63607
284.296	0.636008
284.209	0.635901
284.126	0.63581
284.046	0.63562
283.96	0.635844
283.879	0.635665
283.798	0.635332
283.715	0.635502
283.632	0.635471
283.551	0.635291
283.465	0.635218
283.386	0.635104
283.302	0.635119
283.217	0.635075
283.132	0.634869
283.052	0.634727
282.968	0.634794
282.884	0.634638
282.807	0.63441
282.72	0.63462
282.636	0.634495
282.553	0.634254
282.471	0.634121
282.387	0.63412
282.304	0.634204
282.217	0.634019
282.135	0.63385
282.052	0.633837
281.965	0.633772
281.881	0.633741
281.797	0.633702
281.714	0.633283
281.628	0.633304
281.546	0.633283
281.46	0.633328
281.379	0.633081
281.295	0.632998
281.207	0.632941
281.124	0.632766
281.036	0.632844
280.952	0.632615
280.87	0.632631
280.784	0.632508
280.699	0.632495
280.615	0.632469
280.529	0.632267
280.447	0.632253
280.359	0.632243
280.276	0.632056
280.19	0.632035
280.104	0.631934
280.022	0.631748
279.937	0.631806
279.851	0.631594
279.762	0.63162
279.679	0.631402
279.591	0.631024
279.507	0.631276
279.424	0.631286
279.338	0.631073
279.253	0.631149
279.166	0.630956
279.08	0.63081
278.997	0.630691
278.91	0.630525
278.824	0.630504
278.737	0.63046
278.649	0.630442
278.566	0.630424
278.482	0.630271
278.394	0.630115
278.31	0.630065
278.223	0.630104
278.136	0.629784
278.051	0.629722
277.962	0.629875
277.877	0.629707
277.791	0.629493
277.708	0.629449
277.624	0.629319
277.535	0.629238
277.451	0.629225
277.361	0.628963
277.274	0.628986
277.192	0.629036
277.102	0.628997
277.02	0.628818
276.932	0.628714
276.844	0.628669
276.76	0.628565
276.673	0.6285
276.584	0.628263
276.5	0.628339
276.414	0.62832
276.328	0.62806
276.24	0.62806
276.153	0.628027
276.067	0.627766
275.989	0.627728
275.898	0.62752
275.809	0.627704
275.724	0.627506
275.637	0.627345
275.555	0.62729
275.468	0.627127
275.38	0.627114
275.29	0.627068
275.206	0.626803
275.119	0.62686
275.031	0.626767
274.949	0.626657
274.857	0.626664
274.772	0.626589
274.688	0.626375
274.599	0.626253
274.516	0.626225
274.43	0.626082
274.343	0.626176
274.256	0.626041
274.165	0.625932
274.082	0.625732
273.995	0.625851
273.908	0.625528
273.828	0.625583
273.739	0.625455
273.65	0.625437
273.566	0.625258
273.481	0.625266
273.391	0.624985
273.308	0.625138
273.221	0.624941
273.135	0.624855
273.047	0.624668
272.958	0.624717
272.875	0.624488
272.786	0.624588
272.7	0.624458
272.616	0.624402
272.53	0.624255
272.444	0.624176
272.357	0.624041
272.269	0.623961
272.187	0.623908
272.098	0.62388
272.012	0.623623
271.927	0.623709
271.839	0.623565
271.753	0.623462
271.667	0.623469
271.578	0.623186
271.494	0.623199
271.407	0.623165
271.322	0.623056
271.237	0.622924
271.149	0.622799
271.064	0.622755
270.976	0.622669
270.89	0.622531
270.806	0.622567
270.719	0.622353
270.633	0.622245
270.545	0.622302
270.462	0.622242
270.374	0.622078
270.287	0.621938
270.2	0.621793
270.115	0.621915
270.029	0.62166
269.945	0.621694
269.857	0.621506
269.775	0.621452
269.688	0.62134
269.596	0.621197
269.512	0.621215
269.426	0.620994
269.341	0.621029
269.257	0.620779
269.17	0.620881
269.083	0.620777
268.999	0.62068
268.909	0.620635
268.825	0.620511
268.739	0.620326
268.654	0.620227
268.571	0.620318
268.483	0.620173
268.398	0.619919
268.31	0.619926
268.226	0.619775
268.138	0.619761
268.05	0.619775
267.967	0.619458
267.885	0.61944
267.795	0.61931
267.713	0.619339
267.622	0.61938
267.539	0.61924
267.453	0.619178
267.37	0.619021
267.285	0.61893
267.194	0.618795
267.111	0.618793
267.026	0.61853
266.939	0.618571
266.852	0.618548
266.769	0.618364
266.679	0.618413
266.595	0.618174
266.511	0.618138
266.428	0.617995
266.341	0.618132
266.255	0.617965
266.169	0.617749
266.082	0.617739
265.998	0.617539
265.915	0.617549
265.828	0.617528
265.742	0.617404
265.658	0.617193
265.57	0.61724
265.487	0.617123
265.399	0.617016
265.317	0.616923
265.228	0.616868
265.142	0.616814
265.062	0.616848
264.974	0.616525
264.892	0.616525
264.803	0.616437
264.716	0.616278
264.634	0.616224
264.546	0.616185
264.463	0.616164
264.378	0.616006
264.291	0.615902
264.209	0.615946
264.121	0.61578
264.038	0.615561
263.954	0.615585
263.864	0.615471
263.784	0.615393
263.695	0.615359
263.613	0.615161
263.527	0.61513
263.443	0.615085
263.358	0.614928
263.274	0.614861
263.187	0.614817
263.104	0.614799
263.017	0.61463
262.932	0.61451
262.851	0.614434
262.761	0.614333
262.68	0.614167
262.596	0.61417
262.509	0.614079
262.424	0.613947
262.338	0.613996
262.254	0.61384
262.171	0.613671
262.087	0.613665
262.001	0.613629
261.919	0.613365
261.83	0.613427
261.749	0.61335
261.665	0.61319
261.579	0.613195
261.494	0.612985
261.411	0.612972
261.325	0.612917
261.243	0.612979
261.156	0.612703
261.075	0.612688
260.988	0.612563
260.906	0.61247
260.82	0.612452
260.735	0.6124
260.65	0.612187
260.567	0.612099
260.483	0.612083
260.4	0.61207
260.318	0.611963
260.231	0.61173
260.147	0.611644
260.064	0.611726
259.978	0.611492
259.895	0.611451
259.811	0.611436
259.724	0.611227
259.644	0.611137
259.559	0.611066
259.476	0.610991
259.391	0.611071
259.306	0.610923
259.221	0.610848
259.139	0.610684
259.057	0.610611
258.972	0.610338
258.889	0.610489
258.806	0.610341
258.722	0.610403
258.637	0.610292
258.55	0.610149
258.471	0.61003
258.387	0.609915
258.301	0.609889
258.217	0.609788
258.134	0.609877
258.053	0.609575
257.97	0.609621
257.886	0.609466
257.801	0.609203
257.715	0.60938
257.637	0.609257
257.552	0.609086
257.468	0.609096
257.384	0.608971
257.304	0.608875
257.217	0.608708
257.139	0.608698
257.051	0.608675
256.972	0.608556
256.885	0.608537
256.802	0.608371
256.719	0.608303
256.638	0.608178
256.555	0.608121
256.471	0.608246
256.388	0.608069
256.306	0.607783
256.221	0.607804
256.139	0.607825
256.054	0.607615
255.976	0.607612
255.892	0.607512
255.81	0.60744
255.727	0.607318
255.643	0.607224
255.561	0.607065
255.477	0.607045
255.397	0.607121
255.312	0.606808
255.231	0.606808
255.148	0.606686
255.065	0.606502
254.983	0.606427
254.9	0.606471
254.818	0.606374
254.734	0.606302
254.656	0.606278
254.539	0.606065
254.491	0.60607
254.405	0.606106
254.327	0.605912
254.243	0.605873
254.161	0.605558
254.076	0.605623
253.993	0.605521
253.914	0.605537
253.828	0.605425
253.748	0.605322
253.667	0.605236
253.585	0.605069
253.504	0.60509
253.42	0.604967
253.334	0.605017
253.258	0.604705
253.177	0.604616
253.095	0.604646
253.011	0.604554
252.93	0.604495
252.848	0.604396
252.766	0.604388
252.686	0.604277
252.599	0.604108
252.521	0.604047
252.434	0.604076
252.356	0.604032
252.276	0.603865
252.19	0.6038
252.11	0.60372
252.03	0.603527
251.951	0.603493
251.869	0.603506
251.785	0.603316
251.702	0.603376
251.622	0.603273
251.541	0.602982
251.459	0.602977
251.378	0.602982
251.3	0.60287
251.214	0.602735
251.134	0.602709
251.055	0.602732
250.97	0.602477
250.892	0.602407
250.809	0.602387
250.728	0.602238
250.646	0.602303
250.564	0.602082
250.48	0.601997
250.402	0.601908
250.321	0.601854
250.243	0.601728
250.159	0.601856
250.079	0.601466
249.999	0.601489
249.917	0.60153
249.835	0.601403
249.756	0.601492
249.675	0.601227
249.593	0.601026
249.514	0.601133
249.431	0.600991
249.35	0.600939
249.269	0.600764
249.19	0.600866
249.108	0.600715
249.029	0.600684
248.948	0.600489
248.869	0.600442
248.786	0.600375
248.704	0.60022
248.624	0.600131
248.543	0.600092
248.465	0.600009
248.385	0.599977
248.302	0.600035
248.222	0.599868
248.144	0.599714
248.063	0.599566
247.985	0.599712
247.902	0.599478
247.823	0.599564
247.741	0.5994
247.659	0.59933
247.58	0.599233
247.503	0.599254
247.421	0.598984
247.338	0.598898
247.258	0.598987
247.182	0.598755
247.101	0.598766
247.021	0.598618
246.94	0.598657
246.861	0.598475
246.782	0.598409
246.702	0.598245
246.622	0.598398
246.541	0.598294
246.464	0.598209
246.384	0.598114
246.302	0.597985
246.222	0.59771
246.141	0.597776
246.062	0.597697
245.985	0.597523
245.904	0.597476
245.824	0.597424
245.748	0.597235
245.664	0.597276
245.584	0.597273
245.507	0.597101
245.428	0.597068
245.349	0.596959
245.269	0.59699
245.19	0.596863
245.109	0.596972
245.03	0.596749
244.95	0.596639
244.869	0.596483
244.796	0.596343
244.713	0.596499
244.635	0.596228
244.553	0.59621
244.475	0.596147
244.397	0.596186
244.319	0.596215
244.24	0.595869
244.162	0.595771
244.083	0.595687
244.005	0.595563
243.926	0.595607
243.845	0.595565
243.768	0.595248
243.686	0.595386
243.608	0.595352
243.531	0.595159
243.452	0.595058
243.375	0.595063
243.295	0.594993
243.215	0.594981
243.136	0.594656
243.058	0.594749
242.979	0.594554
242.898	0.594518
242.821	0.594515
242.741	0.594429
242.663	0.59431
242.586	0.59437
242.507	0.594181
242.428	0.594217
242.352	0.594014
242.271	0.593998
242.195	0.593959
242.117	0.593754
242.035	0.593669
241.958	0.59371
241.881	0.593565
241.801	0.593591
241.724	0.593434
241.647	0.593447
241.568	0.593249
241.49	0.593189
241.411	0.59327
241.33	0.592825
241.255	0.592976
241.177	0.59292
241.099	0.592688
241.022	0.592618
240.945	0.592735
240.864	0.592711
240.784	0.592449
240.709	0.592514
240.627	0.592199
240.552	0.592321
240.478	0.592287
240.395	0.592167
240.32	0.592041
240.242	0.591986
240.163	0.591978
240.085	0.591773
240.006	0.591648
239.928	0.591648
239.854	0.591713
239.774	0.591713
239.698	0.591521
239.619	0.591307
239.539	0.591211
239.465	0.591333
239.387	0.591196
239.305	0.591134
239.231	0.590938
239.151	0.590816
239.077	0.590977
238.996	0.590826
238.921	0.59067
238.843	0.590416
238.765	0.59059
238.688	0.590346
238.61	0.590376
238.532	0.590413
238.457	0.590252
238.379	0.590075
238.298	0.589994
238.226	0.589974
238.146	0.589961
238.07	0.589693
237.993	0.589857
237.915	0.589522
237.84	0.589578
237.761	0.589511
237.685	0.589525
237.606	0.589477
237.531	0.589254
237.453	0.589096
237.377	0.589218
237.296	0.589041
237.221	0.588971
237.144	0.588869
237.07	0.588874
236.991	0.5887
236.915	0.588649
236.836	0.588661
236.761	0.588523
236.682	0.588502
236.604	0.588479
236.528	0.588411
236.454	0.588245
236.374	0.588243
236.3	0.588017
236.225	0.587926
236.145	0.587959
236.067	0.587759
235.992	0.587777
235.914	0.587678
235.838	0.587611
235.764	0.587423
235.686	0.587457
235.609	0.587367
235.533	0.58733
235.457	0.58732
235.382	0.587159
235.303	0.587148
235.228	0.58707
235.152	0.587047
235.076	0.587143
234.997	0.587
234.924	0.58674
234.848	0.586691
234.771	0.586654
234.696	0.586576
234.618	0.586441
234.544	0.586537
234.465	0.586225
234.388	0.586402
234.315	0.586064
234.237	0.586119
234.163	0.586063
234.084	0.585976
234.009	0.585872
233.93	0.585776
233.853	0.585604
233.78	0.5858
233.704	0.585544
233.626	0.585466
233.555	0.58543
233.476	0.585506
233.404	0.585241
233.325	0.585201
233.25	0.585129
233.178	0.585176
233.098	0.584824
233.021	0.584842
232.947	0.584673
232.871	0.584733
232.796	0.584533
232.72	0.584738
232.643	0.584538
232.569	0.58458
232.492	0.584487
232.415	0.584268
232.342	0.584289
232.263	0.584398
232.193	0.584221
232.115	0.584023
232.039	0.583964
231.967	0.5838
231.889	0.584016
231.812	0.583642
231.739	0.583603
231.663	0.583579
231.588	0.58353
231.513	0.583496
231.437	0.583402
231.363	0.583192
231.287	0.583405
231.212	0.58322
231.14	0.583191
231.061	0.583091
230.987	0.582885
230.915	0.582831
230.836	0.582818
230.762	0.5828
230.686	0.582638
230.609	0.582599
230.536	0.582357
230.463	0.58257
230.388	0.582339
230.308	0.582326
230.237	0.582094
230.164	0.582243
230.085	0.582204
230.01	0.582043
229.938	0.581978
229.862	0.581624
229.786	0.581915
229.712	0.581827
229.639	0.581419
229.566	0.581663
229.488	0.581549
229.413	0.581557
229.337	0.581476
229.263	0.581278
229.189	0.581242
229.117	0.581172
229.044	0.580967
228.965	0.581026
228.896	0.581084
228.82	0.580824
228.745	0.580683
228.668	0.580712
228.597	0.580699
228.52	0.580649
228.447	0.580437
228.371	0.580314
228.3	0.580334
228.221	0.580301
228.147	0.580202
228.074	0.580036
228.001	0.580096
227.927	0.580063
227.853	0.579967
227.779	0.57999
227.706	0.579782
227.627	0.579701
227.556	0.579722
227.483	0.579592
227.408	0.579483
227.338	0.579412
227.261	0.579275
227.188	0.579032
227.116	0.57918
227.037	0.579165
226.966	0.579113
226.891	0.579119
226.816	0.578919
226.745	0.578836
226.67	0.578893
226.599	0.578729
226.52	0.578649
226.446	0.578547
226.377	0.578415
226.302	0.578513
226.228	0.578334
226.156	0.578303
226.08	0.57825
226.006	0.578181
225.933	0.577952
225.863	0.577913
225.789	0.577817
225.713	0.577991
225.641	0.577673
225.57	0.577782
225.494	0.577655
225.423	0.577535
225.347	0.577395
225.273	0.577561
225.2	0.577322
225.129	0.577195
225.052	0.577229
224.98	0.577097
224.908	0.577128
224.836	0.576922
224.758	0.576969
224.688	0.577001
224.616	0.576769
224.542	0.576675
224.47	0.576571
224.394	0.576722
224.32	0.576561
224.252	0.576382
224.175	0.57636
224.107	0.576322
224.032	0.576083
223.958	0.57617
223.883	0.576171
223.811	0.575979
223.739	0.575952
223.667	0.575929
223.596	0.575761
223.522	0.575701
223.446	0.57568
223.375	0.575604
223.305	0.575439
223.229	0.57543
223.16	0.575383
223.086	0.575259
223.009	0.575326
222.936	0.575172
222.869	0.575092
222.795	0.575089
222.721	0.575121
222.648	0.574931
222.578	0.574923
222.499	0.574705
222.433	0.574759
222.36	0.574512
222.285	0.574561
222.212	0.574559
222.142	0.574403
222.07	0.574312
221.995	0.57432
221.921	0.574097
221.85	0.57399
221.784	0.573977
221.707	0.573881
221.635	0.573984
221.562	0.573865
221.49	0.573691
221.419	0.573834
221.343	0.573735
221.272	0.573504
221.199	0.573564
221.129	0.573597
221.059	0.573418
220.984	0.573387
220.912	0.573199
220.837	0.573213
220.767	0.573077
220.696	0.572883
220.623	0.572932
220.552	0.572927
220.48	0.572881
220.407	0.57272
220.333	0.572621
220.262	0.572602
220.192	0.57256
220.119	0.572497
220.047	0.572344
219.977	0.572435
219.905	0.572227
219.829	0.572194
219.758	0.572082
219.685	0.572106
219.616	0.571812
219.542	0.571949
219.472	0.57176
219.399	0.571817
219.329	0.571731
219.257	0.571613
219.187	0.571622
219.113	0.571437
219.043	0.571447
218.97	0.571304
218.897	0.571495
218.825	0.571367
218.754	0.57124
218.682	0.571123
218.612	0.570996
218.538	0.570951
218.466	0.570795
218.396	0.570969
218.325	0.570779
218.256	0.570691
218.183	0.570876
218.11	0.570626
218.04	0.570473
217.968	0.570429
217.898	0.570284
217.828	0.570312
217.753	0.570223
217.683	0.570234
217.612	0.570159
217.542	0.570145
217.47	0.56995
217.399	0.569901
217.327	0.569919
217.255	0.569836
217.186	0.569604
217.112	0.569542
217.042	0.569627
216.969	0.569435
216.901	0.569477
216.829	0.569316
216.758	0.569301
216.688	0.569269
216.62	0.569025
216.545	0.569002
216.476	0.569043
216.404	0.56882
216.333	0.568822
216.261	0.568653
216.192	0.568622
216.119	0.568794
216.05	0.568492
215.98	0.568609
215.907	0.5685
215.837	0.568328
215.77	0.568453
215.696	0.568336
215.626	0.568105
215.554	0.568136
215.484	0.568147
215.416	0.568061
215.342	0.568076
215.273	0.567845
215.201	0.567665
215.131	0.567595
215.058	0.567564
214.99	0.567478
214.92	0.567525
214.852	0.567486
214.779	0.567512
214.711	0.567473
214.639	0.567371
214.566	0.567231
214.501	0.567213
214.43	0.567065
214.358	0.566925
214.289	0.566787
214.217	0.566854
214.147	0.566774
214.076	0.566729
214.008	0.566636
213.937	0.566511
213.868	0.566595
213.798	0.566522
213.726	0.566381
213.656	0.566389
213.587	0.566264
213.519	0.566153
213.447	0.566176
213.377	0.566023
213.307	0.565817
213.236	0.565885
213.169	0.565833
213.098	0.565771
213.029	0.565786
212.959	0.565559
212.887	0.565586
212.816	0.565614
212.748	0.56538
212.679	0.565263
212.609	0.565165
212.537	0.565014
212.468	0.565032
212.399	0.565081
212.328	0.565027
212.259	0.564985
212.191	0.564889
212.118	0.56477
212.051	0.564653
211.977	0.564531
211.915	0.564458
211.84	0.56456
211.772	0.564378
211.7	0.564503
211.635	0.564362
211.563	0.564175
211.495	0.564162
211.424	0.564068
211.354	0.564159
211.285	0.563974
211.214	0.563943
211.144	0.563788
211.076	0.563743
211.006	0.563683
210.938	0.563647
210.87	0.563533
210.798	0.563481
210.729	0.563382
210.661	0.563273
210.59	0.563306
210.523	0.5634
210.452	0.563225
210.383	0.562992
210.312	0.562971
210.245	0.562886
210.176	0.562972
210.11	0.562935
210.035	0.56276
209.968	0.562755
209.899	0.562688
209.832	0.562698
209.763	0.562513
209.692	0.562389
209.625	0.56242
209.553	0.562355
209.484	0.562459
209.414	0.562272
209.347	0.561871
209.281	0.56204
209.21	0.561926
209.141	0.56195
209.072	0.561893
209.004	0.561887
208.933	0.561838
208.864	0.561677
208.796	0.561555
208.729	0.561555
208.661	0.561347
208.59	0.561425
208.52	0.561347
208.452	0.561141
208.383	0.561079
208.315	0.561253
208.247	0.561097
208.18	0.560943
208.11	0.560899
208.041	0.560788
207.973	0.560962
207.907	0.560708
207.838	0.560715
207.765	0.560585
207.701	0.560548
207.632	0.560377
207.56	0.560395
207.492	0.560226
207.427	0.560445
207.357	0.560271
207.288	0.560176
207.221	0.560114
207.15	0.560166
207.081	0.560083
207.015	0.559943
206.946	0.559839
206.878	0.559657
206.808	0.55955
206.742	0.559524
206.674	0.559527
206.607	0.559628
206.54	0.55933
206.469	0.559333
206.4	0.559335
206.333	0.559257
206.266	0.559145
206.197	0.558963
206.129	0.559191
206.061	0.559064
205.995	0.558947
205.927	0.558807
205.858	0.558833
205.792	0.558708
205.721	0.558767
205.653	0.558597
205.587	0.558381
205.519	0.558358
205.451	0.558303
205.386	0.558256
205.314	0.55809
205.247	0.558139
205.179	0.558087
205.113	0.557811
205.022	0.557759
204.955	0.55783
204.889	0.557564
204.818	0.557567
204.749	0.55757
204.683	0.557396
204.616	0.557557
204.548	0.557377
204.479	0.557429
204.416	0.557344
204.351	0.557185
204.28	0.557315
204.213	0.556967
204.145	0.556938
204.078	0.557003
204.007	0.556556
203.942	0.556673
203.876	0.556662
203.807	0.55661
203.74	0.556649
203.673	0.556613
203.607	0.556405
203.535	0.55645
203.469	0.556486
203.403	0.556179
203.339	0.55621
203.267	0.556028
203.199	0.556093
203.133	0.556061
203.066	0.55598
203.001	0.555737
202.933	0.555898
202.864	0.555658
202.799	0.555724
202.731	0.555638
202.662	0.555458
202.599	0.555521
202.53	0.555449
202.462	0.555425
202.391	0.555524
202.327	0.555313
202.26	0.555214
202.195	0.555336
202.127	0.555017
202.06	0.555042
201.994	0.555014
201.929	0.555001
201.86	0.554742
201.794	0.554637
201.727	0.554757
201.66	0.554615
201.591	0.554531
201.525	0.554614
201.459	0.554422
201.392	0.554385
201.324	0.554373
201.257	0.554235
201.191	0.554261
201.123	0.554087
201.057	0.554082
200.992	0.554092
200.923	0.553949
200.857	0.553769
200.791	0.553809
200.725	0.553803
200.658	0.553748
200.59	0.553585
200.525	0.553563
200.458	0.553475
200.389	0.553451
200.324	0.553556
200.259	0.553288
200.192	0.55328
200.124	0.553348
200.057	0.553041
199.991	0.55314
199.924	0.553039
199.859	0.552891
199.79	0.552956
199.725	0.552922
199.659	0.552768
199.593	0.552701
199.525	0.552646
199.461	0.55256
199.394	0.552456
199.327	0.552521
199.262	0.552448
199.195	0.552397
199.128	0.552386
199.063	0.552188
198.996	0.552224
198.93	0.552084
198.862	0.551952
198.799	0.551796
198.731	0.551837
198.664	0.551734
198.598	0.551711
198.531	0.551702
198.464	0.551721
198.398	0.551636
198.334	0.551571
198.269	0.551497
198.2	0.551401
198.135	0.551284
198.068	0.551193
198.004	0.55133
197.939	0.551175
197.87	0.551073
197.804	0.551144
197.734	0.550923
197.675	0.550809
197.608	0.55077
197.541	0.550975
197.476	0.550748
197.41	0.550628
197.343	0.550509
197.276	0.55059
197.213	0.550551
197.146	0.55033
197.082	0.550289
197.012	0.550276
196.951	0.550156
196.881	0.550156
196.816	0.550094
196.751	0.550102
196.683	0.549964
196.618	0.549907
196.553	0.549818
196.486	0.549883
196.422	0.549774
196.355	0.549616
196.289	0.549574
196.226	0.549446
196.162	0.549303
196.093	0.549277
196.03	0.549522
195.963	0.549251
195.896	0.54935
195.832	0.549057
195.767	0.549067
195.702	0.549088
195.633	0.549072
195.567	0.549002
195.504	0.548947
195.44	0.548768
195.374	0.548737
195.306	0.548633
195.245	0.548659
195.178	0.548609
195.114	0.548554
195.047	0.548513
194.982	0.54831
194.915	0.548323
194.852	0.548207
194.787	0.548219
194.72	0.548183
194.656	0.548024
194.589	0.548048
194.522	0.547959
194.46	0.547946
194.378	0.547887
194.329	0.547775
194.264	0.547723
194.198	0.547642
194.133	0.547585
194.07	0.547539
194.003	0.547739
193.937	0.54748
193.873	0.547344
193.806	0.5473
193.744	0.547086
193.681	0.547172
193.613	0.547106
193.547	0.54687
193.482	0.547125
193.417	0.54681
193.35	0.54672
193.289	0.546714
193.225	0.546753
193.158	0.5468
193.094	0.546699
193.03	0.546548
192.966	0.546426
192.9	0.546488
192.835	0.546379
192.77	0.546189
192.704	0.546363
192.64	0.546353
192.576	0.546267
192.511	0.546049
192.448	0.54607
192.383	0.545986
192.315	0.545843
192.251	0.545775
192.19	0.545734
192.124	0.545615
192.057	0.545708
191.993	0.545716
191.929	0.545513
191.865	0.545503
191.798	0.545365
191.736	0.545321
191.671	0.545258
191.605	0.545165
191.544	0.545192
191.478	0.545178
191.414	0.545192
191.351	0.54509
191.284	0.544989
191.223	0.54483
191.157	0.54478
191.092	0.54478
191.029	0.544793
190.964	0.544544
190.902	0.544655
190.835	0.544537
190.772	0.5445
190.708	0.54451
190.644	0.544181
190.577	0.544305
190.516	0.544198
190.449	0.544152
190.386	0.544042
190.321	0.54398
190.257	0.544068
190.195	0.543907
190.131	0.543788
190.068	0.543805
190.002	0.543806
189.939	0.54372
189.876	0.543596
189.812	0.543388
189.747	0.543367
189.684	0.543504
189.619	0.543379
189.556	0.543328
189.49	0.543546
189.427	0.543112
189.364	0.543171
189.298	0.542999
189.237	0.542976
189.171	0.542758
189.108	0.542944
189.044	0.542896
188.982	0.542602
188.912	0.542802
188.854	0.542633
188.787	0.542748
188.726	0.542438
188.664	0.542514
188.597	0.542428
188.534	0.542311
188.472	0.542293
188.407	0.542202
188.342	0.542009
188.28	0.542113
188.216	0.542132
188.152	0.542134
188.09	0.541884
188.025	0.541801
187.963	0.541773
187.898	0.541706
187.835	0.541523
187.77	0.541672
187.708	0.541493
187.643	0.541529
187.581	0.541472
187.516	0.541253
187.456	0.541367
187.388	0.541302
187.326	0.541186
187.264	0.541006
187.198	0.54111
187.137	0.541064
187.071	0.54098
187.009	0.54097
186.945	0.540775
186.885	0.540801
186.819	0.540801
186.755	0.540731
186.692	0.540629
186.628	0.540387
186.565	0.54045
186.503	0.540323
186.437	0.540409
186.375	0.540385
186.313	0.540478
186.249	0.54013
186.186	0.540141
186.123	0.540293
186.06	0.540091
185.999	0.53988
185.934	0.540003
185.87	0.539779
185.808	0.539758
185.744	0.539761
185.679	0.53961
185.619	0.539634
185.554	0.53966
185.491	0.539626
185.43	0.539598
185.364	0.539454
185.304	0.539426
185.239	0.539472
185.178	0.539457
185.114	0.539353
185.05	0.539129
184.986	0.53922
184.925	0.539127
184.863	0.539036
184.799	0.538908
184.739	0.538914
184.674	0.538852
184.611	0.538794
184.549	0.538799
184.483	0.538861
184.423	0.538703
184.359	0.538547
184.295	0.53864
184.233	0.538539
184.17	0.538425
184.108	0.53844
184.045	0.538412
183.982	0.538404
183.92	0.538261
183.86	0.538349
183.795	0.538176
183.733	0.538196
183.668	0.538072
183.603	0.537952
183.544	0.537897
183.479	0.537931
183.418	0.537756
183.357	0.537699
183.292	0.537858
183.229	0.537544
183.166	0.537632
183.105	0.537443
183.043	0.537448
182.981	0.537443
182.918	0.537301
182.856	0.537229
182.794	0.537437
182.732	0.537247
182.67	0.537191
182.608	0.537178
182.544	0.536842
182.481	0.537008
182.419	0.536899
182.357	0.536871
182.295	0.536889
182.23	0.536725
182.169	0.536745
182.106	0.536806
182.045	0.53647
181.982	0.536553
181.922	0.536496
181.859	0.536384
181.795	0.536171
181.734	0.536381
181.674	0.536226
181.611	0.536164
181.547	0.536208
181.487	0.53607
181.425	0.53608
181.361	0.536002
181.302	0.535818
181.237	0.535784
181.175	0.535844
181.113	0.535812
181.053	0.535787
180.99	0.535727
180.929	0.53567
180.867	0.535618
180.804	0.5355
180.74	0.535412
180.682	0.535399
180.618	0.535324
180.556	0.535345
180.492	0.535227
180.432	0.535222
180.369	0.53515
180.309	0.535324
180.246	0.535053
180.185	0.535022
180.126	0.534864
180.061	0.534957
179.999	0.534921
179.938	0.534824
179.876	0.534552
179.814	0.534692
179.754	0.534742
179.692	0.534557
179.631	0.534534
179.569	0.53446
179.505	0.534446
179.444	0.534396
179.385	0.53443
179.32	0.534189
179.257	0.534238
179.199	0.534178
179.138	0.534227
179.077	0.534077
179.014	0.533891
178.952	0.53399
178.889	0.533849
178.831	0.533683
178.767	0.533949
178.704	0.533801
178.644	0.533697
178.584	0.533731
178.522	0.533523
178.46	0.533577
178.4	0.533499
178.339	0.533437
178.276	0.533226
178.215	0.533487
178.154	0.533188
178.089	0.533283
178.03	0.533237
177.97	0.533141
177.907	0.532875
177.849	0.532982
177.787	0.53299
177.724	0.53287
177.664	0.53286
177.603	0.532776
177.542	0.532865
177.482	0.532759
177.418	0.532767
177.357	0.532605
177.297	0.532579
177.235	0.532509
177.173	0.532439
177.113	0.532363
177.053	0.532444
176.991	0.532155
176.929	0.532152
176.87	0.532181
176.808	0.532142
176.748	0.532092
176.686	0.532002
176.623	0.53195
176.563	0.532034
176.501	0.53207
176.443	0.531768
176.379	0.531729
176.321	0.531631
176.257	0.531523
176.198	0.53144
176.137	0.531739
176.074	0.531555
176.016	0.531313
175.953	0.531298
175.892	0.531319
175.834	0.531254
175.773	0.53115
175.711	0.531051
175.649	0.531194
175.59	0.530964
175.527	0.531074
175.468	0.530889
175.406	0.530882
175.346	0.530778
175.284	0.530721
175.226	0.530785
175.165	0.53071
175.104	0.530642
175.042	0.530777
174.981	0.530526
174.92	0.530458
174.859	0.530398
174.8	0.530393
174.739	0.530242
174.678	0.530138
174.62	0.530141
174.558	0.530039
174.499	0.530158
174.438	0.529956
174.379	0.529875
174.316	0.529837
174.256	0.529958
174.195	0.529696
174.135	0.529742
174.073	0.52966
174.015	0.529727
173.953	0.529658
173.892	0.529579
173.834	0.529543
173.772	0.529432
173.71	0.529439
173.652	0.529281
173.589	0.529418
173.531	0.529161
173.471	0.529145
173.41	0.529049
173.351	0.528984
173.29	0.529117
173.231	0.529013
173.168	0.528901
173.108	0.528956
173.049	0.528728
172.987	0.52873
172.929	0.528498
172.868	0.528597
172.809	0.528599
172.749	0.528622
172.689	0.528513
172.627	0.528579
172.567	0.528254
172.506	0.5283
172.447	0.528438
172.388	0.52809
172.327	0.528176
172.268	0.528158
172.207	0.528112
172.146	0.528259
172.088	0.528091
172.028	0.527911
171.965	0.527843
171.907	0.527788
171.848	0.527877
171.785	0.527716
171.726	0.527664
171.667	0.527729
171.607	0.52764
171.546	0.527401
171.489	0.52745
171.427	0.527471
171.367	0.527442
171.308	0.527404
171.247	0.527271
171.186	0.527125
171.126	0.527292
171.064	0.52704
171.006	0.527193
170.947	0.527089
170.888	0.526975
170.828	0.526832
170.768	0.526806
170.707	0.526796
170.648	0.52687
170.588	0.52659
170.529	0.526616
170.468	0.526619
170.408	0.526512
170.348	0.526538
170.29	0.526512
170.229	0.526515
170.17	0.526395
170.112	0.526289
170.052	0.52639
169.992	0.526164
169.932	0.526133
169.871	0.526057
169.813	0.525979
169.753	0.526057
169.693	0.526034
169.634	0.525935
169.573	0.525982
169.517	0.525829
169.454	0.525725
169.396	0.525585
169.335	0.525626
169.279	0.525587
169.218	0.525646
169.156	0.525451
169.099	0.525209
169.041	0.52542
168.982	0.525298
168.92	0.525275
168.86	0.52523
168.798	0.525101
168.74	0.525103
168.68	0.525077
168.622	0.525018
168.563	0.524994
168.502	0.524929
168.443	0.525105
168.385	0.524671
168.325	0.524671
168.268	0.524705
168.206	0.524612
168.146	0.524571
168.088	0.524487
168.028	0.524401
167.97	0.524563
167.913	0.524492
167.851	0.524279
167.793	0.524255
167.734	0.524128
167.674	0.524331
167.616	0.52417
167.556	0.5241
167.499	0.5241
167.435	0.523884
167.379	0.523858
167.317	0.524003
167.259	0.523785
167.201	0.523642
167.141	0.523741
167.084	0.523663
167.023	0.523718
166.964	0.523491
166.903	0.523533
166.846	0.523579
166.787	0.523377
166.73	0.523388
166.67	0.523185
166.611	0.523296
166.553	0.523164
166.493	0.523208
166.435	0.523245
166.373	0.523161
166.317	0.523058
166.259	0.522987
166.197	0.52304
166.141	0.522862
166.081	0.522761
166.024	0.52281
165.963	0.52286
165.904	0.522636
165.844	0.522782
165.788	0.522605
165.728	0.522657
165.669	0.522522
165.61	0.52241
165.551	0.522366
165.494	0.5224
165.434	0.522242
165.376	0.522374
165.317	0.522226
165.259	0.522121
165.2	0.521981
165.144	0.521986
165.083	0.522153
165.025	0.521843
164.966	0.521805
164.908	0.52195
164.849	0.521784
164.791	0.521646
164.733	0.521783
164.675	0.521572
164.616	0.521635
164.556	0.52143
164.502	0.521521
164.443	0.521425
164.385	0.521219
164.326	0.521165
164.27	0.521165
164.209	0.521139
164.152	0.521074
164.095	0.521163
164.038	0.521129
163.979	0.521066
163.922	0.521007
163.863	0.521019
163.803	0.521019
163.748	0.52083
163.69	0.520744
163.632	0.520755
163.576	0.520807
163.516	0.520562
163.461	0.520622
163.401	0.52056
163.343	0.520404
163.287	0.520437
163.23	0.520525
163.17	0.520411
163.112	0.520359
163.056	0.520323
162.996	0.520217
162.936	0.520198
162.875	0.520107
162.817	0.520042
162.76	0.519844
162.7	0.520003
162.643	0.519818
162.587	0.51971
162.526	0.519681
162.47	0.519718
162.411	0.5196
162.353	0.519574
162.296	0.519449
162.239	0.519452
162.181	0.519409
162.124	0.519346
162.066	0.519481
162.008	0.51932
161.95	0.519219
161.89	0.519291
161.833	0.519183
161.776	0.519016
161.722	0.519047
161.665	0.519068
161.605	0.518972
161.549	0.518859
161.491	0.518829
161.435	0.518698
161.378	0.518691
161.318	0.518696
161.26	0.518593
161.206	0.518498
161.148	0.518506
161.092	0.518589
161.035	0.518491
160.979	0.518368
160.919	0.518478
160.864	0.518293
160.807	0.518266
160.751	0.518092
160.696	0.518048
160.64	0.51816
160.58	0.518137
160.526	0.517968
160.469	0.517911
160.409	0.517857
160.355	0.51775
160.298	0.518057
160.24	0.517973
160.186	0.517674
160.13	0.517861
160.07	0.517863
160.012	0.517601
159.956	0.517707
159.898	0.517463
159.845	0.517385
159.789	0.517432
159.732	0.517383
159.675	0.51723
159.617	0.51711
159.558	0.517105
159.501	0.517141
159.446	0.517105
159.389	0.517076
159.33	0.516928
159.274	0.516928
159.217	0.51665
159.162	0.516918
159.105	0.516827
159.048	0.516631
158.991	0.516772
158.935	0.516722
158.879	0.516668
158.825	0.516874
158.771	0.516509
158.716	0.516611
158.659	0.516541
158.6	0.516359
158.544	0.516346
158.489	0.5162
158.435	0.516185
158.375	0.516323
158.319	0.516071
158.262	0.516135
158.207	0.516211
158.152	0.515748
158.099	0.516114
158.041	0.515943
157.988	0.515875
157.933	0.515867
157.876	0.515805
157.821	0.515634
157.764	0.515627
157.709	0.515793
157.652	0.515535
157.594	0.51562
157.535	0.515511
157.476	0.515381
157.423	0.515498
157.369	0.515407
157.308	0.515389
157.252	0.515298
157.193	0.51516
157.135	0.515155
157.081	0.515085
157.025	0.515122
156.967	0.515046
156.911	0.514953
156.856	0.514958
156.8	0.514753
156.741	0.51468
156.688	0.51467
156.631	0.514641
156.578	0.51456
156.519	0.514724
156.468	0.514526
156.415	0.514573
156.365	0.514498
156.309	0.514425
156.254	0.514467
156.2	0.514474
156.14	0.514303
156.091	0.51444
156.036	0.514197
155.978	0.514095
155.929	0.514301
155.872	0.514199
155.816	0.5144
155.765	0.514072
155.71	0.514136
155.651	0.514165
155.593	0.513933
155.539	0.514123
155.488	0.513913
155.435	0.51371
155.378	0.513775
155.319	0.513746
155.264	0.513562
155.204	0.513583
155.149	0.513388
155.087	0.513448
155.036	0.513336
154.983	0.51344
154.925	0.513294
154.864	0.513294
154.809	0.513236
154.756	0.513231
154.699	0.513192
154.646	0.51293
154.592	0.512969
154.539	0.51293
154.486	0.512824
154.43	0.512876
154.376	0.512821
154.323	0.512829
154.267	0.512626
154.216	0.512481
154.166	0.5126
154.109	0.512535
154.054	0.512408
153.999	0.512418
153.943	0.512524
153.892	0.512314
153.838	0.512413
153.779	0.512408
153.724	0.512249
153.669	0.512103
153.615	0.511942
153.563	0.512106
153.507	0.512064
153.455	0.512059
153.4	0.512072
153.346	0.511906
153.293	0.511849
153.236	0.511849
153.184	0.511727
153.127	0.511678
153.077	0.511548
153.019	0.511641
152.968	0.511682
152.916	0.51155
152.861	0.511537
152.808	0.511672
152.756	0.511361
152.705	0.511428
152.646	0.511423
152.592	0.511215
152.54	0.511201
152.484	0.511181
152.431	0.511311
152.379	0.511132
152.327	0.510992
152.275	0.510963
152.222	0.511086
152.168	0.510942
152.117	0.511184
152.063	0.510942
152.013	0.510877
151.953	0.510633
151.899	0.510704
151.846	0.510584
151.791	0.510758
151.741	0.510503
151.687	0.510495
151.631	0.510583
151.583	0.510394
151.528	0.510222
151.476	0.51031
151.426	0.510217
151.375	0.510134
151.324	0.510196
151.272	0.510141
151.218	0.510151
151.164	0.510125
151.113	0.510045
151.061	0.509853
151.007	0.510058
150.953	0.509803
150.899	0.509772
150.845	0.509863
150.794	0.509957
150.743	0.509744
150.687	0.509603
150.636	0.509679
150.582	0.509676
150.525	0.50946
150.475	0.509614
150.426	0.509434
150.376	0.509463
150.327	0.509502
150.272	0.509273
150.217	0.509172
150.166	0.509232
150.112	0.509258
150.058	0.509099
150.002	0.509138
149.95	0.508969
149.895	0.50886
149.84	0.509029
149.792	0.508982
149.741	0.508961
149.686	0.508724
149.632	0.50881
149.579	0.508859
149.529	0.508581
149.474	0.50881
149.419	0.508538
149.365	0.508574
149.31	0.508639
149.256	0.508467
149.205	0.508497
149.15	0.508392
149.094	0.508223
149.045	0.508355
148.998	0.508113
148.939	0.50807
148.887	0.508
148.833	0.508148
148.779	0.508062
148.729	0.507922
148.678	0.508041
148.623	0.50788
148.571	0.50793
148.518	0.507812
148.463	0.507651
148.406	0.507809
148.353	0.507778
148.298	0.507711
148.245	0.507568
148.19	0.507514
148.139	0.507527
148.083	0.507514
148.033	0.507425
147.925	0.507347
147.872	0.507199
147.815	0.507238
147.762	0.507287
147.707	0.507063
147.655	0.506936
147.607	0.507061
147.553	0.506907
147.5	0.506905
147.447	0.506949
147.394	0.506734
147.342	0.506733
147.291	0.50677
147.239	0.506678
147.185	0.506695
147.136	0.506526
147.086	0.506676
147.035	0.506508
146.979	0.506378
146.925	0.506591
146.869	0.506382
146.815	0.506463
146.759	0.506221
146.706	0.506227
146.656	0.506237
146.604	0.506149
146.55	0.506107
146.497	0.506058
146.444	0.506164
146.394	0.505946
146.345	0.505925
146.294	0.505933
146.236	0.505868
146.184	0.505844
146.133	0.505917
146.08	0.505692
146.03	0.505696
145.98	0.505597
145.925	0.505569
145.874	0.505442
145.821	0.505525
145.767	0.505562
145.716	0.505457
145.662	0.505377
145.61	0.505231
145.555	0.505424
145.501	0.505348
145.446	0.505116
145.392	0.505146
145.34	0.505026
145.292	0.504953
145.239	0.505018
145.184	0.505011
145.133	0.504836
145.078	0.504901
145.024	0.504948
144.973	0.504792
144.922	0.504836
144.866	0.504748
144.817	0.504685
144.764	0.504685
144.71	0.504758
144.657	0.503981
144.606	0.504012
144.556	0.503812
144.502	0.503939
144.451	0.503838
144.397	0.503823
144.345	0.50376
144.291	0.503677
144.24	0.503776
144.189	0.503654
144.136	0.503406
144.086	0.503606
144.037	0.503404
143.985	0.503518
143.934	0.503443
143.882	0.50336
143.83	0.503432
143.776	0.503328
143.725	0.503261
143.676	0.503082
143.623	0.503186
143.57	0.503048
143.515	0.503079
143.464	0.503022
143.409	0.503045
143.358	0.503167
143.304	0.502925
143.255	0.502926
143.208	0.502824
143.157	0.502912
143.104	0.502824
143.053	0.502652
143.005	0.502632
142.95	0.502582
142.898	0.50258
142.85	0.50257
142.796	0.50246
142.746	0.502578
142.694	0.502434
142.641	0.50246
142.592	0.502257
142.536	0.502446
142.481	0.502358
142.426	0.502301
142.378	0.502312
142.323	0.502166
142.271	0.502086
142.214	0.502044
142.164	0.502093
142.113	0.502096
142.062	0.501883
142.012	0.501977
141.959	0.501826
141.907	0.501758
141.856	0.501886
141.802	0.501858
141.749	0.501412
141.698	0.501776
141.645	0.501722
141.596	0.501662
141.54	0.501519
141.489	0.501522
141.434	0.50139
141.383	0.501376
141.334	0.501517
141.279	0.501331
141.23	0.501264
141.177	0.50128
141.126	0.501231
141.075	0.50108
141.026	0.501103
140.971	0.501028
140.917	0.501155
140.864	0.501087
140.814	0.50088
140.761	0.500981
140.711	0.500758
140.658	0.500718
140.608	0.500703
140.555	0.500708
140.504	0.500934
140.451	0.500711
140.4	0.50087
140.347	0.500654
140.292	0.500547
140.238	0.500656
140.182	0.500404
140.131	0.500346
140.083	0.500378
140.03	0.500393
139.973	0.500292
139.921	0.500274
139.869	0.500284
139.815	0.500256
139.767	0.500656
139.714	0.500524
139.662	0.5005
139.609	0.500555
139.557	0.500531
139.507	0.500516
139.454	0.500362
139.402	0.500521
139.347	0.500298
139.294	0.500152
139.245	0.500272
139.192	0.500212
139.138	0.50017
139.086	0.500284
139.037	0.499959
138.978	0.500024
138.929	0.500032
138.882	0.499993
138.827	0.500084
138.773	0.499809
138.722	0.499952
138.667	0.500004
138.613	0.499882
138.557	0.499728
138.502	0.499876
138.452	0.499838
138.402	0.499733
138.347	0.499803
138.295	0.499562
138.247	0.499728
138.197	0.499621
138.146	0.499619
138.094	0.499456
138.042	0.499565
137.994	0.499457
137.945	0.499553
137.89	0.499449
137.84	0.499474
137.793	0.49938
137.737	0.499359
137.687	0.49943
137.631	0.499265
137.579	0.4992
137.526	0.499166
137.474	0.499118
137.418	0.499115
137.368	0.499086
137.315	0.499016
137.267	0.499027
137.213	0.498876
137.161	0.499
137.11	0.498818
137.059	0.498738
137.008	0.49873
136.958	0.498725
136.909	0.498686
136.856	0.498675
136.805	0.498699
136.754	0.498657
136.703	0.498571
136.65	0.498613
136.599	0.498562
136.544	0.498548
136.492	0.498421
136.441	0.498512
136.385	0.498251
136.339	0.498343
136.285	0.49822
136.237	0.498267
136.181	0.498163
136.13	0.498134
136.076	0.498073
136.026	0.498159
135.977	0.498114
135.92	0.498002
135.871	0.498132
135.821	0.498015
135.77	0.498077
135.715	0.497981
135.66	0.49788
135.607	0.497763
135.551	0.497798
135.502	0.497751
135.452	0.497607
135.402	0.497648
135.351	0.497596
135.299	0.49761
135.247	0.497565
135.194	0.497574
135.142	0.497418
135.09	0.497417
135.038	0.497472
134.983	0.497345
134.932	0.497308
134.878	0.497214
134.823	0.497124
134.773	0.497168
134.724	0.497254
134.672	0.497025
134.624	0.497092
134.573	0.497038
134.523	0.496928
134.468	0.496962
134.419	0.496887
134.36	0.496877
134.309	0.496744
134.254	0.496871
134.202	0.496765
134.147	0.496684
134.093	0.49663
134.039	0.496635
133.987	0.496653
133.939	0.496702
133.887	0.496563
133.834	0.496602
133.785	0.496497
133.736	0.496396
133.68	0.496505
133.627	0.496385
133.577	0.496427
133.525	0.496422
133.471	0.496302
133.421	0.496227
133.369	0.496217
133.315	0.496081
133.267	0.496006
133.212	0.496251
133.159	0.496032
133.107	0.496062
133.056	0.496023
133.004	0.495854
132.952	0.495813
132.9	0.495826
132.844	0.495974
132.79	0.495551
132.737	0.49566
132.688	0.495727
132.634	0.495584
132.581	0.495569
132.529	0.4954
132.496	0.495444
132.442	0.49547
132.393	0.495356
132.341	0.495347
132.285	0.495556
132.233	0.495204
132.185	0.495234
132.129	0.495261
132.074	0.495346
132.024	0.495088
131.972	0.495112
131.916	0.495112
131.864	0.49509
131.814	0.495093
131.762	0.494935
131.709	0.495
131.657	0.494947
131.606	0.494888
131.554	0.494824
131.502	0.494756
131.45	0.494771
131.394	0.494711
131.347	0.494711
131.295	0.49468
131.245	0.494631
131.193	0.494659
131.141	0.494579
131.09	0.494532
131.036	0.494459
130.984	0.49453
130.935	0.49441
130.886	0.494254
130.834	0.494274
130.78	0.494303
130.725	0.494181
130.676	0.494032
130.621	0.493968
130.571	0.49421
130.523	0.494183
130.469	0.493955
130.419	0.494017
130.368	0.493846
130.315	0.493853
130.265	0.493868
130.211	0.493798
130.164	0.49379
130.11	0.49376
130.06	0.493682
130.009	0.493687
129.957	0.493692
129.905	0.493635
129.853	0.493562
129.798	0.493601
129.742	0.493398
129.693	0.493476
129.642	0.493474
129.588	0.493484
129.535	0.493308
129.487	0.493302
129.433	0.493235
129.382	0.493204
129.33	0.493222
129.28	0.49325
129.225	0.493138
129.172	0.493136
129.122	0.492946
129.069	0.492863
129.014	0.492876
128.961	0.492974
128.911	0.492944
128.858	0.4928
128.807	0.492754
128.755	0.492814
128.704	0.492697
128.655	0.492634
128.602	0.492634
128.55	0.492622
128.497	0.492522
128.445	0.49251
128.394	0.492525
128.338	0.492307
128.284	0.492405
128.232	0.492255
128.185	0.492413
128.135	0.492259
128.084	0.492177
128.032	0.492166
127.983	0.492252
127.935	0.492133
127.879	0.492112
127.83	0.492083
127.777	0.492099
127.728	0.49198
127.674	0.491904
127.621	0.49193
127.57	0.491764
127.515	0.491847
127.463	0.491795
127.413	0.491834
127.362	0.491769
127.311	0.491733
127.259	0.491683
127.203	0.491454
127.154	0.491439
127.102	0.491506
127.051	0.491506
127.001	0.491285
126.948	0.491428
126.897	0.491416
126.846	0.491384
126.793	0.491241
126.74	0.491267
126.691	0.49116
126.637	0.491233
126.584	0.491119
126.534	0.49115
126.483	0.490854
126.429	0.49095
126.379	0.490999
126.329	0.490848
126.274	0.490854
126.221	0.490812
126.169	0.490788
126.117	0.490923
126.066	0.490673
126.01	0.490677
125.958	0.490635
125.907	0.490593
125.854	0.490511
125.802	0.490503
125.749	0.490628
125.696	0.490557
125.642	0.490357
125.59	0.490453
125.54	0.490376
125.487	0.49023
125.437	0.490212
125.385	0.490123
125.332	0.490152
125.276	0.490391
125.227	0.490269
125.173	0.490181
125.122	0.490073
125.067	0.490009
125.013	0.489843
124.961	0.489858
124.909	0.489837
124.86	0.489808
124.803	0.489817
124.754	0.489941
124.699	0.489757
124.646	0.489603
124.592	0.489645
124.543	0.489625
124.49	0.489598
124.438	0.489642
124.389	0.48949
124.338	0.48953
124.284	0.489479
124.233	0.4894
124.184	0.489403
124.133	0.489388
124.078	0.489284
124.027	0.489268
123.972	0.48926
123.922	0.489288
123.87	0.489036
123.819	0.489057
123.768	0.489005
123.716	0.488982
123.666	0.489071
123.612	0.488956
123.561	0.488888
123.507	0.488865
123.459	0.488652
123.405	0.488761
123.355	0.488688
123.304	0.488732
123.254	0.488618
123.2	0.488577
123.146	0.488644
123.097	0.488602
123.043	0.488611
122.992	0.488644
122.936	0.488613
122.886	0.488406
122.836	0.48834
122.785	0.48853
122.733	0.488309
122.683	0.488382
122.628	0.488228
122.574	0.488223
122.522	0.488252
122.472	0.488021
122.421	0.488088
122.371	0.488003
122.317	0.487947
122.267	0.488026
122.214	0.487791
122.162	0.487753
122.11	0.487898
122.057	0.487807
122.005	0.487755
121.952	0.487807
121.903	0.487685
121.85	0.487573
121.799	0.487633
121.747	0.487568
121.696	0.487475
121.647	0.487412
121.596	0.487519
121.544	0.487459
121.493	0.487414
121.44	0.487539
121.389	0.487516
121.34	0.487274
121.285	0.487342
121.234	0.487209
121.182	0.487087
121.128	0.487207
121.079	0.487189
121.025	0.487007
120.974	0.486999
120.922	0.486878
120.869	0.486913
120.814	0.486905
120.76	0.486824
120.706	0.486848
120.657	0.486624
120.605	0.48671
120.55	0.48665
120.499	0.486866
120.449	0.486738
120.398	0.486694
120.343	0.486733
120.29	0.486635
120.238	0.486461
120.185	0.486398
120.132	0.486484
120.083	0.486456
120.031	0.486303
119.981	0.486263
119.927	0.486344
119.875	0.486187
119.823	0.486234
119.771	0.486466
119.722	0.486367
119.671	0.486122
119.62	0.486094
119.57	0.485983
119.518	0.485839
119.468	0.485712
119.42	0.485829
119.367	0.48594
119.316	0.485811
119.262	0.486008
119.209	0.485671
119.158	0.485746
119.106	0.485845
119.053	0.485608
119.002	0.485611
118.948	0.485661
118.895	0.485504
118.842	0.485593
118.792	0.485613
118.737	0.485489
118.685	0.485501
118.634	0.485286
118.576	0.485413
118.526	0.485299
118.472	0.485258
118.42	0.485145
118.379	0.485231
118.328	0.485166
118.277	0.484885
118.223	0.485177
118.173	0.48499
118.122	0.485008
118.071	0.484899
118.016	0.484925
117.965	0.484998
117.912	0.484782
117.858	0.484878
117.811	0.484803
117.758	0.4848
117.702	0.484597
117.652	0.484758
117.6	0.484602
117.543	0.484586
117.491	0.484486
117.439	0.484461
117.386	0.484428
117.337	0.484467
117.285	0.484262
117.232	0.484431
117.18	0.484387
117.128	0.484233
117.076	0.48427
117.024	0.484296
116.974	0.484251
116.919	0.484183
116.867	0.484176
116.817	0.484049
116.765	0.48402
116.715	0.483939
116.661	0.483864
116.608	0.483932
116.554	0.483859
116.503	0.483768
116.45	0.483952
116.397	0.483656
116.344	0.483698
116.293	0.483687
116.24	0.483562
116.185	0.483723
116.133	0.483567
116.082	0.483588
116.029	0.483402
115.976	0.483464
115.924	0.483508
115.872	0.483287
115.823	0.483375
115.77	0.483409
115.718	0.483206
115.669	0.483266
115.617	0.48318
115.569	0.483172
115.516	0.483191
115.462	0.48322
115.413	0.483201
115.362	0.483183
115.311	0.483037
115.256	0.483081
115.204	0.482871
115.15	0.482931
115.099	0.482926
115.047	0.482972
114.995	0.48284
114.945	0.482694
114.892	0.482788
114.838	0.482842
114.786	0.482715
114.736	0.482471
114.684	0.482656
114.633	0.482697
114.582	0.482484
114.531	0.482471
114.48	0.482606
114.425	0.482427
114.372	0.482354
114.322	0.482299
114.27	0.482319
114.216	0.482117
114.167	0.482162
114.116	0.482266
114.065	0.482068
114.014	0.482081
113.962	0.482216
113.911	0.482057
113.858	0.482073
113.807	0.481867
113.758	0.482068
113.705	0.482074
113.65	0.482008
113.6	0.48188
113.55	0.481766
113.496	0.481704
113.442	0.481852
113.389	0.4818
113.334	0.481784
113.28	0.481764
113.228	0.481681
113.175	0.481625
113.122	0.481363
113.072	0.481511
113.02	0.481418
112.969	0.481319
112.92	0.481449
112.869	0.48154
112.814	0.481288
112.761	0.481238
112.712	0.481316
112.66	0.481158
112.608	0.481259
112.555	0.481135
112.504	0.481127
112.451	0.481158
112.404	0.480906
112.35	0.48103
112.298	0.480895
112.247	0.480794
112.197	0.480823
112.146	0.480903
112.095	0.48088
112.043	0.480813
111.993	0.480815
111.94	0.480804
111.887	0.480645
111.846	0.480651
111.783	0.480745
111.729	0.480595
111.679	0.480532
111.627	0.480709
111.579	0.480506
111.526	0.480349
111.472	0.480381
111.42	0.480573
111.369	0.480228
111.312	0.480334
111.263	0.480305
111.21	0.480316
111.158	0.480204
111.108	0.480076
111.057	0.480178
111.007	0.480212
110.953	0.480115
110.902	0.479998
110.851	0.480043
110.798	0.479959
110.746	0.479939
110.698	0.479848
110.644	0.479887
110.595	0.479837
110.539	0.479697
110.49	0.479684
110.437	0.479806
110.386	0.479679
110.336	0.47965
110.282	0.479652
110.229	0.479456
110.176	0.47946
110.125	0.479486
110.073	0.479435
110.021	0.479406
109.969	0.479338
109.918	0.479367
109.867	0.479328
109.814	0.479302
109.761	0.479166
109.708	0.479279
109.656	0.47905
109.605	0.479159
109.553	0.479139
109.502	0.478901
109.449	0.479073
109.399	0.479022
109.344	0.478814
109.292	0.478819
109.241	0.478927
109.185	0.478759
109.133	0.478663
109.081	0.47871
109.034	0.478694
108.982	0.47878
108.93	0.478698
108.876	0.478743
108.826	0.478421
108.771	0.478432
108.718	0.478548
108.667	0.478533
108.617	0.478488
108.562	0.478501
108.512	0.478494
108.458	0.478371
108.406	0.478327
108.352	0.478299
108.298	0.478189
108.247	0.47819
108.194	0.478218
108.143	0.47819
108.093	0.47801
108.04	0.47801
107.984	0.477961
107.936	0.477997
107.882	0.477927
107.831	0.477966
107.778	0.477917
107.725	0.477849
107.677	0.477885
107.624	0.477904
107.573	0.477808
107.521	0.477685
107.47	0.477591
107.417	0.477706
107.365	0.477703
107.312	0.477519
107.26	0.477503
107.207	0.477654
107.153	0.477425
107.101	0.477529
107.048	0.477337
106.997	0.477327
106.944	0.477345
106.896	0.477407
106.843	0.477384
106.792	0.477381
106.741	0.477261
106.689	0.477085
106.637	0.477223
106.584	0.477145
106.532	0.476994
106.481	0.476992
106.427	0.476963
106.378	0.476944
106.329	0.476964
106.276	0.476913
106.222	0.476962
106.17	0.476835
106.12	0.476794
106.067	0.476681
106.017	0.4767
105.964	0.476806
105.91	0.476757
105.858	0.476604
105.807	0.476682
105.757	0.476548
105.705	0.476609
105.652	0.476475
105.613	0.476518
105.562	0.476471
105.513	0.476445
105.458	0.476453
105.404	0.476435
105.349	0.476372
105.297	0.476332
105.244	0.476084
105.193	0.476258
105.14	0.476157
105.086	0.476097
105.036	0.476079
104.985	0.476053
104.934	0.476019
104.881	0.475993
104.828	0.475942
104.776	0.475806
104.725	0.475936
104.675	0.475884
104.624	0.47579
104.574	0.475881
104.52	0.475778
104.469	0.475699
104.416	0.47571
104.366	0.475613
104.315	0.475598
104.262	0.475668
104.212	0.475608
104.159	0.475478
104.111	0.47552
104.057	0.475364
104.007	0.475351
103.954	0.475442
103.904	0.47528
103.851	0.475301
103.796	0.475229
103.746	0.475255
103.693	0.475205
103.641	0.475088
103.59	0.475057
103.536	0.475133
103.477	0.47507
103.427	0.474951
103.375	0.475058
103.32	0.475065
103.27	0.474875
103.218	0.474892
103.165	0.475018
103.115	0.47473
103.062	0.474852
103.008	0.474841
102.956	0.474701
102.903	0.474608
102.851	0.474613
102.8	0.474613
102.748	0.474654
102.697	0.474696
102.645	0.474582
102.593	0.474469
102.542	0.474464
102.492	0.47447
102.437	0.474473
102.387	0.474437
102.333	0.474324
102.282	0.474324
102.23	0.474299
102.176	0.474358
102.127	0.474092
102.076	0.474202
102.021	0.474207
101.97	0.474158
101.92	0.474118
101.866	0.47415
101.813	0.474012
101.762	0.474204
101.715	0.473994
101.66	0.473934
101.611	0.47395
101.56	0.473877
101.507	0.473872
101.455	0.47395
101.404	0.473721
101.351	0.473726
101.3	0.47369
101.249	0.473622
101.196	0.473747
101.145	0.473598
101.092	0.473508
101.039	0.473542
100.988	0.473534
100.938	0.473409
100.888	0.473524
100.835	0.473552
100.784	0.473342
100.73	0.473614
100.679	0.473339
100.626	0.473279
100.577	0.473306
100.526	0.473235
100.477	0.47324
100.426	0.473206
100.373	0.473243
100.322	0.47323
100.272	0.472972
100.219	0.47312
100.167	0.472952
100.115	0.472918
100.064	0.472928
100.01	0.472856
99.9599	0.472728
99.9073	0.472993
99.8562	0.472775
99.8036	0.472817
99.7484	0.47272
99.6972	0.472663
99.6462	0.472668
99.5923	0.472637
99.5419	0.472531
99.489	0.472569
99.4354	0.472494
99.3856	0.472458
99.3324	0.472556
99.2788	0.472356
99.2269	0.472421
99.1758	0.472434
99.1205	0.472348
99.0702	0.472432
99.0178	0.472403
98.9652	0.472331
98.9154	0.472094
98.8635	0.47212
98.8112	0.472159
98.7602	0.471925
98.7082	0.471993
98.6593	0.472055
98.6091	0.472139
98.5572	0.472123
98.506	0.471969
98.4527	0.471849
98.4017	0.47186
98.3504	0.471897
98.2999	0.471759
98.2456	0.471774
98.1926	0.471686
98.1419	0.471728
98.0895	0.471784
98.0384	0.471685
97.9836	0.471712
97.9342	0.47174
97.88	0.471548
97.832	0.471611
97.7809	0.471488
97.7305	0.471621
97.679	0.471525
97.6282	0.471516
97.5753	0.471301
97.5252	0.471347
97.4721	0.47116
97.4176	0.471322
97.3664	0.471387
97.317	0.471272
97.2643	0.471026
97.2134	0.471138
97.1614	0.471114
97.111	0.471173
97.0598	0.470947
97.0078	0.471041
96.9558	0.470989
96.9048	0.471166
96.8534	0.47087
96.8034	0.470892
96.7519	0.47095
96.7005	0.470807
96.6472	0.470831
96.5951	0.470802
96.5439	0.470838
96.4917	0.470815
96.4391	0.470817
96.3881	0.470724
96.3372	0.470638
96.2844	0.470714
96.2322	0.470555
96.1811	0.470406
96.1303	0.470383
96.0756	0.470433
96.0266	0.470308
95.9742	0.470202
95.9287	0.470334
95.8763	0.470407
95.8244	0.470238
95.7752	0.47025
95.7226	0.47025
95.6723	0.470199
95.6212	0.470207
95.569	0.470092
95.5177	0.470116
95.4626	0.470128
95.4108	0.470196
95.3584	0.470118
95.3043	0.469887
95.2523	0.469952
95.2025	0.469871
95.1485	0.469804
95.0975	0.469887
95.0452	0.469921
94.9919	0.46977
94.9398	0.46982
94.89	0.469936
94.8383	0.469762
94.7859	0.469725
94.7335	0.46963
94.6797	0.469609
94.627	0.469614
94.5768	0.469518
94.5234	0.469398
94.4714	0.469346
94.4199	0.469365
94.3664	0.469336
94.3161	0.469416
94.2652	0.469321
94.2118	0.469391
94.1595	0.469201
94.1122	0.469299
94.0593	0.469237
94.0289	0.469177
93.9756	0.469258
93.9259	0.469045
93.8731	0.469157
93.8218	0.468962
93.7717	0.469001
93.7185	0.468886
93.6674	0.468936
93.6164	0.468822
93.564	0.468822
93.5121	0.46891
93.4599	0.468793
93.4099	0.468925
93.3564	0.46878
93.3071	0.468814
93.2527	0.468704
93.1979	0.468626
93.1463	0.468668
93.0941	0.468631
93.0421	0.468582
92.9899	0.468574
92.9378	0.468506
92.8856	0.468558
92.8339	0.468449
92.783	0.468322
92.7307	0.468467
92.6791	0.468379
92.6255	0.468322
92.5715	0.468294
92.5232	0.468148
92.4699	0.468135
92.4186	0.468114
92.3683	0.468106
92.3166	0.468094
92.2654	0.468099
92.2151	0.468023
92.1642	0.468051
92.1129	0.468018
92.0598	0.467956
92.0074	0.468122
91.9566	0.467956
91.9034	0.467974
91.8532	0.467872
91.8003	0.467815
91.748	0.467958
91.6957	0.46768
91.6434	0.467746
91.5916	0.467698
91.537	0.46774
91.4878	0.467542
91.4343	0.467647
91.3856	0.467394
91.334	0.467394
91.2823	0.467394
91.2284	0.467417
91.1771	0.467387
91.1249	0.467574
91.0717	0.467417
91.0197	0.46743
90.9699	0.467216
90.9186	0.46721
90.8659	0.467397
90.815	0.467103
90.7617	0.467142
90.711	0.467176
90.6613	0.467221
90.6074	0.467051
90.5523	0.467007
90.5013	0.467088
90.4485	0.466963
90.3984	0.467003
90.3489	0.467057
90.2954	0.467002
90.2442	0.466887
90.1909	0.466903
90.1394	0.466819
90.0884	0.466913
90.0337	0.466679
89.9809	0.466872
89.9319	0.466599
89.8785	0.466703
89.8279	0.4667
89.7754	0.466498
89.7226	0.466592
89.6725	0.466602
89.6217	0.466435
89.5673	0.466695
89.5168	0.466552
89.4653	0.466539
89.4121	0.466412
89.3616	0.466497
89.3102	0.466419
89.2574	0.466402
89.205	0.466394
89.1533	0.466347
89.0996	0.466318
89.0487	0.466165
88.9943	0.466259
88.9431	0.466199
88.8938	0.466259
88.8415	0.466069
88.7887	0.465999
88.7357	0.465988
88.6804	0.466087
88.6299	0.4659
88.5781	0.465957
88.5249	0.466071
88.4745	0.465869
88.4246	0.46598
88.3733	0.465765
88.3202	0.465629
88.269	0.465876
88.215	0.46585
88.1628	0.465665
88.1101	0.465601
88.056	0.465613
88.0067	0.465637
87.9561	0.465694
87.9027	0.465585
87.853	0.46557
87.8009	0.465385
87.7504	0.465408
87.7004	0.465426
87.6474	0.465517
87.5947	0.465317
87.5423	0.465499
87.4925	0.465372
87.4392	0.465382
87.3891	0.465188
87.3363	0.465322
87.2851	0.465193
87.2347	0.465136
87.1831	0.46499
87.1315	0.465172
87.0803	0.465096
87.0266	0.465019
86.9759	0.465058
86.924	0.464961
86.8738	0.464925
86.8206	0.464842
86.7696	0.464936
86.7166	0.464847
86.6659	0.464873
86.6137	0.464618
86.5635	0.464746
86.5148	0.464751
86.4635	0.464759
86.4128	0.464602
86.3617	0.464605
86.3103	0.464601
86.2589	0.464601
86.2044	0.464551
86.1545	0.464569
86.1019	0.46459
86.0485	0.46433
85.9955	0.464514
85.9467	0.464459
85.8951	0.464285
85.8409	0.464392
85.7891	0.464327
85.7367	0.4644
85.6858	0.464403
85.6311	0.464454
85.579	0.464158
85.5275	0.464216
85.4769	0.464047
85.4253	0.464161
85.3747	0.463934
85.3227	0.464132
85.2719	0.464106
85.2143	0.463994
85.1655	0.463893
85.1135	0.463953
85.0615	0.463971
85.0087	0.463916
84.9568	0.464116
84.9048	0.463903
84.8523	0.463813
84.8006	0.463877
84.7513	0.46382
84.6987	0.463666
84.6474	0.463687
84.5992	0.46373
84.546	0.463713
84.4909	0.463664
84.4409	0.463602
84.3902	0.463589
84.338	0.463503
84.2883	0.46355
84.2355	0.463521
84.1829	0.463503
84.1301	0.463373
84.0782	0.463433
84.026	0.463332
83.9737	0.463458
83.9224	0.463342
83.8718	0.46337
83.8216	0.463334
83.7698	0.463313
83.717	0.463181
83.6661	0.463253
83.6155	0.463017
83.5781	0.463142
83.5282	0.463082
83.4735	0.463059
83.4198	0.463012
83.3684	0.462965
83.3194	0.462968
83.2685	0.463087
83.216	0.462846
83.1656	0.462902
83.1124	0.462985
83.0634	0.46271
83.0109	0.462684
82.9588	0.462845
82.9084	0.462718
82.854	0.462604
82.8038	0.462731
82.7521	0.462521
82.7016	0.462763
82.6502	0.462531
82.5986	0.462684
82.5466	0.462528
82.4973	0.462476
82.4453	0.462424
82.3905	0.462489
82.338	0.462287
82.2847	0.462438
82.2351	0.462378
82.1833	0.46238
82.1298	0.462219
82.0787	0.462291
82.0258	0.462146
81.9738	0.462263
81.9217	0.462266
81.8685	0.46225
81.8199	0.462248
81.7683	0.462081
81.7149	0.462088
81.6629	0.462203
81.6115	0.462065
81.5589	0.462047
81.506	0.461995
81.4547	0.462016
81.4049	0.462026
81.3517	0.461979
81.2997	0.461688
81.2464	0.461842
81.1958	0.461759
81.1449	0.461655
81.0925	0.461675
81.0411	0.461805
80.9878	0.46166
80.9354	0.461702
80.8822	0.46167
80.8297	0.461577
80.7793	0.461655
80.7256	0.461478
80.6738	0.461608
80.6239	0.461647
80.5695	0.461568
80.5192	0.461647
80.4678	0.461356
80.4159	0.461419
80.3659	0.461182
80.3105	0.461377
80.2582	0.461328
80.2059	0.461242
80.1558	0.46106
80.1038	0.461171
80.0497	0.461151
80.0019	0.461098
79.9511	0.461063
79.9	0.461299
79.8471	0.460961
79.7969	0.461091
79.7437	0.460993
79.6923	0.460774
79.6404	0.460998
79.5878	0.460974
79.5363	0.461018
79.4841	0.460841
79.4302	0.460977
79.3809	0.460951
79.3297	0.460771
79.2782	0.460861
79.2265	0.460742
79.1748	0.46067
79.124	0.460693
79.0711	0.460716
79.0204	0.460537
78.9696	0.460699
78.918	0.460558
78.8667	0.460449
78.8146	0.460592
78.7635	0.46039
78.7126	0.460576
78.6619	0.460568
78.6105	0.460279
78.5561	0.46046
78.5074	0.460319
78.4574	0.46044
78.4052	0.460292
78.3538	0.460204
78.3005	0.460365
78.2494	0.460009
78.1982	0.460363
78.1458	0.460345
78.0918	0.460145
78.0406	0.460228
77.986	0.460181
77.9348	0.46009
77.8819	0.460036
77.8281	0.459952
77.7776	0.460064
77.7244	0.459877
77.6733	0.459986
77.6209	0.459861
77.5676	0.459838
77.5161	0.459885
77.4666	0.45984
77.4149	0.459859
77.3617	0.459786
77.3094	0.459597
77.2582	0.459794
77.2056	0.459765
77.1528	0.459739
77.0987	0.459674
77.0481	0.459593
76.9945	0.459461
76.9425	0.45957
76.8893	0.459604
76.8388	0.459327
76.7877	0.459614
76.7369	0.45957
76.685	0.459432
76.6324	0.459391
76.5799	0.459368
76.5266	0.459321
76.4754	0.459329
76.4218	0.459292
76.3693	0.459284
76.3187	0.459194
76.2673	0.459087
76.2162	0.459357
76.1646	0.459186
76.1136	0.45891
76.0589	0.459157
76.0074	0.45911
75.9567	0.459053
75.9041	0.459091
75.8501	0.459079
75.7975	0.459095
75.7482	0.459063
75.6951	0.459001
75.6444	0.458885
75.5917	0.458929
75.5401	0.458715
75.4908	0.458894
75.4355	0.458811
75.3837	0.458733
75.3319	0.45876
75.2778	0.458733
75.2247	0.458658
75.1742	0.458749
75.1224	0.458556
75.0694	0.458541
75.019	0.458647
74.9676	0.458624
74.9153	0.458658
74.8624	0.45857
74.8083	0.458315
74.76	0.458315
74.7059	0.458374
74.6539	0.458398
74.6018	0.458286
74.5491	0.458429
74.4977	0.458383
74.4453	0.458143
74.3913	0.458253
74.3404	0.458219
74.2882	0.458234
74.2357	0.458099
74.1821	0.458205
74.1298	0.458031
74.0792	0.458154
74.0278	0.458115
73.9754	0.458166
73.9256	0.458099
73.8743	0.45813
73.8229	0.457995
73.771	0.457911
73.7185	0.457907
73.6671	0.457904
73.6159	0.458022
73.5635	0.45792
73.5122	0.457973
73.4595	0.457802
73.4081	0.457811
73.3571	0.457709
73.3071	0.457805
73.2557	0.457704
73.2034	0.457694
73.1524	0.457803
73.1008	0.457699
73.0519	0.457571
73.0014	0.45749
72.9469	0.457592
72.8925	0.457483
72.8409	0.457647
72.7898	0.457449
72.7355	0.457556
72.6827	0.45734
72.633	0.457236
72.5821	0.457274
72.5301	0.45722
72.4796	0.457342
72.427	0.457444
72.377	0.457204
72.3258	0.457098
72.2747	0.457031
72.2221	0.457127
72.1703	0.457252
72.1184	0.457182
72.066	0.457046
72.0172	0.456953
71.9648	0.457046
71.9144	0.457051
71.8616	0.456922
71.8086	0.456969
71.7594	0.456999
71.7096	0.456901
71.6578	0.456914
71.6038	0.456862
71.5515	0.456826
71.5003	0.456968
71.4506	0.456862
71.3962	0.456768
71.3458	0.45679
71.2968	0.456701
71.2434	0.456716
71.1934	0.456567
71.1421	0.456677
71.0898	0.456626
71.0358	0.456623
70.9838	0.456516
70.9317	0.45649
70.8791	0.456396
70.8269	0.456308
70.7756	0.456459
70.7236	0.456498
70.6717	0.456423
70.6221	0.456324
70.5686	0.45628
70.5186	0.456215
70.4659	0.456275
70.415	0.456334
70.3642	0.456256
70.3125	0.456009
70.2621	0.455981
70.2087	0.456173
70.1587	0.456038
70.1058	0.456067
70.0548	0.456038
70.0054	0.456058
69.9532	0.456049
69.8989	0.455863
69.8464	0.45598
69.7845	0.455887
69.7413	0.455916
69.6881	0.455926
69.6369	0.455817
69.5835	0.455728
69.5309	0.455759
69.4796	0.455679
69.4288	0.455817
69.3762	0.455822
69.3279	0.455684
69.2743	0.455741
69.2234	0.455811
69.1728	0.45563
69.1207	0.455544
69.0683	0.455565
69.0174	0.455625
68.9636	0.455536
68.9114	0.455495
68.8595	0.455577
68.8092	0.455424
68.7572	0.455498
68.7063	0.455513
68.6558	0.455373
68.6037	0.455438
68.5525	0.455462
68.5012	0.455318
68.4492	0.455219
68.3983	0.455354
68.3462	0.45511
68.2952	0.455266
68.2454	0.455051
68.1932	0.455219
68.1404	0.455087
68.0898	0.455012
68.0372	0.455082
67.9869	0.455246
67.9354	0.454961
67.8828	0.454876
67.831	0.455105
67.778	0.454946
67.7252	0.454832
67.6708	0.454967
67.6202	0.454704
67.5658	0.454883
67.5132	0.454879
67.4621	0.454611
67.4112	0.454777
67.3573	0.454824
67.3051	0.454816
67.2515	0.454593
67.1975	0.454673
67.146	0.454683
67.0948	0.454548
67.0433	0.454616
66.993	0.454699
66.9408	0.454538
66.8892	0.45451
66.8382	0.454619
66.7859	0.454531
66.7338	0.454494
66.6808	0.454627
66.6286	0.454473
66.5772	0.454302
66.5265	0.454143
66.4749	0.454367
66.4226	0.454331
66.3696	0.454237
66.3186	0.454401
66.2672	0.454318
66.2163	0.454138
66.1645	0.454104
66.113	0.454226
66.0593	0.454195
66.0101	0.454024
65.9573	0.454062
65.9065	0.454091
65.854	0.454073
65.8017	0.454078
65.7502	0.454052
65.6997	0.454153
65.6473	0.453979
65.5956	0.453878
65.5459	0.453883
65.4917	0.453787
65.4424	0.453826
65.3913	0.453802
65.3375	0.453714
65.2851	0.453785
65.2329	0.453852
65.1805	0.453714
65.1289	0.453763
65.0792	0.453642
65.0265	0.453649
64.9751	0.453452
64.9221	0.453577
64.8684	0.453655
64.8173	0.45359
64.7655	0.453551
64.713	0.453522
64.6612	0.453483
64.609	0.453527
64.5588	0.453454
64.5063	0.453368
64.4559	0.453337
64.4029	0.453399
64.3506	0.453334
64.2988	0.4534
64.2441	0.453239
64.1922	0.453262
64.1395	0.453213
64.0897	0.453064
64.0406	0.45327
63.9887	0.453298
63.9372	0.453184
63.8849	0.453405
63.8344	0.453134
63.7818	0.452872
63.7302	0.453109
63.6752	0.453158
63.6235	0.453228
63.5733	0.453049
63.5219	0.452989
63.4693	0.452877
63.4186	0.453049
63.3661	0.45293
63.314	0.452997
63.2599	0.452838
63.2088	0.452963
63.1544	0.452786
63.1045	0.452843
63.0531	0.452802
63.0012	0.452685
62.9486	0.452765
62.8947	0.452721
62.8437	0.452711
62.7922	0.452599
62.7395	0.452654
62.6882	0.452687
62.635	0.452731
62.5844	0.452497
62.5326	0.452552
62.4801	0.452458
62.4287	0.45256
62.3769	0.452424
62.324	0.452467
62.2711	0.452365
62.2218	0.452438
62.1704	0.452425
62.1165	0.452583
62.0632	0.452401
62.0107	0.452474
61.9615	0.452352
61.9083	0.452334
61.8569	0.452194
61.8047	0.452217
61.7534	0.452323
61.7071	0.452253
61.649	0.45215
61.5975	0.452155
61.545	0.452224
61.4929	0.452118
61.4421	0.452027
61.3902	0.452165
61.3382	0.451981
61.2879	0.452038
61.236	0.451923
61.1826	0.452061
61.131	0.452141
61.078	0.451769
61.0241	0.451824
60.9721	0.451895
60.9235	0.451791
60.871	0.451809
60.8197	0.451884
60.7677	0.451786
60.715	0.451755
60.6635	0.45189
60.611	0.451497
60.5591	0.451665
60.507	0.451726
60.4546	0.45171
60.4042	0.451522
60.352	0.451492
60.2992	0.451567
60.2469	0.451479
60.196	0.4515
60.1435	0.451541
60.0923	0.45139
60.0404	0.451502
59.9892	0.451421
59.938	0.451367
59.886	0.451403
59.8352	0.451377
59.7819	0.451543
59.731	0.451253
59.679	0.451309
59.6251	0.45127
59.5731	0.451271
59.5207	0.451165
59.468	0.451144
59.4166	0.451141
59.3641	0.451296
59.3138	0.450974
59.2612	0.451193
59.2093	0.451193
59.1578	0.45098
59.1053	0.450985
59.051	0.451135
59.0003	0.451005
58.9475	0.450959
58.896	0.451076
58.8425	0.451047
58.7903	0.45107
58.7372	0.450771
58.6859	0.450917
58.632	0.450917
58.5805	0.450897
58.5276	0.450849
58.4761	0.450841
58.4258	0.450767
58.3736	0.450759
58.3207	0.450834
58.2692	0.450735
58.2154	0.450717
58.1634	0.450624
58.1111	0.450609
58.0597	0.45066
58.0153	0.450595
57.964	0.450559
57.9119	0.45064
57.858	0.450577
57.8064	0.450555
57.7554	0.45048
57.703	0.450449
57.6505	0.450356
57.5975	0.450405
57.5455	0.45047
57.4928	0.450182
57.4408	0.450324
57.3883	0.45022
57.3392	0.450252
57.2872	0.45023
57.2362	0.450202
57.1839	0.45015
57.1322	0.450189
57.0796	0.450029
57.0291	0.450062
56.9792	0.449937
56.928	0.450137
56.8761	0.450101
56.8237	0.450051
56.7715	0.450023
56.7184	0.450056
56.665	0.450041
56.6116	0.449981
56.5617	0.449983
56.5097	0.450023
56.458	0.449922
56.4067	0.449857
56.3544	0.449971
56.3025	0.449797
56.2507	0.449768
56.2	0.449903
56.1471	0.449711
56.0954	0.449703
56.0449	0.449893
55.9912	0.449656
55.939	0.44984
55.8894	0.449839
55.8372	0.449685
55.7852	0.449542
55.7326	0.449685
55.6802	0.449594
55.6272	0.449415
55.5751	0.449622
55.5248	0.449521
55.4723	0.449501
55.4188	0.449485
55.3669	0.449475
55.313	0.449485
55.2613	0.449412
55.2075	0.449404
55.1542	0.449261
55.104	0.449212
55.0504	0.449295
54.9986	0.449456
54.9456	0.449329
54.8946	0.449264
54.8424	0.449173
54.7917	0.449331
54.7407	0.449235
54.6894	0.449082
54.6377	0.449097
54.5852	0.449154
54.5331	0.449222
54.4874	0.449051
54.4297	0.449269
54.3791	0.44903
54.3284	0.448981
54.276	0.449059
54.223	0.448895
54.1744	0.448986
54.1201	0.448853
54.0662	0.449033
54.0147	0.448869
53.9611	0.449004
53.9081	0.449069
53.859	0.448854
53.8055	0.448799
53.7535	0.448749
53.7018	0.448781
53.6495	0.448913
53.599	0.44864
53.5446	0.448817
53.4941	0.448564
53.4426	0.448598
53.3921	0.44871
53.3412	0.448641
53.2896	0.448666
53.2381	0.44869
53.1866	0.448473
53.133	0.448708
53.0813	0.448492
53.0281	0.448588
52.9766	0.448471
52.9252	0.448422
52.875	0.448497
52.8211	0.448417
52.7692	0.448389
52.7147	0.448386
52.6624	0.448664
52.6091	0.448305
52.5577	0.448261
52.5058	0.448284
52.453	0.448329
52.3982	0.448445
52.3468	0.448362
52.2951	0.448271
52.2433	0.448216
52.1915	0.4481
52.1375	0.448027
52.087	0.448196
52.0348	0.448274
51.9834	0.44806
51.9305	0.448128
51.8791	0.447993
51.8262	0.448039
51.7742	0.448053
51.7218	0.448157
51.6684	0.447824
51.6166	0.447985
51.5628	0.447974
51.5114	0.447915
51.4597	0.447819
51.4071	0.447941
51.3528	0.447738
51.301	0.447871
51.2499	0.447798
51.1981	0.447874
51.1545	0.447876
51.0914	0.447785
51.0402	0.447686
50.9873	0.447598
50.9346	0.447663
50.8818	0.447637
50.8306	0.447645
50.7771	0.447574
50.7252	0.447637
50.6736	0.447551
50.6209	0.447611
50.5692	0.447541
50.5173	0.447497
50.4655	0.447504
50.4134	0.447447
50.363	0.447398
50.3117	0.447426
50.257	0.447403
50.2046	0.44745
50.1525	0.447335
50.1002	0.447185
50.0461	0.447422
49.9941	0.447481
49.9407	0.447481
49.8869	0.447301
49.833	0.44727
49.7814	0.447198
49.7288	0.447172
49.6777	0.447106
49.6253	0.447179
49.5735	0.447075
49.5213	0.447104
49.4676	0.447088
49.4167	0.447041
49.3633	0.447091
49.3109	0.44708
49.2585	0.447104
49.2043	0.446954
49.1524	0.446956
49.0989	0.446966
49.0479	0.446896
48.9939	0.446927
48.9437	0.447005
48.8908	0.446867
48.8385	0.446878
48.7867	0.447115
48.7341	0.446992
48.683	0.446997
48.6304	0.446831
48.5765	0.446849
48.5241	0.446862
48.4717	0.446832
48.4208	0.446644
48.3706	0.446717
48.3186	0.446631
48.2667	0.446797
48.2148	0.44678
48.164	0.446727
48.1121	0.446522
48.0599	0.44652
48.0132	0.446605
47.9463	0.446452
47.8946	0.446524
47.8419	0.446542
47.7881	0.44647
47.7364	0.446356
47.6859	0.446462
47.6349	0.446436
47.5822	0.446366
47.53	0.446405
47.4768	0.446329
47.4237	0.446267
47.3698	0.446301
47.3164	0.4462
47.2621	0.44613
47.2104	0.446322
47.1568	0.446236
47.1053	0.446259
47.055	0.446286
47.0038	0.446085
46.9501	0.446265
46.8969	0.446215
46.845	0.446075
46.7939	0.446061
46.7418	0.446046
46.6901	0.446062
46.6412	0.446036
46.5877	0.446108
46.534	0.445939
46.4833	0.445932
46.4331	0.446119
46.3802	0.445903
46.328	0.445867
46.2772	0.445955
46.2259	0.445765
46.172	0.445927
46.1196	0.445791
46.0672	0.445799
46.0139	0.445766
45.9608	0.445854
45.9079	0.445749
45.8548	0.445913
45.8019	0.445825
45.7503	0.445646
45.6979	0.445662
45.6458	0.445869
45.5944	0.445708
45.5418	0.44576
45.4892	0.445802
45.4369	0.445622
45.3844	0.445471
45.334	0.445558
45.2829	0.445469
45.2305	0.445516
45.1791	0.445477
45.1275	0.445342
45.0771	0.445501
45.0407	0.445495
44.9864	0.445391
44.9348	0.445373
44.8791	0.445412
44.8251	0.445367
44.7721	0.445409
44.722	0.44524
44.6702	0.445308
44.6174	0.44535
44.5656	0.445214
44.5145	0.445277
44.4616	0.445172
44.4078	0.445315
44.3557	0.445184
44.3016	0.445136
44.2512	0.445089
44.1982	0.445103
44.1465	0.445225
44.0949	0.445097
44.0409	0.445079
43.9881	0.445261
43.9343	0.444962
43.8797	0.445077
43.8307	0.445118
43.7763	0.44505
43.7239	0.444962
43.6706	0.445053
43.6189	0.444931
43.5645	0.445163
43.5127	0.444851
43.4609	0.444991
43.4067	0.444804
43.3526	0.444884
43.2998	0.444879
43.2467	0.44479
43.196	0.444842
43.1422	0.444741
43.0893	0.444832
43.0377	0.444954
42.986	0.444647
42.9351	0.444814
42.881	0.444718
42.8287	0.444671
42.7754	0.444328
42.722	0.444726
42.6692	0.444747
42.615	0.444477
42.5608	0.444601
42.5084	0.444373
42.4573	0.444505
42.4039	0.44447
42.3535	0.444502
42.3008	0.444512
42.2483	0.444539
42.195	0.444614
42.1413	0.444431
42.0891	0.444455
42.0366	0.444292
41.9854	0.444367
41.9322	0.44425
41.8803	0.44439
41.8277	0.44418
41.7739	0.444271
41.7216	0.444341
41.6679	0.444094
41.6149	0.444242
41.5615	0.444213
41.5073	0.444292
41.4556	0.444341
41.4043	0.44418
41.3508	0.444385
41.2984	0.444112
41.2447	0.444128
41.1925	0.444152
41.1389	0.44399
41.0853	0.444112
41.0333	0.444011
40.9796	0.444122
40.9268	0.444149
40.8739	0.443962
40.8202	0.444094
40.7664	0.444156
40.7116	0.443948
40.6583	0.443972
40.6058	0.443931
40.5516	0.443991
40.501	0.443733
40.4497	0.44381
40.397	0.443478
40.3441	0.444221
40.2912	0.443714
40.2379	0.443883
40.1865	0.443984
40.1334	0.443814
40.0793	0.443941
40.0256	0.44378
39.9728	0.443743
39.919	0.44391
39.8654	0.44384
39.8123	0.443691
39.7592	0.443709
39.7051	0.443725
39.6531	0.443704
39.5999	0.443649
39.5457	0.443548
39.4913	0.44361
39.4393	0.443525
39.3871	0.443608
39.3325	0.443655
39.281	0.44347
39.2253	0.443545
39.1725	0.443446
39.1189	0.44355
39.0674	0.443454
39.0127	0.443485
38.9593	0.443302
38.9053	0.443421
38.8527	0.443406
38.8005	0.443444
38.7453	0.443353
38.6929	0.443288
38.6389	0.443353
38.5877	0.443303
38.5329	0.443212
38.4812	0.443343
38.4283	0.443259
38.3738	0.443249
38.3219	0.443174
38.2698	0.443241
38.2149	0.443036
38.1636	0.443374
38.109	0.442995
38.0563	0.443161
38.003	0.443192
37.9493	0.443132
37.8952	0.443182
37.8415	0.443242
37.7885	0.442982
37.7358	0.443122
37.6818	0.442885
37.6273	0.442984
37.574	0.44282
37.5215	0.442922
37.4707	0.443038
37.4165	0.442804
37.3634	0.442966
37.3103	0.442779
37.2588	0.442761
37.2029	0.44281
37.1501	0.442875
37.0989	0.442841
37.0474	0.442917
36.9949	0.442836
36.9422	0.442779
36.8915	0.442734
36.8373	0.442719
36.7861	0.442586
36.7339	0.442563
36.6817	0.442807
36.63	0.442654
36.5774	0.442641
36.5241	0.44263
36.472	0.442649
36.419	0.442623
36.3661	0.442493
36.3149	0.442449
36.2628	0.442587
36.2107	0.442496
36.1575	0.44273
36.1044	0.442495
36.0538	0.442545
36.001	0.442516
35.9492	0.44243
35.8968	0.442334
35.8441	0.442561
35.7905	0.442381
35.74	0.442165
35.6878	0.442409
35.6343	0.442553
35.583	0.442415
35.5295	0.442446
35.4782	0.442336
35.4277	0.442248
35.3769	0.442314
35.3252	0.442181
35.2737	0.442275
35.2195	0.442132
35.1679	0.442173
35.1164	0.442277
35.0638	0.442077
35.0117	0.442121
34.9594	0.441973
34.9059	0.442342
34.8534	0.442095
34.8019	0.441932
34.7494	0.442173
34.6979	0.441978
34.6457	0.442165
34.5942	0.441942
34.5419	0.442095
34.4889	0.442075
34.4377	0.441971
34.3855	0.44201
34.3338	0.441973
34.281	0.442051
34.2301	0.441997
34.1773	0.441867
34.1255	0.441838
34.0716	0.441968
34.0204	0.441885
33.9677	0.441866
33.9151	0.441747
33.8624	0.441789
33.8091	0.441698
33.7561	0.44181
33.7041	0.441768
33.6519	0.441745
33.5995	0.44162
33.5487	0.4417
33.4947	0.441877
33.4425	0.441752
33.3896	0.44164
33.3373	0.441521
33.2846	0.441799
33.2322	0.441589
33.1805	0.441482
33.1262	0.441664
33.0744	0.441703
33.0214	0.441537
32.9688	0.441552
32.9162	0.44169
32.8641	0.441526
32.8126	0.441494
32.7605	0.441682
32.7084	0.441461
32.656	0.441432
32.6033	0.441134
32.5532	0.441419
32.4981	0.441263
32.4473	0.441305
32.3945	0.441511
32.3415	0.441384
32.2899	0.441363
32.2367	0.441243
32.1835	0.441441
32.1301	0.441305
32.0785	0.441368
32.0254	0.441181
31.9751	0.44137
31.9228	0.4413
31.8693	0.441199
31.8175	0.441285
31.766	0.441214
31.7134	0.44123
31.6606	0.441375
31.6076	0.441199
31.5557	0.441264
31.5023	0.441212
31.4494	0.441196
31.3965	0.441051
31.346	0.441084
31.2924	0.441009
31.2399	0.44103
31.1875	0.440976
31.1345	0.440851
31.0812	0.440939
31.0286	0.441152
30.9776	0.441082
30.9236	0.441014
30.8724	0.441095
30.8203	0.440968
30.7664	0.441059
30.7157	0.441092
30.6627	0.440931
30.6113	0.440785
30.5589	0.440996
30.5042	0.440691
30.452	0.440881
30.4005	0.440973
30.3468	0.440736
30.2937	0.440897
30.2428	0.440866
30.1902	0.440817
30.138	0.440908
30.0863	0.4409
30.0355	0.440754
29.9812	0.440868
29.9294	0.440775
29.876	0.440453
29.8214	0.440645
29.7687	0.44069
29.7156	0.440684
29.6633	0.44063
29.61	0.440734
29.5573	0.440476
29.5053	0.440637
29.4535	0.440611
29.3997	0.440658
29.3461	0.440637
29.2924	0.440716
29.2412	0.440564
29.1877	0.440502
29.1344	0.440395
29.0802	0.440476
29.027	0.440458
28.9751	0.440518
28.9213	0.440439
28.8671	0.440489
28.8147	0.440505
28.7617	0.440445
28.709	0.440437
28.6564	0.440378
28.6046	0.440406
28.5515	0.440479
28.4981	0.440315
28.4456	0.440276
28.3964	0.440404
28.3432	0.440377
28.2906	0.440161
28.2387	0.440276
28.1872	0.440385
28.1331	0.440263
28.0823	0.44018
28.0289	0.440135
27.9754	0.440047
27.9232	0.440159
27.8714	0.440198
27.8167	0.440138
27.7657	0.440253
27.7144	0.44019
27.6596	0.440063
27.6064	0.440091
27.5516	0.440162
27.498	0.439925
27.4437	0.440052
27.3909	0.440013
27.3366	0.440159
27.2828	0.439956
27.2287	0.440018
27.174	0.439956
27.122	0.439938
27.07	0.440146
27.0161	0.440011
26.9645	0.439997
26.9123	0.439961
26.8591	0.440031
26.8049	0.439979
26.7522	0.440011
26.6984	0.43993
26.6452	0.43985
26.5915	0.439842
26.5376	0.439834
26.4737	0.4398
26.4195	0.439785
26.3675	0.439808
26.3132	0.439901
26.2593	0.439901
26.2082	0.439756
26.1569	0.439808
26.103	0.439855
26.0486	0.439782
25.9935	0.439803
25.9385	0.439662
25.8831	0.43966
25.8295	0.43967
25.7768	0.439637
25.7224	0.439761
25.6672	0.4396
25.6151	0.439646
25.562	0.43947
25.5078	0.439712
25.4544	0.439678
25.4001	0.439571
25.3474	0.439548
25.294	0.439343
25.2374	0.439522
25.1833	0.439657
25.1292	0.439587
25.0752	0.439594
25.0221	0.439345
24.9698	0.439587
24.9163	0.439579
24.8607	0.439605
24.8052	0.439442
24.7553	0.439506
24.7023	0.439528
24.6474	0.439286
24.5936	0.439426
24.5396	0.439418
24.4874	0.439613
24.4338	0.43948
24.3815	0.439407
24.3291	0.43953
24.2758	0.439481
24.2227	0.439247
24.169	0.439333
24.1155	0.439309
24.0633	0.439311
24.0112	0.439384
23.9576	0.439439
23.9054	0.43915
23.853	0.439285
23.8001	0.439452
23.7467	0.439286
23.6939	0.439137
23.639	0.439314
23.5836	0.439179
23.5327	0.439182
23.4789	0.439018
23.4255	0.439106
23.37	0.439205
23.316	0.43912
23.2606	0.439099
23.2063	0.439085
23.1527	0.439059
23.0989	0.439179
23.0439	0.439049
22.9919	0.438963
22.9362	0.439049
22.8806	0.438997
22.8273	0.438942
22.7724	0.438979
22.7183	0.43909
22.6647	0.438883
22.6108	0.438942
22.5558	0.439028
22.5025	0.438989
22.45	0.438869
22.3967	0.438828
22.343	0.439072
22.2911	0.438821
22.2373	0.439163
22.1815	0.438808
22.1273	0.438797
22.0719	0.438841
22.0167	0.438846
21.9612	0.438861
21.9092	0.439041
21.8567	0.438818
21.8019	0.438908
21.749	0.438836
21.6977	0.438906
21.6438	0.43886
21.5885	0.438995
21.5353	0.438787
21.481	0.438925
21.4266	0.438828
21.3714	0.438797
21.3161	0.43881
21.2605	0.438682
21.2081	0.43868
21.1539	0.438662
21.0992	0.438729
21.0459	0.438771
20.99	0.438475
20.9348	0.438646
20.8809	0.43883
20.826	0.438703
20.7738	0.438628
20.7174	0.438615
20.6645	0.438604
20.6103	0.438425
20.5554	0.438516
20.5011	0.438428
20.4491	0.438709
20.3917	0.438858
20.3367	0.438615
20.281	0.438563
20.2257	0.438578
20.1697	0.438506
20.1137	0.438439
20.0573	0.438579
20.0044	0.438631
19.9507	0.438743
19.8949	0.438561
19.8423	0.438363
19.7892	0.43846
19.736	0.438616
19.6822	0.438415
19.6268	0.438378
19.5778	0.438567
19.5246	0.438557
19.4693	0.43828
19.4142	0.438376
19.3627	0.438459
19.3086	0.438405
19.2563	0.438293
19.2019	0.438319
19.1486	0.438218
19.0942	0.438326
19.0397	0.438495
18.986	0.43848
18.9334	0.438342
18.8805	0.438431
18.8834	0.438321
18.9032	0.438316
18.8506	0.438283
18.7978	0.438236
18.7455	0.438241
18.6929	0.438254
18.6385	0.438391
18.5843	0.438329
18.5309	0.438144
18.4771	0.4383
18.4219	0.438292
18.3691	0.438149
18.3153	0.438352
18.2608	0.4383
18.2064	0.438118
18.1515	0.438215
18.097	0.438199
18.0446	0.4381
17.9901	0.438194
17.9366	0.438139
17.882	0.438186
17.8271	0.438131
17.7744	0.438176
17.7192	0.438283
17.6662	0.437958
17.6107	0.438267
17.5571	0.438056
17.5039	0.438025
17.452	0.4383
17.3983	0.438085
17.3453	0.438147
17.2903	0.437947
17.2356	0.43796
17.1831	0.438249
17.1313	0.438059
17.0781	0.437965
17.0235	0.438082
16.9715	0.438101
16.918	0.437986
16.8666	0.437994
16.813	0.438087
16.7603	0.437962
16.7055	0.438064
16.6499	0.437991
16.5966	0.43809
16.5428	0.437924
16.4892	0.437947
16.4361	0.438064
16.3808	0.438093
16.3266	0.438116
16.2718	0.438004
16.2154	0.437957
16.1587	0.437775
16.1054	0.438009
16.0532	0.437885
15.9984	0.43809
15.9428	0.437944
15.8911	0.437773
15.8355	0.43797
15.7815	0.437973
15.7262	0.437921
15.6699	0.437895
15.6172	0.437866
15.5633	0.438116
15.51	0.437944
15.4563	0.437957
15.4036	0.437877
15.3468	0.437981
15.2944	0.437767
15.2387	0.437918
15.183	0.437855
15.1275	0.437716
15.0731	0.4379
15.0158	0.437773
14.9597	0.437892
14.9061	0.438085
14.8523	0.437936
14.8003	0.43789
14.7456	0.437726
14.6912	0.437661
14.6376	0.437744
14.5825	0.437984
14.5266	0.437916
14.473	0.437687
14.4178	0.437903
14.363	0.437879
14.3052	0.437762
14.251	0.437788
14.198	0.43783
14.1426	0.437864
14.0913	0.43785
14.0393	0.437741
13.9839	0.437778
13.9325	0.437583
13.8759	0.437832
13.8194	0.437794
13.7627	0.43785
13.7067	0.437765
13.6516	0.437736
13.5969	0.437837
13.5419	0.437721
13.4883	0.437698
13.4335	0.437562
13.3778	0.43763
13.3236	0.437689
13.2712	0.437788
13.2169	0.437675
13.1608	0.437672
13.1054	0.437692
13.0507	0.437754
12.9964	0.437869
12.9416	0.43776
12.8872	0.437606
12.8318	0.437682
12.7767	0.437804
12.7243	0.4377
12.6705	0.43764
12.6101	0.437864
12.5569	0.437861
12.4993	0.437617
12.4417	0.437663
12.3887	0.437702
12.3334	0.43777
12.2782	0.437858
12.2228	0.437773
12.1653	0.437924
12.1112	0.43756
12.0558	0.437861
12.0004	0.43782
11.9446	0.437724
11.8878	0.437788
11.8313	0.437544
11.7742	0.437827
11.7166	0.437786
11.6588	0.437825
11.6004	0.437692
11.5416	0.437642
11.4829	0.4375
11.424	0.437716
11.3683	0.437544
11.3143	0.437495
11.2601	0.437669
11.2082	0.437702
11.1564	0.437744
11.1036	0.437736
11.0498	0.437609
10.9984	0.437807
10.9456	0.437669
10.8942	0.437716
10.8383	0.437669
10.786	0.437729
10.7345	0.437645
10.6786	0.43778
10.6235	0.437547
10.5701	0.437513
10.5184	0.437762
10.4637	0.437682
10.4118	0.43771
10.3574	0.437781
10.3025	0.437867
10.2481	0.437656
10.1946	0.437687
10.1403	0.437895
10.0855	0.43781
10.0311	0.437754
9.98049	0.4379
9.92669	0.438075
9.87358	0.437724
9.82038	0.437799
9.76851	0.437942
9.71503	0.437828
9.66084	0.437758
9.60564	0.437682
9.55107	0.437635
9.49497	0.437887
9.43915	0.437793
9.38301	0.437762
9.32878	0.437757
9.27487	0.437651
9.22227	0.437685
9.16862	0.437669
9.11277	0.437861
9.0575	0.437716
9.00201	0.437796
8.9489	0.437843
8.89436	0.437815
8.84014	0.437817
8.78491	0.437869
8.73078	0.437596
8.6753	0.438019
8.62218	0.437955
8.57076	0.437747
8.51905	0.43788
8.46293	0.437841
8.41004	0.437921
8.3556	0.437833
8.30026	0.437978
8.24624	0.437986
8.19	0.437845
8.13535	0.437822
8.07999	0.437822
8.02376	0.43769
7.96981	0.437692
7.91364	0.43776
7.85778	0.437916
7.80645	0.437939
7.75009	0.437916
7.69374	0.437958
7.6365	0.437859
7.58443	0.437958
7.5295	0.437906
7.47412	0.43807
7.4205	0.438098
7.36558	0.437877
7.30968	0.43808
7.25574	0.437986
7.19996	0.438012
7.14521	0.437989
7.09234	0.43789
7.04084	0.438044
6.98447	0.438043
6.92809	0.438127
6.874	0.437916
6.82164	0.438147
6.76539	0.438201
6.71062	0.438126
6.65811	0.438256
6.60239	0.438082
6.54803	0.438131
6.49512	0.438197
6.43947	0.438272
6.38642	0.438079
6.33145	0.438124
6.27678	0.438241
6.22397	0.438334
6.17117	0.438161
6.11637	0.438142
6.05952	0.438187
6.00289	0.438332
5.94756	0.438262
5.89273	0.438215
5.83703	0.438321
5.78343	0.438296
5.7283	0.438426
5.67283	0.438384
5.61684	0.438272
5.56031	0.438324
5.50693	0.438477
5.45298	0.438404
5.39628	0.438464
5.3435	0.438282
5.28757	0.438282
5.23268	0.438581
5.17737	0.438464
5.12572	0.438288
5.07215	0.438555
5.01755	0.438358
4.96352	0.438407
4.91033	0.438327
4.85776	0.438288
4.80363	0.438465
4.75217	0.438225
4.69801	0.438272
4.64475	0.438207
4.59169	0.438223
4.53711	0.438371
4.48527	0.43807
4.43196	0.438025
4.37828	0.438449
4.32517	0.438103
4.27354	0.438074
4.22029	0.437825
4.16661	0.438043
4.11373	0.438043
4.06113	0.438113
4.00859	0.437786
3.9574	0.438038
3.90529	0.437796
3.85346	0.437812
3.80093	0.437804
3.74911	0.438002
3.69868	0.437911
3.64797	0.437989
3.59664	0.438075
3.54425	0.437905
3.49368	0.438005
3.44229	0.437846
3.3923	0.437924
3.34222	0.4379
3.28992	0.43834
3.23872	0.438183
3.18709	0.438054
3.13492	0.438199
3.08349	0.438178
3.03293	0.438085
2.98318	0.438084
2.93309	0.438049
2.88096	0.438301
2.83001	0.438118
2.7793	0.438028
2.72901	0.438205
2.6792	0.438199
2.62893	0.438267
2.57864	0.438301
2.52842	0.438498
2.47831	0.438345
2.42801	0.43841
2.37845	0.438428
2.32978	0.438587
2.28026	0.438446
2.21949	0.438519
2.1689	0.438678
2.11973	0.438743
2.06926	0.4388
2.01987	0.438594
1.97046	0.438566
1.92143	0.438777
1.87211	0.438799
1.82063	0.438878
1.77083	0.439041
1.71452	0.439021
1.66576	0.43901
1.61702	0.439011
1.56844	0.439067
1.52036	0.439314
