# 'Tdn_K_103.7G'	'Rdn_Ohm_103.7G'	'Rdn/R5k_Ohm_103.7G'
296.259	0.503962	1.24050
296.152	0.503822	1.24015
296.046	0.503675	1.23979
295.934	0.503476	1.22652
295.829	0.503338	1.22569
295.726	0.503184	1.22511
295.618	0.503074	1.22477
295.517	0.502896	1.22441
295.409	0.502781	1.22393
295.305	0.502641	1.22359
295.206	0.502534	1.22322
295.104	0.502397	1.22295
294.998	0.502273	1.22252
294.896	0.502159	1.22224
294.793	0.502038	1.2219
294.69	0.501913	1.22164
294.579	0.50179	1.22131
294.476	0.501683	1.22101
294.374	0.501567	1.22073
294.272	0.501455	1.22043
294.163	0.501348	1.22013
294.058	0.501233	1.21983
293.954	0.501122	1.21957
293.856	0.501022	1.21929
293.75	0.500907	1.21902
293.644	0.500788	1.21876
293.541	0.500672	1.21848
293.436	0.500574	1.21821
293.334	0.50046	1.21796
293.231	0.500357	1.21768
293.127	0.500258	1.2174
293.02	0.500131	1.21711
292.92	0.50004	1.21688
292.816	0.499947	1.2166
292.714	0.499837	1.21635
292.611	0.49973	1.21611
292.51	0.499619	1.2158
292.403	0.499509	1.21558
292.298	0.499405	1.21535
292.192	0.499281	1.21508
292.094	0.499188	1.21482
291.988	0.499073	1.21455
291.885	0.498977	1.21429
291.783	0.498839	1.21403
291.678	0.498739	1.21373
291.575	0.49863	1.21351
291.466	0.498519	1.21323
291.363	0.498411	1.21299
291.262	0.498286	1.21266
291.163	0.498192	1.21242
291.058	0.498058	1.21215
290.951	0.497966	1.21188
290.848	0.497847	1.21162
290.743	0.49772	1.21131
290.642	0.497611	1.21109
290.538	0.497495	1.21076
290.435	0.497365	1.21054
290.329	0.497266	1.21025
290.222	0.497144	1.20994
290.115	0.497021	1.20967
290.012	0.496891	1.20939
289.913	0.496771	1.20907
289.805	0.496661	1.20883
289.704	0.496542	1.20854
289.601	0.496408	1.20824
289.495	0.496283	1.20792
289.389	0.496188	1.20763
289.288	0.496074	1.20736
289.185	0.495945	1.20707
289.077	0.495832	1.20675
288.978	0.495701	1.20644
288.872	0.495583	1.20621
288.769	0.495446	1.20594
288.669	0.495342	1.20562
288.568	0.495231	1.20535
288.464	0.495098	1.20503
288.361	0.494996	1.20474
288.26	0.494882	1.20441
288.156	0.494717	1.20416
288.055	0.494613	1.20389
287.945	0.49449	1.20356
287.84	0.494373	1.20332
287.733	0.494244	1.20304
287.632	0.494122	1.20264
287.526	0.493997	1.20238
287.423	0.493886	1.20209
287.326	0.493748	1.2018
287.221	0.493642	1.20149
287.115	0.493515	1.20119
287.009	0.493387	1.20089
286.909	0.493275	1.20062
286.805	0.49315	1.20028
286.703	0.49302	1.20003
286.598	0.492893	1.19972
286.494	0.492772	1.1994
286.389	0.492643	1.19913
286.288	0.492542	1.19883
286.183	0.492412	1.19851
286.079	0.492293	1.1982
285.978	0.492153	1.19791
285.872	0.492041	1.1976
285.769	0.491931	1.19735
285.671	0.491819	1.19703
285.563	0.49169	1.19674
285.454	0.491566	1.1964
285.351	0.491444	1.19613
285.249	0.491324	1.19587
285.147	0.491217	1.19559
285.041	0.491095	1.19528
284.938	0.49097	1.19498
284.837	0.490856	1.19468
284.732	0.490736	1.19439
284.624	0.490608	1.19413
284.521	0.490491	1.19383
284.419	0.49037	1.19353
284.319	0.490258	1.19325
284.214	0.490134	1.19296
284.116	0.490014	1.19265
284.012	0.489924	1.19236
283.909	0.48981	1.19207
283.801	0.489673	1.1918
283.703	0.489568	1.1915
283.598	0.489451	1.1912
283.493	0.489328	1.19099
283.389	0.48919	1.19071
283.286	0.489091	1.19038
283.184	0.488967	1.19012
283.077	0.488858	1.18984
282.978	0.488752	1.18954
282.877	0.488631	1.1892
282.771	0.488522	1.18896
282.67	0.488398	1.18866
282.564	0.488261	1.18839
282.467	0.488171	1.18814
282.361	0.488031	1.18784
282.257	0.487928	1.18758
282.151	0.487812	1.18728
282.05	0.487689	1.18694
281.949	0.487579	1.18672
281.848	0.487468	1.18638
281.748	0.487334	1.18613
281.644	0.487237	1.18585
281.541	0.487121	1.18555
281.435	0.486973	1.18529
281.332	0.486905	1.18502
281.233	0.486779	1.18469
281.129	0.486669	1.18445
281.027	0.486536	1.18417
280.926	0.486433	1.18381
280.822	0.486311	1.18365
280.714	0.486187	1.18334
280.611	0.486089	1.18307
280.509	0.485996	1.18275
280.406	0.485846	1.1825
280.3	0.48575	1.1822
280.19	0.485627	1.1819
280.084	0.485521	1.18166
279.981	0.485404	1.18144
279.878	0.485293	1.18107
279.776	0.485177	1.18084
279.671	0.485068	1.18054
279.569	0.484969	1.18028
279.466	0.484853	1.18
279.366	0.484748	1.17973
279.261	0.48462	1.17945
279.156	0.484519	1.17918
279.058	0.484416	1.17894
278.956	0.484309	1.17866
278.854	0.484208	1.1784
278.752	0.484093	1.17809
278.649	0.483986	1.17785
278.543	0.483884	1.1776
278.44	0.483762	1.17734
278.339	0.483683	1.17709
278.236	0.483554	1.17681
278.135	0.48344	1.17655
278.031	0.48333	1.1763
277.932	0.483242	1.17601
277.825	0.483129	1.17582
277.724	0.483019	1.1755
277.623	0.482922	1.17522
277.519	0.482812	1.17496
277.42	0.482712	1.17474
277.314	0.482608	1.17447
277.211	0.482493	1.1742
277.107	0.482371	1.17397
277.003	0.48227	1.1737
276.902	0.482175	1.17345
276.796	0.482059	1.1732
276.695	0.481968	1.17292
276.591	0.481863	1.17262
276.491	0.481762	1.17238
276.389	0.481644	1.17215
276.283	0.481534	1.17187
276.181	0.481439	1.17164
276.077	0.481332	1.17139
275.976	0.48122	1.17115
275.87	0.481118	1.17086
275.769	0.481015	1.17059
275.664	0.480911	1.17036
275.559	0.480824	1.1701
275.457	0.48071	1.16983
275.351	0.48061	1.16958
275.247	0.48049	1.16933
275.142	0.480385	1.16908
275.039	0.480278	1.16886
274.935	0.480191	1.16859
274.834	0.480088	1.16834
274.721	0.479992	1.16805
274.62	0.47988	1.1678
274.514	0.47977	1.16754
274.415	0.479691	1.16733
274.312	0.479581	1.16708
274.208	0.479478	1.16684
274.108	0.479383	1.16657
274.001	0.47928	1.1663
273.899	0.479177	1.16611
273.796	0.479087	1.16584
273.698	0.478984	1.16559
273.596	0.478906	1.16536
273.493	0.478805	1.16511
273.395	0.478692	1.16486
273.288	0.478598	1.16464
273.182	0.478502	1.16439
273.08	0.478397	1.1642
272.982	0.478309	1.16396
272.877	0.478209	1.16368
272.772	0.478119	1.16345
272.673	0.478007	1.16322
272.564	0.477919	1.16297
272.465	0.477822	1.16275
272.359	0.477712	1.16251
272.254	0.477628	1.16229
272.151	0.477527	1.16202
272.046	0.477425	1.1618
271.945	0.477328	1.16157
271.847	0.477229	1.1613
271.743	0.477149	1.1611
271.64	0.477056	1.16085
271.534	0.476958	1.1606
271.433	0.476852	1.16037
271.33	0.47676	1.16013
271.224	0.47666	1.15993
271.123	0.476565	1.1597
271.019	0.476472	1.15947
270.917	0.476378	1.15921
270.813	0.476296	1.15898
270.711	0.476199	1.15874
270.613	0.47611	1.15851
270.505	0.476005	1.15828
270.406	0.475889	1.15806
270.302	0.475802	1.15786
270.2	0.475716	1.15762
270.097	0.475619	1.15741
269.997	0.475526	1.15715
269.895	0.475437	1.15687
269.793	0.475347	1.15666
269.685	0.475259	1.15645
269.586	0.475161	1.15621
269.482	0.475062	1.15599
269.38	0.474991	1.15577
269.278	0.474873	1.15555
269.176	0.474801	1.15534
269.072	0.474694	1.1551
268.966	0.474613	1.15486
268.858	0.474533	1.15468
268.759	0.474429	1.1544
268.656	0.474331	1.15422
268.552	0.474241	1.15396
268.452	0.474163	1.15376
268.347	0.474072	1.15357
268.245	0.473979	1.15332
268.144	0.473882	1.15308
268.038	0.473806	1.15286
267.937	0.473724	1.15267
267.829	0.473626	1.15245
267.733	0.473524	1.15222
267.629	0.473452	1.15199
267.527	0.473359	1.1518
267.43	0.473278	1.15161
267.323	0.473184	1.15137
267.224	0.473111	1.15112
267.121	0.473017	1.15094
267.017	0.47293	1.15072
266.913	0.472834	1.15052
266.813	0.472763	1.15029
266.712	0.472674	1.15011
266.608	0.472575	1.14988
266.505	0.472491	1.14967
266.404	0.472417	1.14944
266.305	0.472331	1.14927
266.199	0.472234	1.14905
266.098	0.472152	1.14881
265.994	0.472073	1.14861
265.887	0.471995	1.14843
265.781	0.47188	1.14822
265.678	0.471792	1.14798
265.574	0.471708	1.14778
265.474	0.471629	1.14759
265.368	0.471542	1.1474
265.264	0.471454	1.14712
265.16	0.471382	1.14691
265.055	0.471296	1.1467
264.953	0.471201	1.14651
264.846	0.471101	1.1463
264.748	0.471028	1.14609
264.644	0.470948	1.14591
264.539	0.470872	1.1457
264.438	0.470773	1.14547
264.333	0.470694	1.14523
264.233	0.470614	1.14505
264.126	0.470531	1.14486
264.024	0.47044	1.14467
263.917	0.470351	1.14443
263.818	0.470272	1.14424
263.711	0.470195	1.14404
263.611	0.470118	1.14384
263.511	0.470027	1.14362
263.408	0.46996	1.1434
263.308	0.469867	1.14321
263.203	0.469792	1.14303
263.099	0.469696	1.14284
262.995	0.469618	1.14262
262.887	0.469532	1.14245
262.791	0.469464	1.14223
262.688	0.469381	1.14205
262.582	0.469295	1.14181
262.479	0.469234	1.14162
262.373	0.469143	1.14141
262.27	0.469049	1.14125
262.169	0.468989	1.14105
262.062	0.468896	1.14084
261.959	0.468832	1.14069
261.856	0.468745	1.14047
261.753	0.468647	1.14024
261.652	0.468573	1.14009
261.544	0.468486	1.13987
261.446	0.468425	1.13971
261.345	0.46835	1.1395
261.237	0.46827	1.13926
261.135	0.468201	1.13908
261.031	0.468113	1.13887
260.928	0.468037	1.13872
260.827	0.467946	1.13854
260.723	0.467882	1.13835
260.623	0.467809	1.13818
260.517	0.467712	1.13796
260.411	0.467642	1.13778
260.316	0.467568	1.13756
260.209	0.46749	1.1374
260.104	0.467407	1.13723
260.005	0.467328	1.13699
259.903	0.467247	1.13682
259.797	0.467174	1.13664
259.691	0.467092	1.13645
259.589	0.467017	1.13625
259.486	0.46694	1.13606
259.387	0.466867	1.13586
259.282	0.466785	1.13568
259.181	0.466724	1.13548
259.075	0.46664	1.1353
258.974	0.466565	1.13511
258.869	0.466501	1.13494
258.767	0.466422	1.13474
258.666	0.466335	1.13459
258.565	0.466262	1.13438
258.457	0.46619	1.1342
258.356	0.466125	1.13404
258.248	0.466045	1.13385
258.147	0.465968	1.13364
258.046	0.465894	1.13346
257.94	0.465835	1.13329
257.837	0.465738	1.13313
257.734	0.465653	1.13294
257.63	0.465593	1.13275
257.527	0.465534	1.13257
257.426	0.465468	1.13243
257.324	0.465373	1.13219
257.219	0.46533	1.13198
257.12	0.465239	1.13184
257.018	0.465169	1.13169
256.914	0.465096	1.13153
256.808	0.465024	1.1313
256.707	0.464938	1.1312
256.604	0.464873	1.13098
256.5	0.464797	1.13081
256.397	0.464737	1.13063
256.293	0.464671	1.13045
256.191	0.464588	1.13025
256.089	0.46452	1.13009
255.988	0.464451	1.1299
255.885	0.464379	1.12976
255.784	0.464324	1.1296
255.68	0.464243	1.12939
255.576	0.464187	1.12923
255.47	0.464107	1.12906
255.367	0.464034	1.12889
255.261	0.463969	1.12875
255.162	0.463896	1.12856
255.054	0.46383	1.12842
254.952	0.463751	1.12823
254.85	0.463677	1.12805
254.749	0.463599	1.12789
254.645	0.463545	1.12771
254.544	0.463467	1.12755
254.44	0.463425	1.12736
254.338	0.463347	1.12718
254.236	0.46329	1.12699
254.135	0.463206	1.12686
254.031	0.463151	1.12667
253.93	0.463072	1.12657
253.828	0.463001	1.12638
253.724	0.462945	1.12624
253.624	0.462881	1.12604
253.522	0.462819	1.1259
253.417	0.462744	1.12571
253.315	0.462672	1.12554
253.21	0.4626	1.1254
253.106	0.462543	1.12525
253.006	0.462478	1.1251
252.901	0.462411	1.12491
252.796	0.462342	1.12474
252.694	0.462274	1.12456
252.595	0.462214	1.12442
252.493	0.462153	1.12427
252.394	0.462084	1.1241
252.291	0.462027	1.12394
252.185	0.461947	1.12377
252.085	0.461894	1.12362
251.979	0.461821	1.12347
251.875	0.461752	1.12331
251.774	0.461701	1.12317
251.67	0.461621	1.12298
251.566	0.461571	1.12285
251.467	0.461514	1.12267
251.364	0.461444	1.1225
251.263	0.461378	1.12238
251.162	0.46131	1.12218
251.06	0.461255	1.12206
250.957	0.461196	1.12192
250.853	0.46113	1.12175
250.75	0.461075	1.12159
250.648	0.461	1.12143
250.547	0.46095	1.12129
250.44	0.460889	1.12115
250.341	0.460831	1.12099
250.238	0.460747	1.12085
250.138	0.460693	1.12067
250.033	0.460644	1.12055
249.933	0.46057	1.1204
249.828	0.460515	1.12026
249.727	0.460466	1.12006
249.624	0.460405	1.11993
249.526	0.460337	1.11981
249.422	0.46028	1.11963
249.32	0.460205	1.11949
249.215	0.460157	1.11937
249.113	0.460088	1.11923
249.007	0.460041	1.11906
248.905	0.459962	1.11892
248.802	0.459907	1.11874
248.698	0.459851	1.11862
248.595	0.459784	1.11846
248.492	0.459722	1.11834
248.386	0.459669	1.11815
248.28	0.459595	1.11802
248.175	0.459556	1.11788
248.077	0.459483	1.11772
247.97	0.459424	1.11757
247.865	0.459365	1.11744
247.765	0.4593	1.11726
247.661	0.459259	1.11716
247.563	0.459186	1.11699
247.457	0.459126	1.11684
247.356	0.459091	1.1167
247.252	0.459018	1.11654
247.149	0.458957	1.11644
247.047	0.458903	1.11626
246.948	0.458857	1.11612
246.843	0.458783	1.11603
246.739	0.458726	1.11585
246.639	0.458672	1.11571
246.533	0.458615	1.11558
246.435	0.458561	1.11546
246.327	0.458498	1.11528
246.222	0.458441	1.11514
246.119	0.458409	1.11501
246.014	0.458339	1.11488
245.915	0.458284	1.11474
245.811	0.45822	1.11459
245.709	0.458167	1.11445
245.605	0.458113	1.11438
245.502	0.458051	1.1142
245.398	0.458004	1.11407
245.297	0.457952	1.11392
245.191	0.457883	1.11379
245.087	0.457825	1.11366
244.986	0.457791	1.1135
244.883	0.457742	1.11339
244.784	0.457678	1.11326
244.68	0.45763	1.1131
244.578	0.45756	1.11296
244.475	0.457501	1.11287
244.369	0.457451	1.11275
244.266	0.4574	1.1126
244.165	0.457344	1.11248
244.06	0.457296	1.11231
243.958	0.457242	1.11217
243.855	0.457177	1.11205
243.751	0.457149	1.11192
243.651	0.457088	1.11178
243.544	0.457029	1.11167
243.444	0.456961	1.11154
243.339	0.4569	1.11138
243.237	0.456876	1.11131
243.132	0.456818	1.11116
243.031	0.456751	1.11102
242.925	0.456701	1.11085
242.826	0.456655	1.11071
242.725	0.456597	1.11065
242.62	0.456528	1.11051
242.518	0.456492	1.11034
242.416	0.45645	1.11022
242.314	0.456398	1.11011
242.213	0.45634	1.10997
242.111	0.456294	1.1098
242.005	0.456242	1.10971
241.904	0.456188	1.10961
241.801	0.45613	1.10949
241.696	0.456084	1.10934
241.592	0.456032	1.10923
241.49	0.455996	1.10911
241.388	0.455931	1.10897
241.283	0.455879	1.10884
241.183	0.455834	1.10872
241.078	0.455782	1.1086
240.977	0.455734	1.10851
240.871	0.455671	1.10835
240.771	0.455619	1.10823
240.672	0.455576	1.10811
240.563	0.45553	1.10799
240.462	0.455477	1.10787
240.357	0.455431	1.10772
240.256	0.455385	1.10759
240.153	0.455323	1.10749
240.052	0.45528	1.10738
239.948	0.455225	1.10725
239.847	0.45519	1.10713
239.744	0.455147	1.10702
239.643	0.455094	1.10687
239.543	0.455038	1.10677
239.435	0.454979	1.10663
239.334	0.454948	1.10655
239.232	0.454883	1.10645
239.134	0.454839	1.10631
239.03	0.454797	1.10618
238.93	0.454752	1.10604
238.826	0.454706	1.10596
238.724	0.454646	1.1058
238.62	0.4546	1.1057
238.518	0.454562	1.10559
238.411	0.454497	1.10548
238.311	0.45445	1.10537
238.208	0.454397	1.10523
238.106	0.45435	1.10512
238.002	0.454321	1.10502
237.901	0.454274	1.10487
237.797	0.454223	1.10475
237.695	0.454167	1.10462
237.59	0.454114	1.10451
237.49	0.454078	1.10444
237.386	0.454025	1.10432
237.285	0.45397	1.1042
237.183	0.453927	1.10406
237.08	0.453908	1.10393
236.977	0.453834	1.10385
236.874	0.453793	1.10372
236.77	0.453748	1.10358
236.667	0.453692	1.10348
236.565	0.453642	1.10343
236.463	0.453605	1.10325
236.359	0.453547	1.10315
236.255	0.453508	1.10304
236.153	0.453459	1.10291
236.048	0.453409	1.10279
235.947	0.453359	1.1027
235.842	0.453315	1.10255
235.742	0.453268	1.10246
235.639	0.453211	1.10234
235.535	0.453167	1.10222
235.43	0.453143	1.1021
235.325	0.453099	1.10199
235.22	0.453046	1.10188
235.119	0.453004	1.10174
235.017	0.45296	1.10163
234.917	0.452924	1.10157
234.814	0.452863	1.10146
234.714	0.452828	1.10134
234.609	0.452802	1.10124
234.505	0.452743	1.10113
234.402	0.452707	1.10104
234.299	0.452643	1.10089
234.197	0.452616	1.10081
234.094	0.45258	1.10075
233.989	0.452509	1.1006
233.887	0.452472	1.10051
233.787	0.452421	1.10036
233.687	0.452396	1.10029
233.582	0.452351	1.1002
233.482	0.452305	1.10003
233.38	0.452268	1.09994
233.278	0.45223	1.09982
233.173	0.452189	1.09976
233.067	0.45213	1.09965
232.965	0.452102	1.09954
232.864	0.452057	1.09945
232.759	0.452011	1.09935
232.654	0.45196	1.09925
232.549	0.451917	1.09911
232.446	0.451884	1.09904
232.345	0.451834	1.09893
232.242	0.451794	1.09882
232.135	0.451757	1.0987
232.034	0.451706	1.09859
231.931	0.451657	1.09851
231.827	0.451622	1.09839
231.724	0.451585	1.09829
231.622	0.451532	1.0982
231.519	0.451498	1.09808
231.417	0.451454	1.09796
231.312	0.451413	1.09788
231.207	0.451358	1.09778
231.105	0.451321	1.09766
231	0.451286	1.09757
230.9	0.451239	1.09747
230.798	0.451205	1.09737
230.695	0.45115	1.09723
230.591	0.451125	1.09714
230.492	0.451081	1.09706
230.387	0.451043	1.09694
230.285	0.451001	1.09686
230.182	0.450948	1.09673
230.079	0.450903	1.09667
229.975	0.45088	1.09656
229.874	0.450827	1.09647
229.771	0.450781	1.09637
229.667	0.450755	1.09624
229.565	0.450706	1.09613
229.462	0.450674	1.09607
229.359	0.450618	1.09594
229.257	0.450595	1.09583
229.155	0.450557	1.09577
229.05	0.450497	1.09565
228.945	0.450464	1.09557
228.843	0.450422	1.09543
228.74	0.450383	1.09538
228.64	0.450355	1.09529
228.538	0.450319	1.09514
228.435	0.450261	1.09506
228.332	0.450242	1.09496
228.226	0.45019	1.09486
228.126	0.450147	1.0948
228.026	0.450109	1.09471
227.922	0.450055	1.09457
227.821	0.450025	1.09452
227.719	0.449982	1.09439
227.618	0.449955	1.09429
227.515	0.449906	1.0942
227.415	0.449875	1.09407
227.308	0.44984	1.09399
227.209	0.449779	1.09389
227.107	0.449765	1.09382
227.005	0.449715	1.0937
226.9	0.449677	1.09363
226.796	0.449622	1.09354
226.696	0.449591	1.0934
226.595	0.449541	1.09336
226.488	0.44951	1.09324
226.387	0.449458	1.09315
226.286	0.449449	1.09301
226.184	0.449404	1.09294
226.079	0.44936	1.09282
225.977	0.449316	1.09274
225.877	0.449277	1.09262
225.773	0.449244	1.09259
225.673	0.449196	1.09248
225.568	0.449157	1.09238
225.468	0.449125	1.09227
225.365	0.449086	1.09217
225.263	0.449029	1.09209
225.159	0.449005	1.09198
225.056	0.448951	1.09188
224.953	0.448924	1.0918
224.849	0.448891	1.09171
224.748	0.448845	1.09157
224.643	0.448784	1.09151
224.543	0.448765	1.09138
224.441	0.448724	1.09132
224.337	0.448683	1.09124
224.232	0.448634	1.09112
224.131	0.448598	1.09098
224.029	0.448571	1.09093
223.924	0.448518	1.09083
223.823	0.448483	1.09073
223.72	0.448441	1.09061
223.621	0.448411	1.09052
223.516	0.448377	1.09046
223.412	0.448334	1.09033
223.308	0.44829	1.09024
223.208	0.448257	1.09014
223.108	0.448222	1.09007
223.004	0.448172	1.08999
222.9	0.448132	1.08988
222.797	0.448096	1.08978
222.695	0.44806	1.08969
222.589	0.448004	1.08961
222.486	0.447974	1.08949
222.381	0.447935	1.08939
222.282	0.447889	1.0893
222.177	0.447854	1.08922
222.073	0.447814	1.08908
221.968	0.447771	1.08901
221.867	0.447728	1.08891
221.764	0.447693	1.0888
221.661	0.447646	1.08872
221.559	0.447611	1.08862
221.452	0.447567	1.08851
221.346	0.447526	1.08841
221.244	0.447486	1.08832
221.142	0.447446	1.08821
221.04	0.447413	1.08812
220.936	0.447366	1.08802
220.835	0.447333	1.08792
220.731	0.447295	1.08782
220.631	0.447254	1.08772
220.529	0.44722	1.08764
220.423	0.447164	1.08753
220.321	0.447134	1.08745
220.218	0.447093	1.08736
220.115	0.447049	1.08726
220.013	0.447008	1.08717
219.907	0.446987	1.08704
219.804	0.446938	1.08697
219.703	0.446898	1.08686
219.599	0.446845	1.08676
219.494	0.446812	1.08666
219.389	0.446758	1.08661
219.286	0.446732	1.08649
219.186	0.446691	1.08639
219.083	0.446656	1.08626
218.98	0.446605	1.08618
218.875	0.446565	1.08605
218.772	0.446535	1.08599
218.671	0.446496	1.08589
218.567	0.446456	1.0858
218.464	0.44641	1.08568
218.361	0.446376	1.08558
218.258	0.446321	1.08551
218.158	0.446286	1.08541
218.058	0.446253	1.08532
217.954	0.446221	1.0852
217.849	0.44617	1.08512
217.746	0.44594	1.08499
217.643	0.445889	1.0849
217.538	0.44584	1.08482
217.436	0.445802	1.08474
217.335	0.445777	1.08462
217.231	0.445727	1.08406
217.129	0.445691	1.08394
217.026	0.445634	1.08382
216.924	0.445614	1.08373
216.821	0.445571	1.08367
216.716	0.445528	1.08355
216.615	0.44548	1.08346
216.511	0.445453	1.08332
216.409	0.445411	1.08327
216.303	0.445371	1.08316
216.2	0.445329	1.08306
216.099	0.445304	1.08294
215.995	0.445259	1.08288
215.892	0.445218	1.08278
215.787	0.445161	1.08268
215.687	0.445131	1.08258
215.584	0.445097	1.08252
215.481	0.445054	1.08241
215.379	0.445003	1.08231
215.276	0.444979	1.08217
215.173	0.444941	1.0821
215.072	0.444891	1.08201
214.969	0.444864	1.08191
214.864	0.44481	1.08179
214.762	0.444771	1.08173
214.661	0.444721	1.08164
214.559	0.444701	1.08151
214.456	0.444655	1.08145
214.354	0.444626	1.08132
214.25	0.444572	1.08122
214.149	0.444534	1.0811
214.043	0.444502	1.08105
213.942	0.444451	1.08094
213.839	0.444396	1.08087
213.735	0.444365	1.08074
213.634	0.444331	1.08064
213.531	0.444292	1.08057
213.429	0.444256	1.08044
213.33	0.444215	1.08031
213.226	0.444179	1.08023
213.123	0.444137	1.08015
213.024	0.444096	1.08006
212.923	0.444052	1.07997
212.819	0.444015	1.07987
212.716	0.44397	1.07978
212.613	0.443911	1.07968
212.506	0.443875	1.07958
212.409	0.44385	1.07947
212.306	0.443795	1.07938
212.203	0.443761	1.07927
212.1	0.443713	1.07913
211.998	0.443675	1.07904
211.893	0.443622	1.07898
211.793	0.443595	1.07885
211.69	0.443547	1.07877
211.585	0.443496	1.07865
211.482	0.44347	1.07856
211.38	0.443421	1.07843
211.278	0.44339	1.07836
211.175	0.443337	1.07825
211.069	0.443293	1.07812
210.969	0.443244	1.07806
210.865	0.443192	1.07794
210.762	0.443152	1.07786
210.661	0.443129	1.07774
210.558	0.443081	1.07763
210.454	0.443031	1.07751
210.351	0.443001	1.07738
210.25	0.442942	1.07728
210.146	0.442904	1.07723
210.044	0.442857	1.07711
209.942	0.442824	1.07699
209.842	0.442777	1.07692
209.739	0.442733	1.07678
209.637	0.442702	1.07668
209.538	0.442654	1.07657
209.43	0.442598	1.07649
209.327	0.442569	1.07637
209.223	0.442523	1.07627
209.122	0.442481	1.07619
209.018	0.442426	1.07607
208.916	0.442404	1.07594
208.815	0.44236	1.07587
208.715	0.442316	1.07576
208.613	0.442269	1.07565
208.511	0.44223	1.07552
208.41	0.442179	1.07547
208.306	0.442158	1.07536
208.204	0.442093	1.07525
208.102	0.442047	1.07514
208.001	0.442006	1.07504
207.901	0.441968	1.07492
207.798	0.44193	1.07487
207.698	0.44189	1.07471
207.592	0.441821	1.0746
207.49	0.441799	1.0745
207.386	0.441741	1.07441
207.281	0.441713	1.07431
207.178	0.441655	1.07422
207.077	0.441627	1.07405
206.973	0.441565	1.074
206.872	0.44152	1.07386
206.768	0.441496	1.07379
206.665	0.441441	1.07365
206.564	0.441398	1.07358
206.463	0.441353	1.07343
206.361	0.441314	1.07332
206.257	0.441254	1.07326
206.155	0.441227	1.07313
206.057	0.441183	1.07302
205.953	0.441137	1.07291
205.849	0.441081	1.07282
205.746	0.441068	1.07267
205.648	0.441011	1.0726
205.542	0.440948	1.0725
205.44	0.440925	1.07239
205.333	0.440854	1.07225
205.231	0.440819	1.07222
205.127	0.440786	1.07208
205.024	0.440738	1.07193
204.922	0.440691	1.07187
204.819	0.440662	1.0717
204.719	0.440602	1.07161
204.615	0.440567	1.07153
204.512	0.440516	1.07142
204.406	0.440468	1.0713
204.308	0.44043	1.07123
204.204	0.440392	1.07109
204.103	0.440354	1.071
203.998	0.440311	1.07088
203.897	0.440254	1.07076
203.794	0.440218	1.07067
203.692	0.440165	1.07058
203.591	0.440129	1.07048
203.488	0.440082	1.07038
203.387	0.440047	1.07024
203.281	0.44	1.07015
203.177	0.439958	1.07002
203.075	0.439919	1.06994
202.974	0.439862	1.06982
202.869	0.439825	1.06974
202.766	0.439768	1.06962
202.664	0.439739	1.06952
202.564	0.439717	1.06943
202.462	0.439658	1.06929
202.36	0.439619	1.0692
202.255	0.439576	1.06906
202.153	0.439519	1.06899
202.051	0.439481	1.06893
201.951	0.439437	1.06879
201.847	0.439401	1.0687
201.745	0.439367	1.06859
201.644	0.439312	1.06845
201.54	0.439249	1.06836
201.434	0.439225	1.06825
201.333	0.43918	1.06817
201.231	0.43914	1.06808
201.127	0.439078	1.06795
201.025	0.439039	1.0678
200.923	0.438991	1.06774
200.821	0.438958	1.06763
200.72	0.438925	1.06753
200.613	0.438898	1.06738
200.511	0.438822	1.06729
200.41	0.438787	1.06717
200.308	0.438757	1.06709
200.204	0.438697	1.06701
200.102	0.438661	1.06694
199.999	0.438623	1.06676
199.895	0.438584	1.06667
199.793	0.438551	1.0666
199.691	0.438507	1.06645
199.591	0.438446	1.06637
199.489	0.43841	1.06627
199.386	0.438364	1.06618
199.28	0.438323	1.0661
199.176	0.438286	1.06599
199.073	0.43824	1.06585
198.971	0.43819	1.06576
198.873	0.438161	1.06565
198.769	0.438112	1.06555
198.668	0.438062	1.06546
198.567	0.438042	1.06535
198.462	0.438003	1.06522
198.359	0.437948	1.06515
198.257	0.437902	1.06503
198.156	0.43786	1.06491
198.054	0.437834	1.06486
197.951	0.437781	1.06477
197.848	0.437733	1.06464
197.745	0.437705	1.06452
197.642	0.437653	1.06442
197.54	0.437604	1.06436
197.434	0.437583	1.06423
197.335	0.437527	1.06411
197.231	0.437482	1.06404
197.129	0.437445	1.06392
197.023	0.437405	1.0638
196.921	0.437365	1.06375
196.818	0.43732	1.06361
196.715	0.437274	1.0635
196.613	0.437251	1.06341
196.512	0.437187	1.06331
196.41	0.437155	1.06322
196.308	0.437118	1.06311
196.206	0.437078	1.063
196.102	0.437034	1.06294
196	0.436993	1.06278
195.898	0.436959	1.06271
195.793	0.436926	1.06262
195.693	0.436869	1.06252
195.591	0.436823	1.06241
195.485	0.436785	1.06231
195.381	0.436738	1.06223
195.278	0.436699	1.06215
195.178	0.436661	1.06201
195.077	0.436617	1.0619
194.972	0.436573	1.06181
194.869	0.436531	1.06169
194.768	0.436498	1.0616
194.662	0.436455	1.06151
194.56	0.436412	1.0614
194.457	0.436373	1.06129
194.358	0.436342	1.06119
194.257	0.436298	1.06111
194.151	0.436274	1.06101
194.051	0.436218	1.0609
193.949	0.436174	1.06081
193.846	0.436134	1.06073
193.744	0.436109	1.06062
193.641	0.436066	1.06057
193.541	0.436034	1.06043
193.437	0.435987	1.06032
193.334	0.435966	1.06023
193.232	0.435908	1.06016
193.129	0.435872	1.06006
193.025	0.435837	1.05998
192.924	0.435793	1.05987
192.82	0.435764	1.05982
192.718	0.435716	1.05968
192.614	0.435675	1.05959
192.511	0.435632	1.0595
192.409	0.435612	1.05939
192.304	0.435566	1.05933
192.203	0.435518	1.05921
192.101	0.435481	1.05911
191.999	0.435432	1.05901
191.897	0.435402	1.05895
191.793	0.435361	1.05884
191.692	0.435331	1.05873
191.591	0.435285	1.05864
191.49	0.435263	1.05852
191.386	0.435206	1.05845
191.285	0.435184	1.05834
191.184	0.435137	1.05827
191.083	0.435109	1.05816
190.981	0.435057	1.05811
190.877	0.435021	1.05797
190.774	0.434981	1.05792
190.67	0.434952	1.0578
190.567	0.434917	1.05773
190.465	0.434868	1.05761
190.362	0.434829	1.05752
190.261	0.434797	1.05742
190.156	0.434754	1.05735
190.054	0.43472	1.05727
189.95	0.434686	1.05715
189.848	0.434654	1.05705
189.745	0.434616	1.05697
189.643	0.434565	1.05687
189.541	0.434539	1.05679
189.44	0.434499	1.0567
189.334	0.434437	1.05663
189.232	0.434446	1.05654
189.13	0.434381	1.05641
189.028	0.43435	1.05635
188.924	0.4343	1.05625
188.821	0.434264	1.0561
188.72	0.434235	1.05612
188.617	0.434216	1.05596
188.513	0.434162	1.05589
188.411	0.434118	1.05577
188.306	0.434089	1.05568
188.205	0.43405	1.05561
188.099	0.433998	1.05556
187.999	0.433989	1.05543
187.898	0.433957	1.05532
187.795	0.433888	1.05525
187.692	0.433877	1.05516
187.589	0.433838	1.05503
187.488	0.433792	1.05501
187.385	0.433771	1.05493
187.28	0.433711	1.05476
187.175	0.433682	1.05474
187.075	0.433656	1.05464
186.972	0.4336	1.05453
186.87	0.433574	1.05448
186.766	0.433539	1.05433
186.664	0.433509	1.05426
186.56	0.433483	1.0542
186.457	0.433428	1.05407
186.354	0.433392	1.054
186.251	0.433359	1.05392
186.147	0.433316	1.05384
186.043	0.433279	1.05378
185.94	0.433256	1.05365
185.838	0.433217	1.05356
185.734	0.433191	1.05348
185.631	0.433148	1.05337
185.528	0.433115	1.05328
185.423	0.433074	1.05323
185.321	0.433038	1.05313
185.219	0.433001	1.05307
185.116	0.432966	1.05297
185.012	0.432923	1.05289
184.909	0.432895	1.05278
184.808	0.432857	1.0527
184.704	0.432827	1.05261
184.603	0.432776	1.05252
184.5	0.432772	1.05242
184.397	0.432715	1.05235
184.296	0.432677	1.05226
184.192	0.432654	1.05219
184.089	0.432616	1.05206
183.985	0.432584	1.05205
183.882	0.432542	1.05191
183.78	0.432501	1.05182
183.679	0.432477	1.05177
183.574	0.432435	1.05167
183.47	0.432408	1.0516
183.368	0.432368	1.05149
183.265	0.432338	1.05139
183.163	0.432314	1.05133
183.06	0.432275	1.05123
182.957	0.432244	1.05117
182.856	0.432209	1.05107
182.75	0.432168	1.051
182.649	0.432152	1.05094
182.545	0.432091	1.05084
182.441	0.43205	1.05077
182.339	0.432038	1.05068
182.237	0.432002	1.05058
182.135	0.431968	1.05054
182.032	0.431925	1.0504
181.929	0.4319	1.0503
181.827	0.43186	1.05027
181.723	0.43182	1.05018
181.621	0.431794	1.0501
181.518	0.431753	1.04999
181.417	0.431726	1.04993
181.315	0.431705	1.04983
181.214	0.431671	1.04974
181.111	0.431626	1.04967
181.007	0.431602	1.04957
180.905	0.431571	1.04951
180.803	0.431531	1.04946
180.7	0.431499	1.04938
180.6	0.431464	1.04927
180.499	0.431433	1.04921
180.393	0.431385	1.04913
180.291	0.431359	1.04904
180.188	0.431333	1.04896
180.085	0.431308	1.04887
179.982	0.431278	1.0488
179.878	0.431243	1.04868
179.775	0.431202	1.04862
179.671	0.43119	1.04855
179.567	0.431132	1.04849
179.464	0.431122	1.04842
179.363	0.431074	1.04833
179.259	0.431052	1.04823
179.156	0.431005	1.04821
179.054	0.430974	1.04806
178.952	0.430925	1.04804
178.85	0.430899	1.04792
178.746	0.43089	1.04787
178.644	0.430846	1.04776
178.542	0.430818	1.04768
178.438	0.430781	1.04756
178.336	0.43075	1.0475
178.232	0.430729	1.04748
178.129	0.430689	1.04737
178.026	0.430653	1.0473
177.923	0.430617	1.04721
177.82	0.430589	1.04714
177.718	0.430582	1.04708
177.614	0.430537	1.04699
177.511	0.430495	1.0469
177.411	0.430468	1.04681
177.307	0.430433	1.04675
177.202	0.430403	1.04673
177.098	0.430352	1.04662
176.995	0.430346	1.04652
176.892	0.430309	1.04645
176.789	0.430281	1.04637
176.688	0.430245	1.04629
176.585	0.430218	1.04617
176.484	0.430179	1.04616
176.381	0.43015	1.04606
176.278	0.430115	1.04599
176.174	0.430082	1.04591
176.071	0.430044	1.04584
175.966	0.430026	1.04575
175.867	0.429997	1.04568
175.763	0.429957	1.04559
175.661	0.429932	1.04551
175.558	0.429907	1.04542
175.454	0.429886	1.04538
175.352	0.429852	1.04531
175.249	0.429808	1.04521
175.147	0.429764	1.04515
175.046	0.42976	1.04509
174.942	0.42971	1.04504
174.838	0.429695	1.04495
174.735	0.429646	1.04485
174.632	0.429617	1.04474
174.529	0.429577	1.04473
174.425	0.429549	1.04461
174.323	0.429518	1.04457
174.222	0.429486	1.04445
174.121	0.429461	1.04438
174.017	0.429431	1.04428
173.915	0.429388	1.04422
173.813	0.429372	1.04414
173.71	0.429344	1.04406
173.608	0.429303	1.044
173.505	0.429277	1.04393
173.404	0.429256	1.04383
173.3	0.429227	1.04379
173.198	0.429182	1.04372
173.096	0.429168	1.04362
172.993	0.429125	1.04356
172.892	0.429104	1.04351
172.79	0.429084	1.04343
172.685	0.429044	1.04333
172.583	0.429016	1.04329
172.479	0.428984	1.04319
172.377	0.428969	1.04313
172.273	0.428934	1.04309
172.172	0.428901	1.04299
172.07	0.428869	1.04292
171.966	0.428845	1.04284
171.864	0.428805	1.04281
171.761	0.428779	1.04272
171.656	0.428751	1.04264
171.555	0.428737	1.04256
171.452	0.428691	1.04251
171.348	0.428657	1.04241
171.247	0.428635	1.04235
171.143	0.428606	1.04228
171.041	0.428559	1.04224
170.939	0.428536	1.04213
170.835	0.428506	1.04205
170.732	0.428477	1.042
170.629	0.42847	1.04192
170.527	0.428424	1.04181
170.423	0.428385	1.04175
170.321	0.428367	1.04168
170.218	0.42835	1.04161
170.116	0.42831	1.04159
170.013	0.428293	1.04148
169.911	0.428253	1.04139
169.809	0.428223	1.04134
169.704	0.428193	1.0413
169.601	0.42817	1.0412
169.499	0.428144	1.04116
169.395	0.428124	1.04107
169.292	0.42807	1.04099
169.19	0.428063	1.04092
169.089	0.428033	1.04086
168.986	0.428	1.0408
168.885	0.427977	1.04075
168.782	0.427939	1.04062
168.68	0.427904	1.04061
168.577	0.427891	1.04053
168.476	0.42787	1.04045
168.375	0.42783	1.0404
168.27	0.42781	1.0403
168.167	0.427781	1.04022
168.066	0.427747	1.04019
167.963	0.427734	1.04013
167.859	0.4277	1.04004
167.756	0.427671	1.03999
167.655	0.427641	1.03992
167.552	0.427611	1.03984
167.448	0.427597	1.0398
167.345	0.427567	1.03972
167.242	0.427533	1.03965
167.138	0.427514	1.03958
167.036	0.427478	1.03951
166.933	0.427453	1.03947
166.831	0.427427	1.0394
166.727	0.427392	1.03932
166.626	0.427374	1.03927
166.524	0.427346	1.03918
166.42	0.427313	1.03912
166.317	0.427282	1.03906
166.215	0.427267	1.03897
166.112	0.427238	1.03893
166.007	0.427216	1.03886
165.906	0.427189	1.03878
165.803	0.427152	1.03871
165.698	0.427135	1.03867
165.596	0.427097	1.0386
165.494	0.427076	1.03855
165.391	0.42704	1.03848
165.288	0.427025	1.03839
165.186	0.427005	1.03835
165.083	0.426972	1.03826
164.98	0.426938	1.0382
164.876	0.426911	1.03812
164.774	0.426888	1.03808
164.672	0.426875	1.03803
164.569	0.426842	1.03795
164.466	0.426818	1.03787
164.365	0.426785	1.0378
164.264	0.426761	1.03775
164.161	0.426743	1.03772
164.06	0.426724	1.03764
163.959	0.426683	1.03758
163.856	0.426666	1.0375
163.753	0.426639	1.03744
163.65	0.426603	1.03739
163.548	0.426585	1.03735
163.445	0.426561	1.03725
163.341	0.426536	1.03721
163.239	0.426515	1.03714
163.137	0.426478	1.03705
163.035	0.426451	1.03701
162.932	0.42644	1.03695
162.831	0.426411	1.03689
162.729	0.426376	1.03684
162.624	0.42635	1.03675
162.522	0.426327	1.03669
162.417	0.426301	1.03666
162.316	0.426293	1.03659
162.213	0.426262	1.0365
162.111	0.426229	1.03644
162.008	0.426201	1.03638
161.905	0.426167	1.03632
161.803	0.426138	1.0363
161.701	0.426123	1.03622
161.597	0.426102	1.03615
161.495	0.426032	1.03608
161.393	0.426018	1.03599
161.29	0.425988	1.03592
161.186	0.425971	1.03589
161.086	0.425941	1.03584
160.982	0.425922	1.03567
160.88	0.425883	1.03563
160.779	0.425866	1.03556
160.676	0.425848	1.03552
160.577	0.425813	1.03545
160.474	0.425793	1.0354
160.371	0.42576	1.03531
160.272	0.425742	1.03526
160.167	0.425721	1.03522
160.065	0.425701	1.03513
159.962	0.425661	1.03509
159.857	0.425657	1.03501
159.756	0.425618	1.03496
159.654	0.425598	1.03491
159.553	0.42558	1.03486
159.448	0.425558	1.03477
159.348	0.425515	1.03476
159.245	0.425494	1.03466
159.144	0.425471	1.03461
159.041	0.425432	1.03457
158.938	0.425426	1.03452
158.835	0.425409	1.03441
158.731	0.425398	1.03436
158.628	0.425361	1.0343
158.524	0.425321	1.03421
158.423	0.425308	1.03419
158.321	0.42529	1.03415
158.219	0.425254	1.03413
158.115	0.425219	1.03404
158.013	0.425217	1.03394
157.911	0.425196	1.03391
157.81	0.425164	1.03386
157.708	0.425142	1.03378
157.604	0.425121	1.03369
157.501	0.425097	1.03369
157.399	0.425082	1.03364
157.296	0.425058	1.03356
157.194	0.425036	1.0335
157.09	0.425005	1.03345
156.989	0.424987	1.03339
156.887	0.424973	1.03336
156.784	0.424942	1.0333
156.681	0.424918	1.03325
156.577	0.424893	1.03317
156.475	0.424876	1.03313
156.373	0.424857	1.03309
156.269	0.424824	1.03302
156.167	0.424803	1.03296
156.061	0.424789	1.0329
155.96	0.424754	1.03286
155.857	0.424739	1.03281
155.756	0.42472	1.03273
155.65	0.424685	1.03268
155.549	0.424646	1.03265
155.446	0.424642	1.03256
155.346	0.424609	1.03252
155.244	0.424586	1.03248
155.141	0.424568	1.03239
155.039	0.424559	1.0323
154.937	0.424537	1.03229
154.835	0.424513	1.03221
154.732	0.424486	1.03215
154.631	0.424462	1.03211
154.527	0.424457	1.03209
154.423	0.424418	1.03203
154.321	0.424386	1.03197
154.218	0.424368	1.03191
154.117	0.424338	1.03185
154.014	0.424322	1.03184
153.913	0.42431	1.03174
153.809	0.424278	1.03167
153.705	0.424241	1.03162
153.603	0.424218	1.03155
153.5	0.424209	1.03151
153.398	0.424198	1.03148
153.296	0.424158	1.0314
153.192	0.424159	1.03131
153.09	0.424123	1.03126
152.988	0.42408	1.03123
152.886	0.424067	1.03121
152.782	0.424054	1.03111
152.681	0.424026	1.03111
152.577	0.423999	1.03103
152.475	0.423986	1.03092
152.371	0.423969	1.03089
152.268	0.42394	1.03086
152.165	0.423923	1.03079
152.063	0.423893	1.03073
151.96	0.423885	1.03069
151.857	0.423849	1.03065
151.755	0.423861	1.03058
151.65	0.423817	1.03054
151.551	0.42379	1.03047
151.449	0.423777	1.03045
151.345	0.423761	1.03036
151.243	0.423729	1.03039
151.14	0.423708	1.03028
151.037	0.423704	1.03022
150.935	0.42367	1.03018
150.831	0.423644	1.03015
150.728	0.423627	1.03007
150.627	0.423619	1.03002
150.524	0.423575	1.03001
150.424	0.423565	1.02992
150.319	0.423531	1.02986
150.216	0.423529	1.02982
150.113	0.423496	1.0298
150.011	0.423471	1.02969
149.907	0.423458	1.02967
149.806	0.423429	1.02959
149.703	0.423407	1.02958
149.602	0.423392	1.0295
149.5	0.423363	1.02944
149.396	0.423324	1.02941
149.294	0.423319	1.02934
149.191	0.423296	1.02929
149.089	0.423298	1.02925
148.989	0.42325	1.02918
148.885	0.423254	1.02908
148.783	0.423222	1.02907
148.681	0.423188	1.02902
148.579	0.423168	1.02902
148.478	0.423161	1.02891
148.375	0.423142	1.02891
148.271	0.423111	1.02884
148.169	0.423097	1.02875
148.065	0.423076	1.02871
147.964	0.423052	1.02869
147.861	0.423043	1.02864
147.759	0.423016	1.02857
147.656	0.422994	1.02853
147.554	0.422978	1.02848
147.451	0.422952	1.02842
147.347	0.422944	1.0284
147.245	0.422906	1.02833
147.141	0.422894	1.02828
147.038	0.422882	1.02824
146.934	0.422857	1.02818
146.831	0.422833	1.02816
146.728	0.422816	1.02807
146.627	0.422795	1.02804
146.524	0.422783	1.02801
146.421	0.422719	1.02795
146.319	0.422724	1.02789
146.216	0.422688	1.02785
146.113	0.42267	1.0278
146.01	0.422647	1.02777
145.906	0.422623	1.02761
145.805	0.422616	1.02763
145.702	0.422582	1.02754
145.599	0.422567	1.02749
145.496	0.422562	1.02744
145.393	0.422533	1.02738
145.29	0.422518	1.02736
145.186	0.422469	1.02728
145.084	0.42245	1.02724
144.981	0.42243	1.02723
144.879	0.422422	1.02716
144.775	0.422388	1.02713
144.673	0.42235	1.02701
144.569	0.422366	1.02696
144.466	0.422328	1.02691
144.365	0.422323	1.02689
144.263	0.422303	1.02681
144.161	0.422272	1.02672
144.059	0.422249	1.02675
143.955	0.42225	1.02666
143.853	0.422215	1.02665
143.749	0.422194	1.0266
143.647	0.422179	1.02653
143.544	0.422144	1.02647
143.442	0.422117	1.02647
143.34	0.422118	1.02639
143.238	0.422085	1.02634
143.137	0.422063	1.0263
143.034	0.422042	1.02622
142.931	0.422039	1.02615
142.83	0.422023	1.02615
142.729	0.421996	1.02607
142.625	0.421982	1.02602
142.523	0.421956	1.02597
142.421	0.421937	1.02596
142.318	0.421913	1.02592
142.216	0.421836	1.02585
142.113	0.421793	1.02582
142.011	0.421793	1.02576
141.907	0.421785	1.02571
141.805	0.421757	1.02565
141.703	0.42175	1.02547
141.6	0.421726	1.02536
141.496	0.421719	1.02536
141.394	0.421685	1.02534
141.314	0.421676	1.02527
141.199	0.421668	1.02526
141.096	0.421631	1.0252
140.992	0.42161	1.02518
140.89	0.421619	1.0251
140.786	0.421582	1.02508
140.685	0.421566	1.02506
140.582	0.421548	1.02497
140.477	0.421534	1.02492
140.376	0.421522	1.02494
140.274	0.421492	1.02485
140.172	0.421472	1.02481
140.07	0.421468	1.02477
139.969	0.421442	1.02473
139.864	0.421421	1.0247
139.762	0.421394	1.02463
139.66	0.421397	1.02458
139.556	0.421367	1.02457
139.454	0.421343	1.02451
139.351	0.421339	1.02446
139.25	0.421307	1.02439
139.148	0.421305	1.0244
139.045	0.421277	1.02433
138.941	0.42124	1.02427
138.839	0.421248	1.02426
138.737	0.421213	1.02418
138.633	0.421212	1.02418
138.53	0.42118	1.02411
138.429	0.421166	1.02402
138.326	0.42116	1.02404
138.222	0.421126	1.02395
138.117	0.421105	1.02395
138.014	0.421097	1.02387
137.912	0.421075	1.02384
137.809	0.421057	1.02382
137.707	0.421032	1.02374
137.606	0.420996	1.02369
137.503	0.420962	1.02367
137.4	0.42096	1.02362
137.299	0.420947	1.02357
137.196	0.420934	1.02351
137.094	0.42092	1.02343
136.993	0.420893	1.02334
136.889	0.420884	1.02334
136.788	0.420855	1.02331
136.685	0.420863	1.02327
136.582	0.420828	1.02324
136.481	0.420795	1.02317
136.38	0.420805	1.02315
136.278	0.420786	1.02308
136.174	0.420782	1.0231
136.072	0.420766	1.02302
135.969	0.420731	1.02294
135.867	0.420722	1.02296
135.764	0.420689	1.02291
135.662	0.420688	1.0229
135.561	0.420673	1.02286
135.46	0.420667	1.02278
135.358	0.42062	1.02276
135.254	0.420621	1.02268
135.153	0.420612	1.02268
135.05	0.420596	1.02264
134.945	0.420563	1.02263
134.843	0.420551	1.02251
134.74	0.420539	1.02251
134.638	0.420525	1.02249
134.536	0.420505	1.02245
134.433	0.420485	1.02237
134.33	0.420487	1.02234
134.23	0.420469	1.02231
134.127	0.420436	1.02228
134.026	0.420428	1.02223
133.922	0.420415	1.02218
133.82	0.420387	1.02219
133.716	0.420362	1.02214
133.615	0.420355	1.02206
133.512	0.420353	1.02204
133.411	0.420328	1.02201
133.308	0.420305	1.02195
133.204	0.420288	1.02188
133.101	0.420288	1.02187
133	0.420249	1.02186
132.897	0.42023	1.0218
132.796	0.420213	1.02174
132.692	0.420226	1.0217
132.59	0.420178	1.0217
132.489	0.420166	1.02161
132.386	0.420169	1.02156
132.283	0.420146	1.02152
132.18	0.420138	1.02155
132.077	0.420112	1.02144
131.976	0.420111	1.02141
131.874	0.420092	1.02142
131.768	0.420078	1.02136
131.667	0.420067	1.02134
131.564	0.420045	1.02128
131.463	0.420031	1.02127
131.36	0.419951	1.02123
131.258	0.419952	1.02119
131.156	0.419917	1.02117
131.054	0.419938	1.02111
130.952	0.419894	1.02108
130.849	0.419891	1.02089
130.746	0.419865	1.02089
130.644	0.419845	1.0208
130.54	0.419831	1.02085
130.438	0.419825	1.02075
130.335	0.419814	1.02074
130.232	0.419793	1.02068
130.131	0.419769	1.02063
130.03	0.419756	1.02059
129.927	0.419732	1.02058
129.826	0.419729	1.02055
129.724	0.419708	1.0205
129.62	0.419666	1.02044
129.518	0.419644	1.02041
129.416	0.419644	1.02035
129.315	0.419614	1.02035
129.212	0.419583	1.02029
129.108	0.41958	1.02019
129.007	0.419559	1.02014
128.905	0.419552	1.02014
128.803	0.419539	1.02007
128.701	0.419528	1.01999
128.599	0.419499	1.01998
128.497	0.41949	1.01993
128.393	0.419474	1.01991
128.292	0.419463	1.01988
128.19	0.419462	1.01986
128.087	0.419419	1.01978
127.985	0.419437	1.01976
127.882	0.419394	1.01973
127.78	0.419399	1.0197
127.677	0.419369	1.0197
127.575	0.419355	1.01959
127.472	0.419347	1.01964
127.369	0.419347	1.01953
127.267	0.419329	1.01954
127.165	0.419299	1.01947
127.063	0.419289	1.01944
126.96	0.419281	1.01942
126.858	0.419257	1.01942
126.755	0.419249	1.01937
126.652	0.419226	1.0193
126.55	0.41921	1.01928
126.448	0.419209	1.01926
126.346	0.419201	1.0192
126.243	0.419187	1.01918
126.141	0.419162	1.01912
126.038	0.419136	1.01908
125.936	0.419113	1.01908
125.832	0.419108	1.01906
125.729	0.419093	1.01903
125.627	0.419087	1.01897
125.524	0.419072	1.0189
125.42	0.419049	1.01885
125.319	0.419045	1.01884
125.216	0.419021	1.0188
125.114	0.419017	1.01878
125.01	0.418991	1.01875
124.909	0.418989	1.01869
124.806	0.418995	1.01868
124.703	0.418962	1.01862
124.6	0.418964	1.01861
124.498	0.418929	1.01855
124.395	0.418917	1.01855
124.293	0.418918	1.01856
124.191	0.418886	1.01848
124.088	0.418881	1.01849
123.986	0.418861	1.0184
123.882	0.418844	1.01837
123.779	0.418825	1.01837
123.677	0.418807	1.01829
123.575	0.418811	1.01828
123.471	0.418804	1.01823
123.37	0.418782	1.01819
123.267	0.418768	1.01815
123.165	0.418751	1.0181
123.063	0.418707	1.01811
122.96	0.418716	1.0181
122.858	0.418693	1.01804
122.755	0.418685	1.01801
122.653	0.418675	1.01797
122.55	0.418653	1.01786
122.448	0.418646	1.01788
122.347	0.418631	1.01783
122.243	0.418621	1.01781
122.14	0.418577	1.01778
122.037	0.418568	1.01773
121.935	0.418539	1.01771
121.835	0.418491	1.01768
121.731	0.418476	1.01765
121.627	0.418476	1.01754
121.525	0.418454	1.01752
121.424	0.41844	1.01745
121.32	0.418423	1.01734
121.219	0.418405	1.0173
121.117	0.418395	1.0173
121.013	0.418372	1.01725
120.912	0.418366	1.01721
120.81	0.418357	1.01717
120.707	0.418335	1.01713
120.605	0.418343	1.0171
120.502	0.418322	1.01705
120.4	0.418301	1.01703
120.298	0.418279	1.01701
120.195	0.418285	1.01695
120.091	0.41827	1.01697
119.988	0.41827	1.01692
119.886	0.418243	1.01687
119.784	0.418239	1.01682
119.683	0.418238	1.01683
119.58	0.418201	1.0168
119.477	0.41819	1.0168
119.376	0.418176	1.01673
119.275	0.418164	1.01672
119.172	0.418143	1.01672
119.07	0.418132	1.01663
118.967	0.418115	1.0166
118.866	0.41812	1.01657
118.763	0.418082	1.01654
118.659	0.418083	1.01649
118.556	0.418063	1.01646
118.453	0.418061	1.01642
118.352	0.418046	1.01643
118.249	0.418018	1.01634
118.147	0.418021	1.01634
118.044	0.417999	1.01629
117.943	0.417994	1.01629
117.841	0.417977	1.01625
117.737	0.417974	1.01619
117.635	0.417947	1.01619
117.533	0.417917	1.01614
117.431	0.417926	1.01613
117.329	0.4179	1.01609
117.227	0.41787	1.01608
117.124	0.417854	1.01601
117.021	0.417854	1.01594
116.918	0.417823	1.01596
116.817	0.417804	1.0159
116.713	0.417808	1.01582
116.612	0.417793	1.01579
116.51	0.417761	1.01579
116.407	0.417751	1.01571
116.305	0.417706	1.01567
116.203	0.417699	1.01567
116.102	0.417691	1.01564
115.999	0.417679	1.01556
115.897	0.417661	1.01554
115.796	0.417652	1.01543
115.694	0.417635	1.01541
115.594	0.417625	1.01539
115.493	0.41762	1.01536
115.389	0.417603	1.01532
115.287	0.41759	1.0153
115.186	0.417579	1.01526
115.082	0.417562	1.01523
114.981	0.417558	1.01522
114.879	0.417558	1.01518
114.777	0.417531	1.01514
114.674	0.417519	1.01512
114.573	0.417522	1.01508
114.471	0.417487	1.01507
114.37	0.417471	1.01507
114.267	0.417471	1.015
114.165	0.417448	1.01497
114.064	0.417445	1.01498
113.977	0.417434	1.01489
113.867	0.417421	1.01485
113.764	0.417409	1.01486
113.661	0.417407	1.0148
113.561	0.417414	1.01479
113.458	0.417376	1.01476
113.358	0.417347	1.01473
113.254	0.417339	1.01471
113.153	0.417326	1.0147
113.052	0.417307	1.01472
112.951	0.417324	1.01462
112.847	0.417301	1.01456
112.745	0.41728	1.01453
112.644	0.417277	1.0145
112.542	0.417281	1.01446
112.439	0.417244	1.0145
112.338	0.417231	1.01444
112.237	0.417205	1.01439
112.133	0.417175	1.01438
112.03	0.417174	1.01439
111.929	0.41716	1.0143
111.829	0.417147	1.01427
111.727	0.417138	1.01421
111.624	0.417127	1.01414
111.522	0.417124	1.01413
111.421	0.417119	1.0141
111.32	0.417095	1.01407
111.218	0.417071	1.01405
111.118	0.417059	1.01402
111.015	0.417063	1.01401
110.912	0.417048	1.014
110.811	0.417036	1.01394
110.709	0.41703	1.01388
110.606	0.416992	1.01385
110.505	0.417009	1.01386
110.402	0.416983	1.01383
110.3	0.416974	1.0138
110.199	0.416974	1.01378
110.097	0.416941	1.01369
109.995	0.416938	1.01373
109.894	0.416924	1.01367
109.79	0.416903	1.01365
109.687	0.416898	1.01365
109.585	0.416894	1.01357
109.483	0.416878	1.01356
109.383	0.416861	1.01352
109.278	0.416847	1.01347
109.175	0.416835	1.01346
109.075	0.416825	1.01345
108.972	0.416813	1.01341
108.871	0.416794	1.01337
108.769	0.416799	1.01334
108.666	0.416777	1.01331
108.563	0.416783	1.01328
108.462	0.416766	1.01326
108.361	0.41675	1.01321
108.26	0.416747	1.01322
108.157	0.416731	1.01317
108.057	0.416714	1.01318
107.954	0.416705	1.01314
107.853	0.416703	1.0131
107.749	0.416663	1.0131
107.65	0.416648	1.01306
107.546	0.416641	1.01301
107.448	0.416617	1.01299
107.346	0.416627	1.01299
107.244	0.416622	1.01289
107.141	0.416603	1.01286
107.043	0.416589	1.01284
106.939	0.416572	1.01278
106.835	0.416531	1.01281
106.737	0.416549	1.01279
106.639	0.416523	1.01275
106.535	0.416494	1.01271
106.433	0.416493	1.01267
106.334	0.416484	1.01257
106.228	0.416475	1.01261
106.127	0.416467	1.01255
106.025	0.416463	1.01248
105.925	0.416444	1.01248
105.824	0.416436	1.01246
105.721	0.416419	1.01244
105.621	0.416418	1.01242
105.517	0.416394	1.0124
105.418	0.416376	1.01236
105.313	0.416393	1.01234
105.212	0.416382	1.0123
105.114	0.416347	1.0123
105.01	0.416357	1.01224
104.91	0.41633	1.01219
104.811	0.416332	1.01223
104.71	0.416322	1.01221
104.608	0.416307	1.01212
104.507	0.416297	1.01215
104.406	0.416267	1.01208
104.302	0.416275	1.01209
104.204	0.416257	1.01206
104.106	0.416249	1.01203
104.004	0.416245	1.012
103.903	0.416243	1.01193
103.8	0.41621	1.01195
103.699	0.416188	1.0119
103.599	0.416204	1.01189
103.496	0.416181	1.01187
103.395	0.416168	1.01187
103.294	0.416133	1.01179
103.191	0.41612	1.01174
103.089	0.416106	1.01178
102.989	0.4161	1.01172
102.886	0.416091	1.01169
102.787	0.41609	1.0116
102.685	0.416061	1.01157
102.585	0.416039	1.01154
102.484	0.416036	1.01152
102.381	0.416031	1.0115
102.279	0.416031	1.0115
102.178	0.416024	1.01143
102.078	0.41602	1.01137
101.975	0.416002	1.01137
101.873	0.415987	1.01136
101.771	0.415984	1.01135
101.671	0.415948	1.01134
101.57	0.415969	1.01133
101.469	0.415973	1.01129
101.369	0.415945	1.01125
101.268	0.415928	1.01124
101.165	0.415923	1.01115
101.065	0.41591	1.01121
100.96	0.415902	1.01121
100.858	0.415896	1.01115
100.755	0.415876	1.0111
100.655	0.41588	1.01109
100.555	0.415874	1.01106
100.451	0.415841	1.01104
100.35	0.415842	1.01103
100.249	0.415809	1.01098
100.147	0.415816	1.01099
100.045	0.415797	1.01097
99.9435	0.415793	1.01089
99.8434	0.415789	1.0109
99.7449	0.415771	1.01081
99.6446	0.415773	1.01083
99.5441	0.415742	1.01079
99.4423	0.41575	1.01078
99.3432	0.415739	1.01077
99.2422	0.415713	1.01072
99.1444	0.415712	1.01073
99.0431	0.4157	1.01065
98.9412	0.41568	1.01067
98.8395	0.41569	1.01064
98.7369	0.415682	1.01058
98.6352	0.415655	1.01058
98.5323	0.415641	1.01055
98.4338	0.41559	1.0105
98.3318	0.415573	1.01053
98.2325	0.415578	1.01051
98.13	0.415566	1.01044
98.0292	0.415577	1.01041
97.9275	0.415537	1.01028
97.8228	0.415531	1.01024
97.722	0.415521	1.01025
97.6225	0.415487	1.01022
97.5208	0.415481	1.01025
97.4202	0.415495	1.01015
97.3197	0.415463	1.01014
97.2194	0.415444	1.01011
97.1205	0.415457	1.01003
97.0195	0.415444	1.01002
96.918	0.415418	1.01005
96.8179	0.415431	1.00997
96.7176	0.415401	1.00993
96.6157	0.415395	1.00996
96.5179	0.415404	1.00993
96.4186	0.415374	1.00987
96.3179	0.415379	1.0099
96.2161	0.415364	1.00982
96.1127	0.415347	1.00981
96.0126	0.415332	1.00983
95.9113	0.415336	1.00976
95.811	0.415262	1.00977
95.7107	0.415273	1.00973
95.6105	0.415246	1.00969
95.5089	0.415235	1.00966
95.4064	0.415212	1.00967
95.307	0.415224	1.00949
95.2068	0.415201	1.00951
95.1048	0.415204	1.00945
95.0075	0.415189	1.00942
94.9048	0.415197	1.00937
94.807	0.415161	1.00939
94.7055	0.415159	1.00934
94.6054	0.415149	1.00934
94.5061	0.415135	1.00931
94.4042	0.415121	1.00933
94.3026	0.415099	1.00924
94.2053	0.415108	1.00923
94.1056	0.415103	1.00921
94.0024	0.41512	1.00918
93.9023	0.415076	1.00914
93.8036	0.415071	1.00909
93.7006	0.415074	1.00911
93.6012	0.415053	1.0091
93.4998	0.415037	1.00914
93.3983	0.41504	1.00903
93.298	0.415042	1.00902
93.1971	0.415015	1.00903
93.0978	0.41503	1.00898
92.9968	0.415014	1.00894
92.8986	0.415003	1.00894
92.7952	0.414982	1.00895
92.6955	0.414979	1.00888
92.5947	0.414975	1.00892
92.495	0.414966	1.00888
92.3953	0.414946	1.00886
92.293	0.414942	1.00881
92.1958	0.414928	1.0088
92.0926	0.414906	1.00879
91.9929	0.414885	1.00877
91.892	0.414886	1.00872
91.7909	0.41488	1.00871
91.6891	0.414875	1.00867
91.5901	0.414875	1.00862
91.4894	0.41485	1.00857
91.3905	0.414835	1.00857
91.2887	0.41484	1.00856
91.1887	0.414817	1.00855
91.0875	0.414821	1.00855
90.9857	0.414835	1.00848
90.8874	0.414803	1.00845
90.7845	0.414791	1.00846
90.6827	0.414776	1.0084
90.5799	0.414748	1.00841
90.4801	0.414768	1.00845
90.3811	0.414741	1.00837
90.2791	0.414742	1.00834
90.1769	0.41473	1.00831
90.0756	0.414718	1.00824
89.9745	0.414708	1.00829
89.8745	0.414692	1.00822
89.7728	0.414696	1.00822
89.6715	0.414693	1.00819
89.5705	0.41467	1.00816
89.4692	0.414663	1.00814
89.3671	0.414644	1.0081
89.2639	0.414638	1.00811
89.1626	0.414604	1.0081
89.0609	0.414598	1.00805
88.9628	0.414599	1.00803
88.8616	0.414572	1.00798
88.761	0.414578	1.00797
88.6602	0.414572	1.00789
88.5597	0.414551	1.00787
88.4584	0.414546	1.00787
88.3584	0.414539	1.00781
88.2571	0.414537	1.00782
88.1577	0.414529	1.00781
88.0567	0.414534	1.00776
87.9544	0.414487	1.00775
87.8526	0.4145	1.00773
87.7524	0.414473	1.00772
87.6506	0.41448	1.0077
87.5492	0.41448	1.00772
87.4476	0.414453	1.0076
87.3479	0.414438	1.00763
87.2465	0.414433	1.00757
87.1455	0.41444	1.00758
87.0448	0.41441	1.00758
86.9489	0.414421	1.00752
86.8423	0.414408	1.00748
86.742	0.414395	1.00747
86.6419	0.414404	1.00749
86.5426	0.414373	1.00741
86.4458	0.414354	1.00744
86.3409	0.414337	1.00741
86.2408	0.414337	1.00738
86.1407	0.414321	1.0074
86.0412	0.414329	1.00732
85.9404	0.414317	1.00728
85.8411	0.414315	1.00724
85.7411	0.41429	1.00724
85.6371	0.414285	1.0072
85.5373	0.41428	1.00722
85.436	0.414276	1.00719
85.3355	0.414272	1.00718
85.2341	0.414252	1.00712
85.1349	0.414248	1.00711
85.0341	0.414234	1.0071
84.933	0.414236	1.00709
84.8337	0.414231	1.00708
84.7311	0.41422	1.00703
84.6292	0.41419	1.00702
84.529	0.414191	1.00699
84.4287	0.41419	1.00699
84.3293	0.414187	1.00698
84.2271	0.414168	1.00695
84.1265	0.41417	1.00688
84.0243	0.414151	1.00688
83.923	0.414139	1.00688
83.8232	0.414148	1.00687
83.7222	0.414128	1.00683
83.6214	0.414123	1.00683
83.5202	0.414119	1.00679
83.4191	0.414092	1.00676
83.3172	0.414092	1.00678
83.214	0.414079	1.00673
83.1134	0.414065	1.00672
83.0125	0.414065	1.00671
82.9119	0.414064	1.00664
82.8101	0.414046	1.00664
82.7091	0.414029	1.00661
82.6092	0.414026	1.00658
82.5085	0.414018	1.00657
82.4077	0.413999	1.00657
82.3069	0.413998	1.00653
82.2065	0.413986	1.00649
82.1052	0.413981	1.00648
82.0026	0.41396	1.00646
81.9034	0.413968	1.00642
81.802	0.413946	1.00641
81.7014	0.413942	1.00638
81.6007	0.41394	1.00637
81.5002	0.413921	1.00632
81.398	0.413926	1.00634
81.299	0.413924	1.00629
81.1983	0.413908	1.00628
81.0974	0.413904	1.00627
80.9947	0.413888	1.00623
80.8955	0.41388	1.00624
80.7954	0.413867	1.00623
80.6939	0.413856	1.00619
80.5935	0.413846	1.00618
80.4931	0.413847	1.00615
80.3924	0.413838	1.00613
80.2918	0.413809	1.00609
80.1911	0.413788	1.00607
80.091	0.413792	1.00604
79.9903	0.413785	1.00604
79.8899	0.41378	1.00602
79.7883	0.413764	1.00595
79.6859	0.413764	1.0059
79.5872	0.413765	1.00591
79.4845	0.413749	1.0059
79.3832	0.41376	1.00588
79.2823	0.413738	1.00585
79.1809	0.413731	1.00585
79.081	0.413706	1.00585
78.9779	0.413702	1.00581
78.8772	0.413708	1.00583
78.7764	0.413692	1.00578
78.6758	0.413691	1.00576
78.5752	0.41368	1.0057
78.4745	0.413663	1.00569
78.3753	0.413662	1.00571
78.2725	0.413648	1.00567
78.1732	0.413641	1.00567
78.0734	0.413642	1.00564
77.973	0.413641	1.0056
77.8728	0.413616	1.0056
77.7729	0.413613	1.00556
77.6735	0.413615	1.00555
77.5697	0.413601	1.00555
77.4719	0.413601	1.00554
77.3694	0.413583	1.00548
77.272	0.413573	1.00548
77.1701	0.413576	1.00548
77.0672	0.413565	1.00545
76.9685	0.413561	1.00545
76.8671	0.41356	1.00541
76.7653	0.413541	1.00538
76.6643	0.41355	1.00539
76.565	0.413541	1.00536
76.465	0.413526	1.00535
76.3633	0.413529	1.00535
76.2615	0.413519	1.0053
76.1602	0.413499	1.00532
76.0584	0.413493	1.0053
75.9592	0.413477	1.00527
75.8576	0.413484	1.00527
75.7579	0.413466	1.00525
75.6549	0.413458	1.0052
75.5528	0.41346	1.00518
75.4527	0.413451	1.00515
75.3518	0.413442	1.00516
75.2511	0.41343	1.00512
75.149	0.413431	1.0051
75.0486	0.413421	1.0051
74.9483	0.413414	1.00508
74.8457	0.4134	1.00506
74.7451	0.413391	1.00503
74.645	0.413401	1.00503
74.5456	0.413373	1.00501
74.4441	0.413374	1.00499
74.3435	0.413372	1.00496
74.2434	0.41336	1.00494
74.1415	0.41335	1.00496
74.0404	0.41334	1.00489
73.9397	0.413335	1.00489
73.8394	0.413325	1.00489
73.7387	0.413327	1.00486
73.6379	0.413319	1.00484
73.5363	0.413311	1.00481
73.4344	0.413295	1.0048
73.3346	0.413293	1.00478
73.2357	0.413284	1.00478
73.1333	0.413273	1.00476
73.0332	0.41327	1.00474
72.9312	0.413264	1.0047
72.8313	0.413269	1.0047
72.7303	0.413248	1.00468
72.6289	0.413183	1.00465
72.5289	0.413198	1.00464
72.4272	0.413184	1.00463
72.3265	0.413175	1.00464
72.2262	0.413166	1.00459
72.1247	0.413169	1.00443
72.0249	0.413155	1.00447
71.9246	0.413143	1.00443
71.8226	0.413138	1.00441
71.722	0.413123	1.00439
71.6223	0.413127	1.0044
71.5208	0.413111	1.00436
71.4186	0.41311	1.00433
71.317	0.413106	1.00432
71.2167	0.413097	1.00429
71.1142	0.413089	1.00429
71.0146	0.413083	1.00426
70.9153	0.413085	1.00425
70.8132	0.413074	1.00425
70.7109	0.413062	1.00422
70.6105	0.413069	1.0042
70.5113	0.413041	1.00419
70.4099	0.413005	1.00419
70.3085	0.413012	1.00417
70.2058	0.412988	1.00414
70.1051	0.413012	1.00415
70.004	0.412994	1.00409
69.903	0.412995	1.004
69.8019	0.412989	1.00402
69.7006	0.412979	1.00396
69.5983	0.412959	1.00402
69.4985	0.412969	1.00397
69.3961	0.412955	1.00397
69.2961	0.412946	1.00396
69.1934	0.412936	1.00394
69.0913	0.412926	1.00389
68.9909	0.412939	1.00391
68.8904	0.412911	1.00388
68.7899	0.412897	1.00386
68.6882	0.412906	1.00383
68.5874	0.41289	1.00381
68.4853	0.41287	1.00384
68.3855	0.412875	1.00377
68.2861	0.412848	1.00374
68.1837	0.412873	1.00376
68.0813	0.412867	1.00372
67.9817	0.412847	1.00367
67.8794	0.412832	1.00368
67.7795	0.412834	1.00362
67.6806	0.412834	1.00368
67.5793	0.412816	1.00366
67.4784	0.4128	1.00361
67.3769	0.412812	1.00358
67.2751	0.412805	1.00358
67.1738	0.412795	1.00358
67.073	0.412802	1.00354
66.9724	0.412794	1.0035
66.8719	0.412786	1.00353
66.7696	0.412776	1.00351
66.6681	0.412779	1.00349
66.5676	0.412773	1.00351
66.4668	0.41274	1.00349
66.3654	0.412731	1.00347
66.2669	0.412754	1.00344
66.1646	0.412732	1.00345
66.063	0.412734	1.00343
65.963	0.412715	1.00335
65.8618	0.412723	1.00333
65.7618	0.412703	1.00339
65.6604	0.412706	1.00334
65.5623	0.412708	1.00334
65.4608	0.412689	1.00329
65.3599	0.412696	1.00331
65.2598	0.412671	1.00326
65.1587	0.412677	1.00327
65.0588	0.412667	1.00328
64.9578	0.412671	1.00323
64.8568	0.412664	1.00325
64.7565	0.412653	1.00319
64.6539	0.412654	1.0032
64.553	0.41264	1.00318
64.4526	0.412627	1.00319
64.3527	0.412619	1.00317
64.2514	0.412609	1.00314
64.1503	0.412605	1.00314
64.0494	0.412587	1.00311
63.9494	0.412601	1.00308
63.8499	0.412576	1.00306
63.7479	0.412572	1.00304
63.6464	0.412587	1.00303
63.5464	0.412562	1.00298
63.4459	0.412562	1.00302
63.3439	0.412561	1.00296
63.2437	0.412553	1.00295
63.1416	0.412539	1.00298
63.0409	0.412541	1.00292
62.9401	0.412522	1.00292
62.8385	0.412533	1.00292
62.7383	0.412515	1.0029
62.6394	0.412529	1.00287
62.5372	0.412509	1.00287
62.4373	0.412518	1.00282
62.3366	0.412506	1.00285
62.236	0.412497	1.00281
62.1347	0.412507	1.00284
62.0358	0.412499	1.00279
61.9337	0.412487	1.00281
61.8337	0.412479	1.00278
61.7333	0.412484	1.00276
61.6322	0.412487	1.00279
61.5301	0.412472	1.00277
61.4299	0.412462	1.00274
61.329	0.412453	1.00272
61.2287	0.412451	1.00273
61.1272	0.412423	1.00274
61.0266	0.412414	1.0027
60.925	0.412406	1.00268
60.8229	0.412393	1.00266
60.7229	0.412407	1.00265
60.6236	0.412379	1.00258
60.5215	0.412383	1.00256
60.4203	0.412381	1.00254
60.3196	0.412374	1.00251
60.2182	0.412365	1.00254
60.1175	0.412373	1.00248
60.0173	0.412368	1.00249
59.9157	0.412363	1.00248
59.8148	0.412355	1.00246
59.7142	0.412345	1.00244
59.6129	0.412347	1.00246
59.5125	0.412353	1.00245
59.4104	0.412343	1.00244
59.3094	0.412326	1.00242
59.2094	0.412321	1.00239
59.1068	0.412322	1.0024
59.0061	0.412319	1.00241
58.9057	0.412309	1.00239
58.8047	0.412307	1.00235
58.7038	0.412284	1.00234
58.6026	0.412285	1.00234
58.5026	0.412273	1.00233
58.401	0.412265	1.00231
58.2991	0.412272	1.0023
58.1971	0.412272	1.00225
58.0951	0.412268	1.00225
57.9943	0.41225	1.00222
57.8929	0.41224	1.0022
57.7908	0.412251	1.00222
57.6887	0.412239	1.00222
57.5873	0.41222	1.00221
57.4847	0.41222	1.00216
57.3832	0.41222	1.00214
57.2812	0.412225	1.00217
57.1782	0.41222	1.00214
57.0774	0.412219	1.00209
56.9747	0.412196	1.00209
56.8715	0.412188	1.00209
56.7691	0.412195	1.0021
56.6683	0.412182	1.00209
56.5645	0.412174	1.00209
56.4627	0.412191	1.00203
56.3619	0.41218	1.00201
56.2586	0.412163	1.00203
56.1578	0.412141	1.002
56.0572	0.412134	1.00198
55.9556	0.41213	1.00202
55.8533	0.412117	1.00199
55.7515	0.412114	1.00195
55.6492	0.412119	1.0019
55.5476	0.41209	1.00188
55.4471	0.412098	1.00187
55.3445	0.412105	1.00184
55.2411	0.412105	1.00183
55.1403	0.412097	1.00185
55.0373	0.412094	1.00177
54.935	0.41208	1.00179
54.8336	0.412072	1.00181
54.7315	0.412059	1.00181
54.63	0.412073	1.00179
54.5271	0.412046	1.00178
54.425	0.412045	1.00175
54.322	0.412042	1.00173
54.2199	0.412047	1.0017
54.1186	0.412043	1.00173
54.0165	0.412014	1.00167
53.9126	0.412031	1.00166
53.8092	0.412004	1.00166
53.7085	0.411998	1.00167
53.6064	0.412009	1.00166
53.504	0.412009	1.00159
53.4014	0.411996	1.00163
53.3001	0.411979	1.00157
53.1968	0.411979	1.00155
53.093	0.411968	1.00158
52.9915	0.411964	1.00158
52.889	0.411949	1.00155
52.7867	0.411942	1.0015
52.6837	0.411941	1.00151
52.58	0.411948	1.00148
52.4781	0.411934	1.00147
52.3752	0.411926	1.00143
52.2732	0.411933	1.00142
52.1703	0.411903	1.00141
52.0678	0.411916	1.00143
51.9644	0.411899	1.0014
51.8629	0.411906	1.00137
51.7617	0.411906	1.00139
51.6581	0.411888	1.00132
51.5561	0.411892	1.00135
51.4539	0.411871	1.00131
51.3513	0.411879	1.00133
51.249	0.41187	1.00133
51.1469	0.411855	1.00128
51.0448	0.411852	1.00129
50.9419	0.411839	1.00124
50.8389	0.411852	1.00126
50.7366	0.41183	1.00124
50.6358	0.411835	1.0012
50.5324	0.411831	1.0012
50.4308	0.411807	1.00116
50.3265	0.411813	1.0012
50.2238	0.411813	1.00114
50.1223	0.411793	1.00115
50.0196	0.411797	1.00114
49.9173	0.411791	1.00109
49.8143	0.411787	1.0011
49.7119	0.411793	1.0011
49.6088	0.411774	1.00105
49.5061	0.41178	1.00106
49.4032	0.411772	1.00105
49.3014	0.411766	1.00104
49.1984	0.411746	1.00105
49.0955	0.411744	1.00101
48.993	0.411744	1.00102
48.8886	0.411747	1.001
48.7864	0.411741	1.00099
48.6831	0.411733	1.00094
48.581	0.411724	1.00093
48.4774	0.411719	1.00093
48.374	0.411718	1.00094
48.2713	0.411706	1.00093
48.169	0.411691	1.00091
48.0652	0.411704	1.00088
47.9642	0.411689	1.00087
47.8607	0.411681	1.00087
47.758	0.411671	1.00084
47.6543	0.411675	1.0008
47.551	0.411663	1.00084
47.4479	0.411667	1.0008
47.3458	0.411668	1.00078
47.2407	0.411659	1.00076
47.1383	0.411636	1.00077
47.0343	0.411637	1.00074
46.9311	0.411646	1.00075
46.8278	0.41162	1.00075
46.724	0.411619	1.00073
46.6232	0.411612	1.00067
46.5189	0.411619	1.00067
46.4151	0.411612	1.00069
46.3122	0.411607	1.00063
46.2081	0.411604	1.00063
46.1046	0.411609	1.00061
46.0017	0.411603	1.00063
45.9003	0.411591	1.00061
45.7947	0.41158	1.0006
45.6935	0.411577	1.00059
45.5911	0.41155	1.00061
45.4881	0.41158	1.00059
45.3853	0.411566	1.00056
45.2824	0.411556	1.00053
45.1814	0.411562	1.00053
45.078	0.411541	1.00046
44.9744	0.411539	1.00053
44.8722	0.411541	1.0005
44.7687	0.411537	1.00048
44.6668	0.41154	1.00049
44.5643	0.411518	1.00044
44.4597	0.411509	1.00043
44.3558	0.411528	1.00044
44.2535	0.411515	1.00043
44.1493	0.411503	1.00044
44.0451	0.411511	1.00038
43.9415	0.411497	1.00036
43.8368	0.411486	1.00041
43.7332	0.411482	1.00038
43.6315	0.411466	1.00035
43.5273	0.41148	1.00037
43.4238	0.411476	1.00033
43.3208	0.411455	1.00031
43.2171	0.411452	1.0003
43.1138	0.411467	1.00026
43.0113	0.41144	1.00029
42.9066	0.411447	1.00028
42.8028	0.411447	1.00023
42.7009	0.411428	1.00022
42.5975	0.411422	1.00026
42.4928	0.411433	1.00019
42.3886	0.411412	1.00021
42.2851	0.411421	1.00021
42.1807	0.411413	1.00017
42.0775	0.411408	1.00015
41.9756	0.41141	1.00018
41.872	0.411396	1.00013
41.7682	0.411406	1.00015
41.6646	0.411393	1.00013
41.56	0.411403	1.00012
41.456	0.41137	1.00012
41.3522	0.411378	1.00009
41.2479	0.411391	1.00011
41.1433	0.411366	1.00008
41.0393	0.411379	1.0001
40.936	0.41136	1.00002
40.832	0.411368	1.00004
40.7268	0.411355	1.00008
40.6236	0.411351	1.00001
40.5198	0.41134	1.00005
40.4149	0.411332	1
40.3105	0.411339	1.00002
40.2073	0.411333	0.999987
40.1028	0.411324	0.999978
39.9997	0.411314	0.999952
39.8944	0.411323	0.999931
39.7888	0.411315	0.99995
39.6841	0.411304	0.999935
39.5794	0.411287	0.999913
39.4756	0.411285	0.999888
39.3708	0.411281	0.999911
39.2681	0.411299	0.999891
39.166	0.411294	0.999865
39.0622	0.411282	0.999823
38.9577	0.411274	0.999818
38.8552	0.411272	0.999808
38.7498	0.411255	0.999851
38.6457	0.411266	0.99984
38.5421	0.411264	0.999811
38.4377	0.41126	0.99979
38.3338	0.41126	0.999785
38.2284	0.41126	0.999744
38.1255	0.411255	0.99977
38.0215	0.411249	0.999766
37.9167	0.411254	0.999756
37.8114	0.411245	0.999757
37.7066	0.411225	0.999756
37.6024	0.411228	0.999745
37.4982	0.411221	0.99973
37.3924	0.411222	0.999744
37.288	0.411214	0.999721
37.1825	0.411215	0.999672
37.0787	0.411208	0.99968
36.9748	0.411192	0.999661
36.871	0.411208	0.999665
36.7668	0.4112	0.999646
36.6611	0.411196	0.999648
36.5562	0.411191	0.999632
36.4515	0.411189	0.999591
36.3477	0.411176	0.999631
36.2426	0.411183	0.99961
36.1399	0.41117	0.999602
36.0386	0.411157	0.999589
35.9335	0.41117	0.999586
35.828	0.41116	0.999554
35.7244	0.411145	0.999569
35.6198	0.411157	0.999538
35.515	0.411152	0.999507
35.4091	0.411157	0.999538
35.3047	0.411152	0.999513
35.2003	0.411128	0.999478
35.0947	0.41115	0.999507
34.9911	0.411131	0.999495
34.8854	0.411126	0.999506
34.7803	0.411119	0.999495
34.6741	0.411121	0.999437
34.5699	0.411114	0.99949
34.4673	0.411122	0.999444
34.3625	0.411124	0.999432
34.2573	0.411117	0.999414
34.1517	0.411102	0.999419
34.0478	0.411094	0.999402
33.9432	0.411091	0.999422
33.8385	0.41108	0.999425
33.7345	0.411081	0.99941
33.6302	0.411079	0.999373
33.5261	0.41107	0.999352
33.4224	0.41108	0.999347
33.3162	0.411081	0.999319
33.2118	0.411079	0.999323
33.1061	0.411055	0.999318
33.0012	0.411067	0.999295
32.8968	0.411061	0.999319
32.7943	0.411067	0.999322
32.6915	0.411059	0.999317
32.5873	0.41107	0.999258
32.4813	0.411064	0.999287
32.3759	0.411052	0.999273
32.2749	0.411045	0.999288
32.1688	0.411036	0.999269
32.0644	0.411029	0.999296
31.9609	0.411046	0.99928
31.8548	0.411024	0.999251
31.748	0.411029	0.999234
31.6431	0.411016	0.999212
31.5376	0.411029	0.999195
31.4324	0.411025	0.999237
31.3298	0.411006	0.999183
31.2262	0.411001	0.999194
31.1217	0.411018	0.999165
31.0168	0.411008	0.999194
30.9123	0.410994	0.999186
30.8059	0.410999	0.999141
30.7015	0.411004	0.999127
30.5959	0.410975	0.999168
30.4913	0.411002	0.999144
30.3854	0.411002	0.999111
30.2801	0.410976	0.999123
30.1765	0.410984	0.999136
30.0727	0.410987	0.999065
29.9695	0.410974	0.99913
29.8652	0.410971	0.999129
29.7624	0.410976	0.999066
29.6596	0.410969	0.999085
29.5549	0.410964	0.999094
29.4522	0.410971	0.999063
29.3484	0.410963	0.999053
29.2441	0.410969	0.999066
29.141	0.410959	0.999049
29.0373	0.410953	0.999038
28.9331	0.410952	0.999053
28.8289	0.41095	0.999036
28.7246	0.410933	0.99905
28.6206	0.410946	0.999025
28.5167	0.410939	0.999011
28.4136	0.410939	0.999009
28.3087	0.41093	0.999004
28.205	0.410932	0.998961
28.1005	0.410934	0.998994
27.9977	0.410942	0.998977
27.893	0.41092	0.998977
27.7898	0.410924	0.998956
27.6854	0.410914	0.99896
27.5836	0.410926	0.998963
27.4793	0.410907	0.998984
27.3747	0.410915	0.998929
27.272	0.410916	0.998941
27.1684	0.410918	0.998916
27.0663	0.41091	0.998945
26.9616	0.410909	0.998899
26.8586	0.410904	0.998919
26.7549	0.410916	0.998921
26.6516	0.410907	0.998925
26.5484	0.410898	0.998907
26.4443	0.410901	0.998904
26.3422	0.410901	0.998892
26.2385	0.410898	0.998921
26.1354	0.4109	0.9989
26.0328	0.410878	0.998878
25.9297	0.410887	0.998885
25.8271	0.410877	0.998884
25.7233	0.410903	0.998876
25.6219	0.410884	0.998881
25.5195	0.410872	0.998827
25.4152	0.410872	0.998851
25.3123	0.410868	0.998825
25.2084	0.410879	0.99889
25.1055	0.410876	0.998844
25.0019	0.410879	0.998813
24.8986	0.410864	0.998814
24.795	0.410874	0.998804
24.6906	0.410856	0.998831
24.5877	0.410878	0.998822
24.4835	0.410859	0.99883
24.3819	0.410848	0.998794
24.2802	0.410854	0.998819
24.177	0.410858	0.998774
24.0753	0.410862	0.998829
23.9732	0.410858	0.998782
23.8699	0.410845	0.998756
23.7651	0.410862	0.998769
23.6611	0.410841	0.998781
23.5576	0.410856	0.99879
23.4537	0.410827	0.998779
23.349	0.410848	0.998749
23.2459	0.410839	0.998789
23.1405	0.410857	0.998738
23.0374	0.410834	0.998774
22.9347	0.410835	0.998703
22.8303	0.410842	0.998754
22.725	0.410841	0.998733
22.6209	0.410835	0.998778
22.5159	0.410836	0.998722
22.411	0.410828	0.998725
22.3082	0.410826	0.998741
22.203	0.410838	0.998739
22.098	0.410822	0.998723
21.9926	0.410822	0.998726
21.8893	0.41083	0.998707
21.7842	0.410843	0.998702
21.6795	0.410834	0.998732
21.5748	0.410829	0.998693
21.4708	0.410826	0.998692
21.364	0.410824	0.998711
21.2592	0.410824	0.998743
21.1557	0.410816	0.998722
21.0511	0.410814	0.99871
20.9458	0.410818	0.998702
20.8408	0.410825	0.998696
20.7345	0.41082	0.998698
20.6304	0.410818	0.998678
20.5234	0.410824	0.998674
20.4169	0.410808	0.998684
20.3129	0.410803	0.998699
20.2101	0.410826	0.998688
20.1029	0.410807	0.998681
19.9984	0.410805	0.998696
19.8918	0.4108	0.998659
19.7867	0.410817	0.998646
19.6828	0.410811	0.998703
19.5767	0.410816	0.998656
19.4704	0.410805	0.99865
19.3632	0.41082	0.998639
19.2584	0.41082	0.998681
19.1509	0.410813	0.998666
19.0444	0.410807	0.998679
18.9383	0.410818	0.998651
18.8314	0.410796	0.998686
18.7264	0.410803	0.998686
18.6179	0.410819	0.998671
18.513	0.410808	0.998656
18.4075	0.410807	0.998683
18.3004	0.410811	0.998628
18.1944	0.410801	0.998645
18.0864	0.410814	0.998684
17.9765	0.410814	0.998659
17.8729	0.41082	0.998657
17.7655	0.410813	0.998665
17.6596	0.410813	0.998642
17.5544	0.410819	0.998673
17.4493	0.410808	0.998673
17.3389	0.410812	0.998688
17.2313	0.410803	0.998671
17.1235	0.410828	0.998671
17.0179	0.410815	0.998686
16.9138	0.410825	0.998659
16.8054	0.410814	0.998667
16.6959	0.410823	0.998645
16.5864	0.410806	0.998707
16.4769	0.410821	0.998676
16.3721	0.410811	0.998699
16.2647	0.41082	0.998672
16.1517	0.410839	0.998694
16.0425	0.410826	0.998653
15.9334	0.410823	0.998689
15.8229	0.410832	0.998665
15.7111	0.410826	0.998687
15.5999	0.410833	0.998735
15.4864	0.410826	0.998702
15.3729	0.410848	0.998696
15.2545	0.410844	0.998717
15.1375	0.41083	0.998702
15.0172	0.410849	0.998718
14.8933	0.410831	0.998703
14.7681	0.410849	0.998756
14.6402	0.410861	0.998746
14.5135	0.410855	0.998713
14.3862	0.410876	0.998757
14.2523	0.410848	0.998714
14.1183	0.410853	0.998757
13.9831	0.410859	0.998787
13.8451	0.410867	0.998772
13.7033	0.410867	0.998824
13.5587	0.410873	0.998756
13.4149	0.410884	0.998767
13.2653	0.410874	0.998781
13.1144	0.410897	0.998801
12.9575	0.410886	0.998803
12.8033	0.4109	0.998817
12.6433	0.410902	0.998842
12.4754	0.4109	0.998819
12.3107	0.410924	0.998873
12.1417	0.410895	0.998849
11.9654	0.410927	0.998882
11.7903	0.410935	0.998887
11.6049	0.410941	0.998882
11.4216	0.410955	0.99894
11.2324	0.410963	0.998871
11.0345	0.410949	0.998948
10.8378	0.410975	0.998967
10.631	0.410988	0.998982
10.4255	0.410999	0.999016
10.211	0.411001	0.999036
9.9883	0.411012	0.999
9.76048	0.411009	0.999064
9.52814	0.411025	0.999095
9.28703	0.411056	0.999121
9.04007	0.411059	0.999128
8.78518	0.411097	0.999154
8.52413	0.411096	0.999146
8.2539	0.411121	0.999185
7.97478	0.411139	0.999261
7.69062	0.411163	0.999268
7.39381	0.411179	0.999361
7.09117	0.411213	0.999358
6.77713	0.411237	0.999418
6.48764	0.411242	0.999463
6.2089	0.411276	0.999521
5.95172	0.411298	0.99956
5.71646	0.41133	0.999643
5.48529	0.411339	0.999702
5.28967	0.411334	0.999713
5.11343	0.411337	0.999797
4.96481	0.411356	0.999849
4.82892	0.411359	0.999926
4.69862	0.411342	0.999949
4.57015	0.411348	0.999937
4.44497	0.411345	0.999945
4.32273	0.411336	0.99999
4.21598	0.411342	0.999998
4.11038	0.411349	0.999956
4.00629	0.411344	0.999972
3.90802	0.411352	0.999963
3.8087	0.411334	0.999941
3.71471	0.41134	0.999957
3.61951	0.411334	0.999973
3.5278	0.411318	0.999961
3.43807	0.41132	0.99998
3.36307	0.411331	0.999937
3.30234	0.411331	0.999952
3.2491	0.41131	0.999937
3.19796	0.411311	0.999899
3.14696	0.411307	0.999903
3.09876	0.4113	0.999929
3.05151	0.411305	0.99993
3.00468	0.411311	0.999877
2.96036	0.411296	0.99988
2.91779	0.411291	0.999871
2.8753	0.411284	0.999853
2.83412	0.411299	0.999866
2.79517	0.411293	0.999881
2.75777	0.41128	0.999844
2.72009	0.411294	0.999833
2.68406	0.411298	0.999815
2.64864	0.411286	0.999852
2.61626	0.411284	0.999836
2.58408	0.411269	0.999805
2.55187	0.411272	0.99984
2.52123	0.411272	0.99985
2.49197	0.411256	0.999821
2.46414	0.411249	0.999816
2.43753	0.411273	0.999779
2.41094	0.411268	0.999785
2.38502	0.411262	0.999786
2.36012	0.411241	0.999748
2.3373	0.411233	0.99973
2.31459	0.411218	0.999788
2.29314	0.411233	0.999776
2.27171	0.411229	0.999763
2.25066	0.411214	0.99971
2.22851	0.411208	0.999691
2.20976	0.411217	0.999654
2.18852	0.41121	0.999692
2.16749	0.411201	0.999681
2.14663	0.411203	0.999644
2.12574	0.4112	0.999631
2.10461	0.411195	0.999653
2.07615	0.411195	0.999636
2.0232	0.411172	0.999613
1.95815	0.411172	0.999618
1.89571	0.411146	0.99961
1.8362	0.411149	0.999599
1.78162	0.411174	0.9996
1.7292	0.411153	0.999542
1.68375	0.411149	0.999542
1.64019	0.411147	0.99948
1.6012	0.411156	0.999486
1.56891	0.411156	0.999549
1.5432	0.411165	0.999496
1.52201	0.411152	0.999487
1.50711	0.411154	0.999483
