# 'Tdn_K_110.2G'	'Rdn_Ohm_110.2G'	'Rdn/R5k_Ohm_110.2G'
296.139	0.475568	1.16373
296.019	0.475351	1.16320
295.898	0.475298	1.16307
295.782	0.475217	1.15608
295.663	0.475165	1.15566
295.55	0.475112	1.15514
295.432	0.475035	1.15501
295.318	0.474979	1.15481
295.204	0.474914	1.15469
295.093	0.474836	1.15456
294.979	0.474765	1.15437
294.87	0.47469	1.15424
294.758	0.474624	1.15408
294.649	0.474545	1.15389
294.538	0.474474	1.15371
294.425	0.474393	1.15353
294.312	0.474327	1.15337
294.205	0.474241	1.15318
294.094	0.474167	1.15301
293.986	0.474102	1.15281
293.878	0.474	1.15265
293.765	0.473937	1.15244
293.659	0.473855	1.15226
293.551	0.473771	1.1521
293.443	0.473675	1.15186
293.334	0.473598	1.1517
293.228	0.473516	1.1515
293.115	0.47342	1.1513
293.007	0.473314	1.15107
292.894	0.473224	1.15088
292.786	0.473139	1.15068
292.676	0.473046	1.15045
292.568	0.472951	1.15019
292.461	0.472847	1.14997
292.349	0.472754	1.14976
292.242	0.472652	1.14954
292.127	0.472552	1.14931
292.02	0.472461	1.14905
291.909	0.472342	1.14883
291.804	0.472269	1.14858
291.694	0.472167	1.14834
291.579	0.472062	1.14812
291.47	0.471962	1.14783
291.358	0.471856	1.14765
291.25	0.471757	1.1474
291.143	0.471672	1.14715
291.038	0.47156	1.1469
290.925	0.471465	1.14664
290.815	0.471356	1.1464
290.704	0.471267	1.1462
290.591	0.471162	1.14593
290.486	0.471053	1.14569
290.377	0.470969	1.14543
290.264	0.470868	1.14521
290.151	0.470768	1.14496
290.042	0.470674	1.14469
289.929	0.470568	1.14449
289.822	0.470459	1.14424
289.715	0.470367	1.144
289.603	0.470272	1.14377
289.494	0.470168	1.14352
289.381	0.470075	1.14325
289.268	0.469971	1.14303
289.156	0.469878	1.1428
289.045	0.46978	1.14254
288.933	0.469679	1.14232
288.822	0.469591	1.14206
288.716	0.469481	1.14184
288.601	0.469382	1.1416
288.488	0.469303	1.14136
288.381	0.469206	1.14114
288.272	0.469098	1.14087
288.162	0.469002	1.14063
288.05	0.468903	1.14044
287.935	0.4688	1.1402
287.828	0.468698	1.13994
287.719	0.468608	1.13971
287.605	0.46852	1.13947
287.492	0.468433	1.13922
287.382	0.468325	1.13897
287.269	0.468242	1.13875
287.159	0.46814	1.13854
287.05	0.46804	1.13833
286.934	0.467945	1.13807
286.823	0.46785	1.13786
286.714	0.467762	1.13762
286.599	0.467671	1.13737
286.493	0.467572	1.13714
286.381	0.467475	1.13691
286.271	0.46738	1.1367
286.159	0.4673	1.13647
286.045	0.4672	1.13624
285.935	0.467098	1.136
285.825	0.467015	1.13577
285.715	0.46694	1.13557
285.599	0.466837	1.13533
285.491	0.466743	1.13508
285.38	0.46667	1.13488
285.264	0.466575	1.1347
285.155	0.466493	1.13445
285.048	0.466384	1.13422
284.94	0.466301	1.13404
284.827	0.466218	1.13381
284.716	0.466128	1.13361
284.61	0.46605	1.13335
284.499	0.465955	1.13315
284.39	0.465873	1.13295
284.279	0.465781	1.13273
284.171	0.465697	1.13254
284.058	0.465624	1.13231
283.952	0.465526	1.1321
283.839	0.465447	1.13188
283.729	0.465348	1.13168
283.619	0.465272	1.1315
283.507	0.465194	1.13126
283.397	0.465106	1.13107
283.289	0.465023	1.13083
283.183	0.464939	1.13065
283.07	0.464859	1.13046
282.962	0.464785	1.13024
282.853	0.464694	1.13004
282.743	0.464612	1.12984
282.635	0.464517	1.12964
282.524	0.464436	1.12946
282.41	0.464348	1.12924
282.295	0.464258	1.12904
282.188	0.464187	1.12881
282.077	0.464096	1.12862
281.967	0.464011	1.1284
281.861	0.463937	1.12818
281.749	0.463855	1.12801
281.636	0.463774	1.12779
281.531	0.463689	1.12758
281.418	0.463604	1.1274
281.308	0.463522	1.1272
281.199	0.46344	1.12701
281.086	0.463355	1.1268
280.983	0.463257	1.12659
280.872	0.463193	1.12639
280.76	0.463114	1.12619
280.649	0.46304	1.12599
280.535	0.462955	1.12575
280.425	0.462869	1.12559
280.315	0.4628	1.1254
280.204	0.462723	1.12522
280.096	0.462644	1.12501
279.986	0.462565	1.12481
279.877	0.462475	1.12464
279.765	0.462381	1.12445
279.656	0.462322	1.12426
279.546	0.462238	1.12407
279.433	0.462133	1.12385
279.322	0.462057	1.12362
279.211	0.461993	1.12348
279.106	0.4619	1.12327
278.995	0.461845	1.12302
278.884	0.461768	1.12283
278.772	0.461686	1.12268
278.661	0.461614	1.12245
278.551	0.46153	1.12232
278.44	0.461457	1.12213
278.329	0.461382	1.12193
278.217	0.461302	1.12176
278.107	0.46123	1.12155
277.998	0.461153	1.12137
277.889	0.46108	1.12119
277.777	0.461002	1.121
277.671	0.460927	1.12082
277.563	0.460856	1.12064
277.455	0.460792	1.12046
277.344	0.460722	1.12027
277.235	0.460632	1.12009
277.126	0.460556	1.11992
277.012	0.460484	1.11976
276.901	0.460408	1.11959
276.791	0.460341	1.11937
276.68	0.460257	1.11919
276.57	0.460174	1.11901
276.46	0.460105	1.11883
276.349	0.46002	1.11866
276.242	0.459969	1.11846
276.129	0.459892	1.11826
276.024	0.459824	1.11809
275.913	0.459758	1.11788
275.801	0.45966	1.11776
275.693	0.4596	1.11757
275.58	0.459513	1.11741
275.469	0.459453	1.11725
275.358	0.459363	1.11701
275.247	0.459306	1.11686
275.137	0.45924	1.11665
275.024	0.459155	1.11651
274.913	0.459088	1.11629
274.803	0.459011	1.11615
274.69	0.458956	1.11599
274.579	0.458886	1.11578
274.471	0.458798	1.11562
274.359	0.458735	1.11543
274.247	0.458663	1.1153
274.137	0.458593	1.11513
274.026	0.45852	1.11491
273.917	0.45845	1.11476
273.802	0.458376	1.11459
273.693	0.4583	1.11441
273.58	0.458226	1.11424
273.474	0.458155	1.11407
273.358	0.458103	1.11389
273.252	0.458039	1.1137
273.139	0.45796	1.11352
273.029	0.457898	1.11335
272.919	0.457834	1.11322
272.808	0.457761	1.11307
272.698	0.457692	1.11288
272.588	0.457623	1.11273
272.478	0.457548	1.11257
272.366	0.457494	1.11239
272.255	0.45742	1.11223
272.149	0.457364	1.11206
272.036	0.457282	1.11188
271.925	0.457227	1.11174
271.819	0.457152	1.11157
271.707	0.45708	1.11143
271.601	0.457024	1.11123
271.489	0.456946	1.1111
271.376	0.456888	1.11091
271.272	0.456811	1.11074
271.155	0.456738	1.1106
271.047	0.456693	1.11041
270.937	0.45661	1.11027
270.827	0.456545	1.11008
270.719	0.456498	1.10991
270.609	0.456424	1.1098
270.5	0.456345	1.1096
270.387	0.45628	1.10944
270.279	0.456207	1.10932
270.171	0.456157	1.10915
270.059	0.456082	1.10895
269.954	0.45603	1.10879
269.841	0.455954	1.10862
269.73	0.455894	1.10849
269.623	0.455832	1.10831
269.507	0.455753	1.10819
269.4	0.455709	1.108
269.292	0.45565	1.10786
269.185	0.455583	1.10771
269.074	0.455512	1.10751
268.961	0.455456	1.10741
268.851	0.455379	1.10726
268.742	0.455309	1.1071
268.631	0.455254	1.10693
268.519	0.455205	1.10679
268.409	0.455131	1.1066
268.301	0.455073	1.10644
268.19	0.455014	1.1063
268.079	0.454954	1.10618
267.966	0.454892	1.106
267.86	0.454834	1.10586
267.751	0.454752	1.10572
267.639	0.454705	1.10557
267.529	0.454642	1.10542
267.421	0.454587	1.10528
267.312	0.454519	1.10508
267.202	0.454461	1.10497
267.091	0.454392	1.10481
266.983	0.454329	1.10468
266.871	0.454284	1.10452
266.764	0.454199	1.10438
266.649	0.454151	1.10421
266.538	0.45409	1.10405
266.427	0.454034	1.10394
266.319	0.45397	1.10374
266.204	0.453906	1.10362
266.101	0.453839	1.10347
265.986	0.453776	1.10334
265.877	0.453731	1.10318
265.764	0.453668	1.10303
265.651	0.453615	1.10286
265.543	0.453534	1.10271
265.435	0.453495	1.1026
265.322	0.453433	1.10245
265.214	0.453368	1.10232
265.103	0.453308	1.10212
264.993	0.453237	1.10203
264.885	0.453163	1.10188
264.774	0.453125	1.10172
264.664	0.453062	1.10157
264.553	0.453014	1.1014
264.445	0.452952	1.10122
264.336	0.452904	1.10113
264.228	0.452827	1.10097
264.117	0.452778	1.10086
264.005	0.452722	1.10071
263.894	0.452665	1.10059
263.783	0.452605	1.1004
263.674	0.452558	1.10028
263.564	0.452493	1.10015
263.452	0.452429	1.10001
263.341	0.452375	1.09986
263.233	0.452315	1.09975
263.125	0.452261	1.09959
263.016	0.452223	1.09944
262.906	0.452156	1.09931
262.796	0.452092	1.09916
262.687	0.452044	1.09903
262.575	0.451987	1.09894
262.464	0.451922	1.09877
262.354	0.451871	1.09862
262.247	0.451819	1.0985
262.135	0.451758	1.09836
262.024	0.451685	1.09821
261.916	0.451648	1.09808
261.805	0.451595	1.09795
261.699	0.451549	1.09781
261.589	0.451475	1.09763
261.481	0.451427	1.09754
261.366	0.451378	1.09741
261.257	0.451325	1.0973
261.148	0.451261	1.09712
261.038	0.45123	1.097
260.93	0.451172	1.09688
260.819	0.451114	1.09675
260.709	0.451052	1.0966
260.601	0.450995	1.09652
260.49	0.45095	1.09638
260.383	0.450879	1.09624
260.271	0.450847	1.09609
260.161	0.450787	1.09595
260.048	0.450726	1.09584
259.938	0.45068	1.09567
259.829	0.450616	1.09559
259.721	0.450566	1.09545
259.612	0.45051	1.0953
259.5	0.450474	1.09519
259.393	0.450415	1.09503
259.284	0.450361	1.09491
259.171	0.450317	1.09477
259.063	0.450265	1.09469
258.954	0.450199	1.09454
258.846	0.450155	1.09441
258.738	0.450107	1.0943
258.628	0.450058	1.09418
258.517	0.450011	1.09402
258.408	0.449966	1.09391
258.298	0.449904	1.09379
258.189	0.44985	1.09368
258.077	0.449796	1.09356
257.968	0.449739	1.09345
257.86	0.449705	1.0933
257.753	0.449655	1.09317
257.64	0.44959	1.09304
257.534	0.449564	1.0929
257.425	0.449505	1.09282
257.313	0.449458	1.09269
257.204	0.4494	1.09254
257.095	0.449368	1.09247
256.988	0.449302	1.09233
256.877	0.449247	1.09222
256.765	0.449203	1.09208
256.658	0.449158	1.092
256.546	0.449092	1.09184
256.435	0.449055	1.0917
256.327	0.449031	1.0916
256.217	0.448972	1.09149
256.108	0.448924	1.09133
255.996	0.448874	1.09124
255.888	0.448837	1.09118
255.778	0.448778	1.09103
255.667	0.448731	1.09092
255.555	0.448686	1.0908
255.447	0.448635	1.09071
255.339	0.44858	1.09056
255.228	0.448543	1.09045
255.119	0.448491	1.09034
255.011	0.448461	1.09022
254.901	0.448404	1.09008
254.794	0.448375	1.08999
254.684	0.448321	1.08987
254.573	0.448276	1.08979
254.465	0.448223	1.08966
254.357	0.44819	1.08958
254.248	0.448129	1.08945
254.137	0.448086	1.08934
254.03	0.448039	1.08921
253.923	0.448001	1.08914
253.813	0.447954	1.08899
253.704	0.447905	1.08888
253.592	0.447856	1.08877
253.482	0.447824	1.08868
253.374	0.447772	1.08856
253.268	0.44772	1.08844
253.156	0.447701	1.08832
253.048	0.447639	1.08825
252.937	0.447604	1.08812
252.827	0.44756	1.08799
252.717	0.447514	1.08795
252.609	0.447474	1.0878
252.498	0.447426	1.08771
252.388	0.447392	1.0876
252.28	0.447351	1.08749
252.171	0.44728	1.0874
252.06	0.447251	1.08728
251.953	0.447212	1.0872
251.841	0.447168	1.0871
251.731	0.447125	1.08692
251.619	0.447095	1.08685
251.511	0.447044	1.08676
251.404	0.447009	1.08665
251.292	0.446966	1.08655
251.185	0.446927	1.08648
251.076	0.446885	1.08635
250.966	0.446831	1.08627
250.857	0.446788	1.08616
250.745	0.446757	1.08607
250.631	0.446714	1.08596
250.521	0.44667	1.08583
250.412	0.446635	1.08573
250.301	0.44659	1.08565
250.19	0.446554	1.08555
250.081	0.446511	1.08544
249.974	0.446469	1.08536
249.865	0.446444	1.08525
249.755	0.446407	1.08516
249.645	0.446348	1.08506
249.537	0.446326	1.08495
249.428	0.446289	1.08489
249.32	0.446238	1.0848
249.212	0.446201	1.08466
249.101	0.446164	1.08461
248.991	0.446121	1.08452
248.886	0.446082	1.08439
248.774	0.446031	1.0843
248.666	0.446	1.08421
248.554	0.445975	1.08411
248.445	0.445949	1.08401
248.335	0.445898	1.08389
248.228	0.44585	1.08381
248.119	0.445824	1.08375
248.01	0.445771	1.08369
247.899	0.445728	1.08356
247.788	0.44569	1.08345
247.679	0.445653	1.08339
247.569	0.445608	1.08326
247.461	0.445573	1.08315
247.352	0.445535	1.08306
247.244	0.44552	1.08297
247.137	0.445469	1.08286
247.026	0.445436	1.08278
246.916	0.445394	1.08268
246.804	0.445353	1.08265
246.696	0.44533	1.08252
246.585	0.44529	1.08244
246.477	0.445256	1.08234
246.367	0.445216	1.08224
246.257	0.445178	1.08218
246.143	0.445133	1.08209
246.037	0.445095	1.08201
245.926	0.445068	1.08191
245.815	0.44502	1.08182
245.708	0.444984	1.08171
245.599	0.444956	1.08161
245.487	0.44492	1.08155
245.377	0.444877	1.08143
245.269	0.44485	1.08134
245.16	0.444814	1.08128
245.052	0.444778	1.08119
244.941	0.44474	1.08109
244.832	0.444713	1.08102
244.72	0.444663	1.08093
244.609	0.444626	1.08084
244.499	0.4446	1.08075
244.39	0.44456	1.08069
244.28	0.444527	1.08056
244.168	0.444472	1.08047
244.063	0.444443	1.08041
243.952	0.444403	1.08031
243.844	0.444354	1.08023
243.735	0.444319	1.0801
243.625	0.444295	1.08003
243.517	0.444273	1.07993
243.405	0.444232	1.07981
243.297	0.444185	1.07973
243.186	0.444171	1.07967
243.077	0.444128	1.07962
242.97	0.444094	1.07952
242.859	0.444057	1.0794
242.751	0.444031	1.07937
242.641	0.443992	1.07926
242.534	0.443965	1.07918
242.428	0.443926	1.07909
242.318	0.443889	1.07903
242.211	0.44386	1.07893
242.102	0.443805	1.07887
241.994	0.443786	1.07877
241.885	0.443751	1.07868
241.775	0.443731	1.07861
241.664	0.443683	1.07848
241.558	0.443655	1.07843
241.448	0.443622	1.07835
241.339	0.44358	1.0783
241.227	0.443546	1.07818
241.118	0.443509	1.07812
241.007	0.443502	1.07804
240.898	0.443467	1.07793
240.788	0.443423	1.07785
240.681	0.443396	1.07776
240.572	0.443355	1.07774
240.463	0.443306	1.07766
240.353	0.443294	1.07755
240.244	0.443253	1.07749
240.137	0.443224	1.07739
240.028	0.443169	1.07727
239.918	0.443173	1.07724
239.811	0.443125	1.07714
239.701	0.443096	1.07707
239.592	0.443061	1.07693
239.482	0.443029	1.07694
239.369	0.442987	1.07683
239.26	0.442974	1.07676
239.149	0.442934	1.07667
239.04	0.442913	1.07659
238.93	0.442863	1.07649
238.82	0.442837	1.07646
238.713	0.442804	1.07636
238.605	0.442773	1.07631
238.494	0.442739	1.07619
238.387	0.442694	1.07613
238.278	0.44269	1.07605
238.17	0.442631	1.07597
238.06	0.442611	1.07589
237.953	0.442567	1.07578
237.842	0.442541	1.07577
237.732	0.44251	1.07563
237.626	0.442485	1.07558
237.52	0.442457	1.07547
237.412	0.442419	1.07541
237.303	0.442382	1.07533
237.192	0.44235	1.07527
237.085	0.44233	1.0752
236.975	0.442289	1.07511
236.867	0.442258	1.07502
236.756	0.442236	1.07494
236.645	0.442197	1.0749
236.537	0.44217	1.0748
236.427	0.442138	1.07472
236.32	0.442105	1.07467
236.208	0.442076	1.07457
236.1	0.442059	1.07451
235.99	0.442017	1.07443
235.882	0.441982	1.07435
235.772	0.441952	1.07428
235.662	0.441913	1.07424
235.553	0.441888	1.07413
235.442	0.441858	1.07405
235.332	0.441834	1.07398
235.223	0.441803	1.07388
235.115	0.441771	1.07382
235.006	0.441742	1.07375
234.897	0.441709	1.07369
234.79	0.441679	1.07362
234.68	0.441638	1.07354
234.573	0.441609	1.07347
234.464	0.441585	1.07338
234.351	0.441563	1.07331
234.243	0.441538	1.07321
234.132	0.441509	1.07314
234.023	0.44145	1.07308
233.911	0.441441	1.07303
233.804	0.441391	1.07297
233.695	0.44137	1.0729
233.585	0.441334	1.07276
233.476	0.441307	1.07274
233.371	0.441302	1.07261
233.261	0.441254	1.07256
233.15	0.441234	1.07247
233.04	0.4412	1.07241
232.932	0.441171	1.0724
232.824	0.441133	1.07228
232.714	0.441119	1.07223
232.605	0.441086	1.07215
232.498	0.441067	1.07208
232.391	0.441018	1.07199
232.285	0.440989	1.07195
232.175	0.44097	1.07187
232.067	0.440943	1.07183
231.958	0.440908	1.07171
231.85	0.440882	1.07164
231.738	0.440851	1.07159
231.63	0.440811	1.07152
231.52	0.4408	1.07144
231.411	0.440776	1.07138
231.302	0.440745	1.0713
231.195	0.440694	1.0712
231.086	0.440669	1.07118
230.976	0.440638	1.07112
230.867	0.440602	1.07104
230.756	0.44058	1.07092
230.647	0.44056	1.07086
230.54	0.440514	1.07078
230.429	0.440509	1.0707
230.321	0.440468	1.07064
230.213	0.440431	1.07059
230.103	0.440411	1.07048
229.994	0.440377	1.07047
229.886	0.440358	1.07037
229.779	0.44032	1.07028
229.667	0.440281	1.07023
229.556	0.440265	1.07015
229.448	0.440233	1.0701
229.342	0.440207	1.07001
229.232	0.44018	1.06992
229.123	0.440148	1.06988
229.013	0.440126	1.0698
228.9	0.440111	1.06974
228.796	0.440058	1.06967
228.685	0.440034	1.06959
228.579	0.440004	1.06954
228.47	0.439974	1.0695
228.361	0.439948	1.06937
228.25	0.439917	1.06931
228.143	0.439881	1.06924
228.034	0.439872	1.06917
227.925	0.439837	1.06911
227.815	0.439803	1.06903
227.708	0.439777	1.06894
227.598	0.439744	1.06892
227.489	0.439706	1.06884
227.382	0.439695	1.06875
227.274	0.439649	1.06869
227.166	0.439626	1.06861
227.055	0.439597	1.06852
226.947	0.439563	1.06849
226.838	0.439531	1.06838
226.732	0.439502	1.06832
226.619	0.439485	1.06825
226.51	0.439443	1.06817
226.403	0.439437	1.06809
226.293	0.439401	1.06802
226.184	0.439368	1.06798
226.077	0.439331	1.06788
225.966	0.439298	1.06786
225.863	0.439281	1.06778
225.754	0.439238	1.0677
225.644	0.439223	1.06761
225.534	0.439188	1.06753
225.424	0.43916	1.06748
225.315	0.439125	1.06738
225.206	0.439094	1.06734
225.097	0.439071	1.06726
224.989	0.439036	1.06719
224.88	0.439003	1.06711
224.772	0.438981	1.06703
224.663	0.438947	1.06698
224.555	0.43892	1.06689
224.447	0.438891	1.06681
224.339	0.438871	1.06676
224.231	0.438842	1.06667
224.121	0.438799	1.06661
224.013	0.438761	1.06654
223.903	0.43876	1.06649
223.796	0.438705	1.06642
223.686	0.438686	1.06631
223.578	0.438642	1.06622
223.466	0.438622	1.06622
223.36	0.438604	1.06609
223.254	0.438588	1.06604
223.143	0.438524	1.06593
223.034	0.438509	1.06588
222.924	0.438483	1.06584
222.815	0.438447	1.0658
222.706	0.438416	1.06565
222.596	0.438389	1.06561
222.487	0.438354	1.06555
222.38	0.438342	1.06546
222.273	0.438305	1.06538
222.165	0.438269	1.06532
222.056	0.438232	1.06523
221.948	0.438205	1.0652
221.839	0.438189	1.06511
221.728	0.438153	1.06503
221.62	0.43812	1.06494
221.51	0.438108	1.06487
221.401	0.438063	1.06483
221.291	0.438032	1.06475
221.184	0.437994	1.06466
221.075	0.437981	1.06464
220.966	0.437956	1.06453
220.857	0.437906	1.06445
220.749	0.437893	1.06436
220.639	0.437836	1.06433
220.533	0.437829	1.06427
220.423	0.43779	1.06414
220.314	0.437776	1.06411
220.203	0.437723	1.06397
220.093	0.437709	1.06396
219.984	0.437668	1.06386
219.877	0.437648	1.06383
219.768	0.437619	1.0637
219.66	0.437581	1.06366
219.553	0.437557	1.06357
219.441	0.437522	1.06352
219.333	0.437501	1.06345
219.224	0.437455	1.06336
219.117	0.437436	1.0633
219.01	0.437405	1.06321
218.901	0.437384	1.06316
218.792	0.437345	1.06305
218.684	0.437316	1.063
218.575	0.437287	1.06293
218.464	0.437256	1.06288
218.358	0.437234	1.06278
218.246	0.437204	1.06271
218.138	0.437172	1.06264
218.032	0.43713	1.06257
217.922	0.437109	1.06251
217.812	0.437087	1.06244
217.704	0.437048	1.06236
217.595	0.437022	1.06226
217.486	0.436985	1.06221
217.379	0.436967	1.06215
217.269	0.436812	1.06206
217.16	0.436749	1.062
217.053	0.436717	1.06191
216.942	0.436688	1.06186
216.833	0.436668	1.06149
216.726	0.436638	1.06133
216.617	0.43661	1.06125
216.506	0.436567	1.06119
216.398	0.436541	1.06114
216.287	0.436517	1.06106
216.177	0.436489	1.06099
216.068	0.436455	1.06089
215.959	0.436422	1.06083
215.851	0.436399	1.06077
215.745	0.436369	1.0607
215.637	0.436339	1.06062
215.527	0.436335	1.06054
215.417	0.436285	1.06048
215.31	0.43626	1.06041
215.2	0.436232	1.06034
215.094	0.436196	1.06033
214.984	0.436162	1.06021
214.876	0.436137	1.06015
214.769	0.436138	1.06008
214.659	0.436079	1.05999
214.549	0.436044	1.05991
214.442	0.436034	1.05985
214.334	0.435996	1.05985
214.226	0.435961	1.0597
214.117	0.435937	1.05962
214.008	0.435899	1.05959
213.899	0.435875	1.0595
213.79	0.435844	1.05942
213.68	0.435812	1.05936
213.573	0.435788	1.05927
213.464	0.435759	1.05921
213.356	0.435737	1.05913
213.249	0.435685	1.05906
213.138	0.43566	1.059
213.03	0.435645	1.05893
212.923	0.435599	1.05887
212.816	0.435563	1.05875
212.706	0.435551	1.05869
212.597	0.435519	1.05865
212.485	0.435487	1.05854
212.379	0.435455	1.05845
212.27	0.43542	1.05842
212.161	0.43539	1.05834
212.053	0.435363	1.05827
211.945	0.435326	1.05819
211.838	0.435289	1.0581
211.729	0.435275	1.05803
211.619	0.435232	1.05796
211.516	0.4352	1.05787
211.405	0.435173	1.05778
211.297	0.435134	1.05775
211.187	0.435099	1.05765
211.077	0.435074	1.05757
210.97	0.435037	1.0575
210.86	0.435009	1.05741
210.752	0.434982	1.05732
210.644	0.434952	1.05726
210.534	0.434917	1.05717
210.429	0.434886	1.05711
210.319	0.434856	1.05704
210.21	0.434836	1.05697
210.102	0.43479	1.05688
209.992	0.434765	1.05681
209.885	0.434738	1.05673
209.775	0.434696	1.05668
209.668	0.434664	1.05657
209.558	0.434647	1.05651
209.451	0.434603	1.05645
209.341	0.43456	1.05634
209.232	0.434547	1.05627
209.121	0.434503	1.05622
209.012	0.434484	1.05612
208.902	0.434447	1.05601
208.795	0.434421	1.05598
208.685	0.434391	1.05588
208.575	0.434352	1.05583
208.466	0.43432	1.05574
208.357	0.434274	1.05568
208.25	0.434248	1.0556
208.143	0.434227	1.05551
208.036	0.434183	1.05543
207.93	0.434166	1.05532
207.821	0.434127	1.05526
207.714	0.43409	1.0552
207.605	0.434077	1.0551
207.496	0.434028	1.05506
207.387	0.434007	1.05496
207.279	0.433968	1.05487
207.173	0.433946	1.05484
207.064	0.433899	1.05472
206.956	0.433868	1.05467
206.849	0.433839	1.05458
206.739	0.433799	1.05452
206.631	0.433775	1.05441
206.524	0.433745	1.05433
206.417	0.433701	1.05426
206.306	0.433688	1.05416
206.197	0.433648	1.05411
206.091	0.433612	1.05403
205.985	0.433588	1.05393
205.875	0.433542	1.05389
205.767	0.433524	1.0538
205.659	0.433468	1.05371
205.548	0.433445	1.05365
205.44	0.433407	1.05354
205.331	0.433371	1.0535
205.224	0.433347	1.05336
205.115	0.433296	1.0533
205.01	0.43328	1.05321
204.899	0.433239	1.05312
204.793	0.433217	1.05307
204.683	0.433193	1.05294
204.576	0.43314	1.0529
204.467	0.433114	1.0528
204.359	0.43309	1.05275
204.252	0.433051	1.05269
204.141	0.433026	1.05256
204.032	0.432988	1.0525
203.924	0.43295	1.05244
203.815	0.432913	1.05235
203.706	0.432866	1.05229
203.599	0.432846	1.05219
203.492	0.432815	1.0521
203.385	0.432775	1.05201
203.278	0.432754	1.0519
203.167	0.432712	1.05185
203.058	0.432679	1.05177
202.951	0.432633	1.05167
202.844	0.432632	1.05162
202.736	0.432587	1.05152
202.628	0.432558	1.05144
202.519	0.432534	1.05133
202.411	0.432492	1.05133
202.302	0.432463	1.05122
202.193	0.432421	1.05115
202.089	0.432401	1.05109
201.982	0.432368	1.05099
201.87	0.432343	1.05092
201.762	0.432291	1.05082
201.654	0.432276	1.05077
201.547	0.43224	1.05069
201.439	0.43219	1.05062
201.329	0.432173	1.0505
201.221	0.432144	1.05046
201.113	0.432105	1.05037
201.008	0.432072	1.05025
200.899	0.432024	1.05021
200.792	0.432014	1.05014
200.685	0.431981	1.05005
200.573	0.431944	1.04997
200.464	0.431914	1.04985
200.356	0.431885	1.04983
200.247	0.431854	1.04975
200.138	0.431823	1.04966
200.03	0.431792	1.04958
199.927	0.431758	1.04951
199.819	0.431741	1.04944
199.712	0.431681	1.04936
199.602	0.431661	1.04929
199.494	0.431632	1.0492
199.387	0.43158	1.04916
199.279	0.431567	1.04902
199.171	0.431537	1.04897
199.061	0.431505	1.0489
198.953	0.431466	1.04877
198.845	0.43146	1.04874
198.739	0.431402	1.04867
198.631	0.431389	1.04859
198.523	0.431352	1.04849
198.416	0.431336	1.04848
198.307	0.431303	1.04834
198.198	0.431259	1.04831
198.088	0.431232	1.04822
197.981	0.431194	1.04818
197.873	0.431175	1.0481
197.764	0.431135	1.04799
197.658	0.431091	1.04793
197.548	0.43108	1.04783
197.439	0.431033	1.04779
197.331	0.431013	1.04769
197.225	0.430994	1.04758
197.116	0.430959	1.04756
197.009	0.430924	1.04744
196.901	0.430888	1.04739
196.792	0.43088	1.04735
196.685	0.430836	1.04726
196.578	0.430812	1.04718
196.47	0.430773	1.04709
196.364	0.430749	1.04707
196.258	0.430705	1.04696
196.152	0.430688	1.0469
196.045	0.430649	1.04681
195.937	0.430616	1.04675
195.831	0.430595	1.04665
195.724	0.430587	1.0466
195.617	0.430548	1.04651
195.51	0.4305	1.04643
195.401	0.43048	1.04638
195.294	0.430453	1.04636
195.188	0.430409	1.04626
195.077	0.430391	1.04615
194.972	0.430361	1.0461
194.864	0.430325	1.04603
194.756	0.430295	1.04593
194.648	0.430274	1.04588
194.54	0.430241	1.04581
194.431	0.430226	1.04572
194.321	0.430182	1.04565
194.215	0.430157	1.0456
194.107	0.430137	1.04552
193.999	0.430083	1.04548
193.892	0.430073	1.04537
193.781	0.430048	1.04531
193.674	0.430005	1.04527
193.568	0.429976	1.04513
193.46	0.429936	1.04511
193.35	0.429918	1.04505
193.241	0.429893	1.04494
193.135	0.42985	1.04487
193.025	0.429842	1.04478
192.917	0.429821	1.04473
192.808	0.429771	1.04467
192.7	0.429751	1.04457
192.592	0.429711	1.04455
192.484	0.429688	1.0445
192.375	0.429657	1.04438
192.27	0.429641	1.04433
192.161	0.429596	1.04423
192.053	0.42956	1.04417
191.944	0.429544	1.0441
191.838	0.429507	1.04406
191.728	0.429488	1.04395
191.621	0.429442	1.04386
191.513	0.429438	1.04383
191.406	0.429394	1.04373
191.299	0.429374	1.04369
191.19	0.429339	1.04358
191.081	0.429315	1.04357
190.972	0.429288	1.04346
190.864	0.429247	1.04341
190.755	0.429239	1.04332
190.649	0.429199	1.04327
190.538	0.429164	1.0432
190.43	0.429133	1.0431
190.321	0.429123	1.04308
190.213	0.429086	1.04299
190.106	0.42907	1.0429
189.998	0.42902	1.04283
189.891	0.429003	1.0428
189.784	0.428976	1.04271
189.677	0.428967	1.04267
189.569	0.428924	1.04255
189.459	0.4289	1.04251
189.35	0.428858	1.04244
189.243	0.428847	1.04242
189.136	0.42881	1.04232
189.029	0.428779	1.04226
188.92	0.428759	1.04216
188.813	0.428723	1.04213
188.703	0.428695	1.04204
188.595	0.428674	1.04196
188.489	0.428642	1.04192
188.382	0.428634	1.04183
188.276	0.428598	1.04176
188.168	0.42858	1.04171
188.06	0.428531	1.04163
187.953	0.428511	1.04161
187.845	0.428492	1.04153
187.736	0.428457	1.04148
187.628	0.428434	1.04136
187.52	0.428404	1.04131
187.413	0.42838	1.04127
187.306	0.428355	1.04118
187.2	0.428328	1.04113
187.091	0.4283	1.04105
186.982	0.428278	1.041
186.877	0.428256	1.04093
186.77	0.428222	1.04087
186.663	0.428216	1.0408
186.556	0.428164	1.04075
186.447	0.428144	1.04069
186.339	0.42812	1.04061
186.23	0.428109	1.0406
186.122	0.428053	1.04047
186.012	0.428021	1.04042
185.904	0.428015	1.04036
185.798	0.427984	1.04034
185.69	0.427977	1.0402
185.582	0.427936	1.04012
185.473	0.427904	1.04011
185.364	0.42788	1.04003
185.256	0.427851	1.04002
185.148	0.427824	1.03992
185.041	0.427798	1.03984
184.93	0.427756	1.03978
184.822	0.427748	1.03971
184.719	0.427716	1.03965
184.612	0.42769	1.03958
184.502	0.427662	1.03948
184.396	0.42765	1.03946
184.288	0.42759	1.03938
184.181	0.427562	1.03932
184.075	0.427538	1.03925
183.965	0.427517	1.03922
183.859	0.427487	1.03907
183.75	0.427466	1.03901
183.645	0.427429	1.03895
183.536	0.427401	1.0389
183.429	0.4274	1.03883
183.32	0.427365	1.03878
183.213	0.427343	1.03868
183.107	0.427308	1.03862
182.997	0.427277	1.03861
182.891	0.427264	1.03853
182.784	0.427232	1.03848
182.678	0.427205	1.03839
182.569	0.427172	1.03831
182.462	0.427166	1.03828
182.357	0.427128	1.03821
182.248	0.427095	1.03814
182.14	0.427085	1.03806
182.032	0.427036	1.03804
181.926	0.427018	1.03795
181.818	0.427001	1.03787
181.711	0.426984	1.03785
181.603	0.426951	1.03773
181.496	0.426923	1.03769
181.388	0.426908	1.03764
181.284	0.426876	1.0376
181.177	0.426857	1.03752
181.07	0.426835	1.03746
180.964	0.426809	1.03742
180.857	0.426782	1.03734
180.752	0.426772	1.03729
180.644	0.426747	1.03724
180.537	0.426698	1.03718
180.429	0.426707	1.03711
180.324	0.426673	1.03709
180.216	0.426639	1.03703
180.11	0.426624	1.03691
180.002	0.426584	1.03693
179.897	0.426585	1.03685
179.789	0.426542	1.03676
179.681	0.426532	1.03673
179.575	0.42651	1.03663
179.469	0.426479	1.03663
179.362	0.426456	1.03653
179.253	0.42644	1.0365
179.147	0.426411	1.03645
179.042	0.426391	1.03638
178.935	0.426357	1.03632
178.827	0.426338	1.03628
178.72	0.426311	1.03621
178.615	0.426295	1.03616
178.512	0.426266	1.03608
178.404	0.426258	1.03603
178.3	0.426231	1.03597
178.195	0.426201	1.03593
178.092	0.426194	1.03586
177.987	0.426166	1.03584
177.881	0.426148	1.03577
177.774	0.426124	1.0357
177.667	0.426095	1.03568
177.561	0.426083	1.03562
177.456	0.426056	1.03557
177.351	0.426049	1.03551
177.244	0.426014	1.03544
177.138	0.425988	1.03541
177.031	0.425983	1.03535
176.928	0.425951	1.03533
176.823	0.425922	1.03525
176.718	0.425897	1.03518
176.612	0.425885	1.03517
176.505	0.42587	1.03509
176.399	0.425846	1.03502
176.295	0.425824	1.03496
176.191	0.425808	1.03493
176.084	0.425783	1.0349
175.979	0.425782	1.03484
175.874	0.425752	1.03478
175.77	0.425731	1.03475
175.666	0.425701	1.03468
175.559	0.425684	1.03468
175.453	0.425662	1.03461
175.35	0.425631	1.03456
175.244	0.425625	1.03449
175.142	0.425596	1.03444
175.036	0.425564	1.03439
174.932	0.425558	1.03432
174.827	0.425528	1.0343
174.722	0.425504	1.03423
174.616	0.4255	1.03415
174.512	0.425472	1.03414
174.407	0.425453	1.03406
174.302	0.42542	1.03401
174.197	0.425415	1.034
174.091	0.425386	1.03393
173.987	0.425359	1.03388
173.882	0.425343	1.0338
173.779	0.425326	1.03379
173.673	0.425294	1.03372
173.568	0.425278	1.03365
173.466	0.425275	1.03361
173.362	0.42524	1.03357
173.257	0.425229	1.0335
173.153	0.425209	1.03346
173.049	0.425175	1.03345
172.944	0.425157	1.03337
172.84	0.425137	1.03334
172.736	0.425117	1.03329
172.633	0.425113	1.03321
172.528	0.42507	1.03316
172.423	0.425052	1.03312
172.32	0.425038	1.03307
172.216	0.425011	1.03306
172.111	0.424982	1.03295
172.006	0.424972	1.03291
171.9	0.424974	1.03287
171.8	0.424945	1.03281
171.695	0.424902	1.03274
171.588	0.42488	1.03271
171.484	0.42486	1.03272
171.381	0.424842	1.03265
171.274	0.424817	1.03254
171.171	0.424793	1.03249
171.065	0.424787	1.03244
170.962	0.424751	1.0324
170.857	0.424742	1.03234
170.753	0.424715	1.03228
170.649	0.424693	1.03226
170.547	0.424673	1.03218
170.442	0.424651	1.03215
170.337	0.424632	1.03209
170.232	0.424611	1.03204
170.125	0.42458	1.03199
170.022	0.424569	1.03193
169.915	0.424548	1.03189
169.81	0.424532	1.03184
169.707	0.424512	1.03176
169.6	0.424473	1.03173
169.498	0.424469	1.03168
169.393	0.424448	1.03164
169.288	0.424424	1.03159
169.183	0.424404	1.0315
169.077	0.424389	1.03149
168.972	0.42436	1.03144
168.869	0.424349	1.03138
168.764	0.424326	1.03133
168.66	0.42431	1.0313
168.556	0.42428	1.03123
168.452	0.424267	1.0312
168.347	0.424238	1.03114
168.243	0.424223	1.0311
168.139	0.424208	1.03103
168.035	0.424193	1.031
167.928	0.424156	1.03093
167.823	0.424152	1.03089
167.719	0.424126	1.03086
167.615	0.424117	1.03082
167.511	0.424108	1.03073
167.405	0.424071	1.03072
167.304	0.424028	1.03066
167.201	0.424009	1.03064
167.096	0.423978	1.03061
166.991	0.423966	1.03052
166.887	0.423934	1.03042
166.783	0.423918	1.03037
166.677	0.423895	1.0303
166.575	0.423885	1.03027
166.468	0.423882	1.03019
166.363	0.42385	1.03015
166.259	0.423814	1.0301
166.155	0.423806	1.03007
166.051	0.423782	1.03006
165.948	0.423773	1.02999
165.845	0.423764	1.0299
165.74	0.423723	1.02988
165.637	0.42371	1.02982
165.532	0.423694	1.0298
165.428	0.423662	1.02978
165.325	0.423645	1.02968
165.221	0.423631	1.02965
165.116	0.423611	1.02961
165.012	0.423586	1.02953
164.907	0.423575	1.02949
164.802	0.423539	1.02945
164.698	0.423541	1.02941
164.595	0.423499	1.02935
164.491	0.423489	1.02932
164.387	0.42348	1.02923
164.283	0.423439	1.02924
164.178	0.423447	1.02914
164.073	0.423416	1.02911
163.969	0.423396	1.02909
163.863	0.423385	1.02899
163.761	0.423368	1.02901
163.657	0.423345	1.02893
163.553	0.423335	1.02888
163.449	0.423306	1.02886
163.344	0.423278	1.02882
163.239	0.423267	1.02876
163.137	0.423252	1.02874
163.034	0.423212	1.02867
162.93	0.423191	1.0286
162.825	0.423169	1.02857
162.721	0.423161	1.02853
162.62	0.423128	1.02844
162.516	0.423125	1.02839
162.411	0.423104	1.02833
162.306	0.423094	1.02831
162.203	0.423067	1.02823
162.101	0.42306	1.02823
161.995	0.42304	1.02817
161.892	0.422956	1.02815
161.788	0.422925	1.02808
161.684	0.422911	1.02807
161.582	0.422866	1.02802
161.475	0.422856	1.02781
161.371	0.422857	1.02774
161.267	0.422824	1.02771
161.161	0.422803	1.0276
161.059	0.422799	1.02757
160.955	0.422768	1.02758
160.851	0.422762	1.02749
160.747	0.42274	1.02744
160.642	0.422736	1.02743
160.537	0.422712	1.02736
160.434	0.422688	1.02734
160.329	0.422689	1.02729
160.226	0.422662	1.02728
160.121	0.422646	1.02722
160.016	0.422628	1.02716
159.912	0.422606	1.02717
159.808	0.42258	1.0271
159.704	0.422561	1.02706
159.601	0.422552	1.02702
159.497	0.422544	1.02696
159.392	0.422513	1.0269
159.286	0.422505	1.02685
159.181	0.422475	1.02683
159.076	0.422435	1.02681
158.972	0.422418	1.02674
158.869	0.422407	1.02672
158.765	0.422385	1.02665
158.662	0.422379	1.02655
158.559	0.42236	1.02651
158.454	0.422337	1.02648
158.351	0.42233	1.02643
158.245	0.422318	1.02641
158.143	0.42229	1.02637
158.038	0.422281	1.02631
157.936	0.422252	1.02629
157.832	0.422236	1.02626
157.727	0.42223	1.0262
157.623	0.422209	1.02617
157.518	0.422197	1.0261
157.416	0.422181	1.02606
157.311	0.422148	1.02605
157.208	0.422137	1.026
157.104	0.422131	1.02597
157	0.422099	1.02593
156.895	0.422089	1.02585
156.792	0.422066	1.02582
156.689	0.422066	1.02581
156.583	0.422044	1.02573
156.48	0.42203	1.02571
156.375	0.422012	1.02565
156.269	0.421981	1.02565
156.167	0.421968	1.0256
156.063	0.421958	1.02556
155.959	0.421944	1.02552
155.856	0.421917	1.02545
155.754	0.421904	1.02541
155.649	0.421891	1.02539
155.544	0.421866	1.02536
155.441	0.421856	1.02529
155.337	0.421835	1.02526
155.232	0.42181	1.02523
155.129	0.421797	1.02517
155.024	0.421783	1.02514
154.92	0.421789	1.02509
154.816	0.421753	1.02503
154.712	0.421751	1.025
154.607	0.421708	1.02496
154.504	0.42171	1.02498
154.399	0.421687	1.02489
154.296	0.421688	1.02489
154.19	0.421673	1.02478
154.088	0.421648	1.02479
153.984	0.421636	1.02473
153.877	0.421618	1.02473
153.773	0.421588	1.0247
153.67	0.421583	1.02464
153.567	0.421555	1.02461
153.463	0.421555	1.02456
153.359	0.421523	1.02449
153.255	0.421518	1.02448
153.15	0.421492	1.02441
153.044	0.421494	1.02441
152.942	0.421465	1.02433
152.837	0.421452	1.02432
152.733	0.421434	1.02426
152.63	0.421403	1.02426
152.524	0.421396	1.02419
152.421	0.421374	1.02416
152.317	0.42135	1.02412
152.214	0.421353	1.02404
152.108	0.421332	1.02402
152.005	0.421299	1.02397
151.902	0.421293	1.02391
151.798	0.421285	1.02392
151.695	0.421266	1.02387
151.589	0.421236	1.02379
151.486	0.421231	1.02377
151.382	0.421206	1.02375
151.279	0.421179	1.02371
151.174	0.421172	1.02364
151.069	0.421168	1.02362
150.966	0.421141	1.02356
150.861	0.421117	1.0235
150.757	0.421105	1.02348
150.653	0.42109	1.02347
150.548	0.421071	1.0234
150.444	0.421057	1.02335
150.341	0.421052	1.02332
150.238	0.421027	1.02328
150.133	0.421009	1.02324
150.03	0.420994	1.0232
149.927	0.420983	1.02319
149.823	0.420966	1.02313
149.72	0.420941	1.02308
149.615	0.42092	1.02305
149.511	0.420907	1.02302
149.406	0.420895	1.02298
149.303	0.420881	1.02292
149.199	0.420853	1.02287
149.094	0.420844	1.02284
148.989	0.42083	1.02281
148.886	0.420805	1.02277
148.781	0.420801	1.0227
148.677	0.420764	1.02268
148.572	0.420764	1.02265
148.468	0.420745	1.02259
148.364	0.420732	1.02258
148.261	0.420717	1.02249
148.157	0.420707	1.02249
148.053	0.420679	1.02244
147.95	0.420644	1.02241
147.845	0.420634	1.02237
147.742	0.420621	1.02235
147.637	0.420598	1.02228
147.532	0.420589	1.0222
147.429	0.420588	1.02217
147.325	0.420554	1.02214
147.221	0.420538	1.02209
147.119	0.420522	1.02206
147.014	0.420503	1.02206
146.911	0.420504	1.02198
146.808	0.420485	1.02194
146.703	0.420463	1.0219
146.599	0.420461	1.02185
146.496	0.420431	1.02186
146.392	0.420411	1.02181
146.288	0.420409	1.02176
146.183	0.420373	1.02175
146.078	0.420364	1.02168
145.975	0.420345	1.02163
145.872	0.420336	1.02163
145.769	0.420308	1.02154
145.666	0.42029	1.02152
145.56	0.420287	1.02147
145.456	0.420292	1.02145
145.353	0.420253	1.02138
145.248	0.42024	1.02134
145.144	0.420228	1.02133
145.039	0.420214	1.02134
144.934	0.420206	1.02125
144.83	0.420186	1.02122
144.727	0.420164	1.02118
144.622	0.420143	1.02115
144.518	0.420148	1.02113
144.414	0.420134	1.02108
144.31	0.420103	1.02103
144.207	0.42009	1.02098
144.102	0.420087	1.02099
143.999	0.42007	1.02096
143.895	0.420066	1.02088
143.792	0.420029	1.02085
143.688	0.420034	1.02084
143.583	0.420023	1.0208
143.48	0.42	1.02079
143.377	0.41998	1.0207
143.274	0.419956	1.02071
143.171	0.419962	1.02069
143.068	0.419951	1.02063
142.964	0.419918	1.02058
142.859	0.419915	1.02052
142.755	0.419884	1.02054
142.653	0.419881	1.02051
142.549	0.419871	1.02043
142.446	0.419852	1.02043
142.341	0.419837	1.02035
142.236	0.419818	1.02034
142.13	0.419774	1.02032
142.026	0.419762	1.02027
141.923	0.41975	1.02024
141.818	0.419727	1.02019
141.715	0.419709	1.02008
141.612	0.419701	1.02005
141.508	0.419688	1.02002
141.405	0.419669	1.01997
141.302	0.419649	1.01992
141.199	0.419659	1.0199
141.093	0.419635	1.01987
140.989	0.419606	1.01983
140.886	0.419613	1.01978
140.781	0.419596	1.0198
140.678	0.419594	1.01975
140.573	0.41957	1.01967
140.469	0.419563	1.01969
140.363	0.419536	1.01965
140.26	0.419534	1.01965
140.155	0.419505	1.01959
140.05	0.419496	1.01957
139.948	0.419497	1.0195
139.843	0.419488	1.0195
139.738	0.419476	1.01943
139.634	0.419432	1.01941
139.53	0.419427	1.01941
139.427	0.419418	1.01939
139.322	0.419401	1.01936
139.217	0.419389	1.01925
139.113	0.419386	1.01924
139.01	0.419357	1.01922
138.905	0.419338	1.01917
138.799	0.41933	1.01915
138.695	0.419324	1.01914
138.591	0.41932	1.01907
138.489	0.419308	1.01902
138.385	0.419272	1.019
138.28	0.419279	1.01899
138.176	0.419254	1.01898
138.072	0.419246	1.01895
137.969	0.419229	1.01886
137.865	0.419218	1.01888
137.76	0.419186	1.01882
137.655	0.419173	1.0188
137.55	0.419141	1.01876
137.446	0.419146	1.01873
137.341	0.419137	1.01865
137.238	0.419127	1.01862
137.134	0.419102	1.01854
137.029	0.419087	1.01855
136.923	0.419076	1.01853
136.821	0.419062	1.01851
136.717	0.419048	1.01845
136.613	0.419029	1.01841
136.51	0.419019	1.01839
136.405	0.419027	1.01835
136.302	0.419	1.01832
136.199	0.418965	1.01827
136.094	0.418951	1.01825
135.99	0.418949	1.01827
135.886	0.418948	1.0182
135.781	0.418918	1.01812
135.677	0.418904	1.01808
135.573	0.41891	1.01808
135.469	0.418895	1.01807
135.364	0.418876	1.018
135.26	0.418853	1.01797
135.156	0.418851	1.01798
135.051	0.418841	1.01795
134.946	0.418826	1.0179
134.843	0.418788	1.01784
134.738	0.418791	1.01784
134.634	0.418786	1.01781
134.53	0.418768	1.01778
134.426	0.418765	1.01769
134.323	0.418726	1.01769
134.219	0.418733	1.01768
134.114	0.418712	1.01764
134.01	0.418706	1.01763
133.905	0.418689	1.01754
133.801	0.418681	1.01755
133.698	0.418654	1.0175
133.594	0.418611	1.01749
133.489	0.418601	1.01744
133.386	0.418601	1.01743
133.282	0.41858	1.01736
133.178	0.41856	1.01726
133.073	0.418559	1.01723
132.97	0.418546	1.01723
132.865	0.418521	1.01718
132.762	0.418525	1.01713
132.657	0.418504	1.01713
132.553	0.418481	1.0171
132.45	0.418496	1.01704
132.345	0.41847	1.01705
132.241	0.418457	1.017
132.137	0.418427	1.01694
132.033	0.418432	1.01698
131.928	0.418431	1.01691
131.823	0.418402	1.01688
131.72	0.418397	1.01681
131.615	0.418379	1.01682
131.511	0.418372	1.01682
131.406	0.418352	1.01675
131.304	0.418351	1.01673
131.198	0.418351	1.01669
131.094	0.41832	1.01668
130.992	0.418308	1.01663
130.887	0.418305	1.01662
130.783	0.418283	1.01662
130.679	0.418263	1.01655
130.575	0.41827	1.01652
130.47	0.41822	1.01651
130.364	0.418204	1.01646
130.262	0.418198	1.01641
130.157	0.418181	1.01643
130.054	0.418175	1.0163
129.951	0.418168	1.01627
129.846	0.41815	1.01625
129.743	0.418104	1.01621
129.638	0.41812	1.0162
129.535	0.418111	1.01618
129.431	0.418086	1.01614
129.328	0.418068	1.01602
129.225	0.418055	1.01606
129.122	0.41805	1.01604
129.017	0.41805	1.01598
128.913	0.418029	1.01594
128.81	0.41801	1.01591
128.706	0.418002	1.01589
128.602	0.418006	1.01589
128.498	0.417982	1.01584
128.394	0.417968	1.0158
128.291	0.417957	1.01578
128.188	0.417939	1.01579
128.082	0.417924	1.01573
127.978	0.417921	1.01569
127.875	0.417918	1.01567
127.772	0.417892	1.01562
127.669	0.417885	1.01559
127.566	0.417882	1.01558
127.46	0.417859	1.01557
127.356	0.417836	1.01551
127.252	0.417841	1.01549
127.148	0.417823	1.01548
127.043	0.4178	1.01543
126.941	0.417799	1.01537
126.836	0.417791	1.01538
126.732	0.417787	1.01534
126.627	0.417752	1.01529
126.525	0.417757	1.01528
126.42	0.417743	1.01526
126.317	0.417732	1.01525
126.212	0.417717	1.01517
126.109	0.417704	1.01518
126.006	0.417688	1.01515
125.901	0.417677	1.01512
125.796	0.417664	1.01508
125.692	0.417646	1.01505
125.588	0.417643	1.01501
125.484	0.417634	1.01499
125.38	0.417622	1.01495
125.275	0.417606	1.01491
125.172	0.417595	1.0149
125.068	0.417585	1.01488
124.964	0.417565	1.01485
124.86	0.417563	1.01481
124.755	0.417561	1.01479
124.652	0.417527	1.01476
124.548	0.417509	1.01471
124.443	0.417518	1.01471
124.339	0.417498	1.0147
124.236	0.4175	1.01462
124.132	0.41749	1.01458
124.028	0.417471	1.0146
123.922	0.4174	1.01455
123.82	0.417397	1.01456
123.714	0.417393	1.01453
123.61	0.417386	1.01449
123.507	0.417349	1.01431
123.403	0.417341	1.01431
123.299	0.417355	1.0143
123.193	0.41733	1.01428
123.088	0.417315	1.01419
122.984	0.417304	1.01417
122.881	0.417292	1.0142
122.776	0.417292	1.01414
122.672	0.417269	1.01411
122.569	0.417268	1.01408
122.466	0.417252	1.01405
122.362	0.417245	1.01405
122.258	0.417241	1.014
122.154	0.417249	1.01399
122.049	0.417202	1.01395
121.946	0.417199	1.01394
121.843	0.417203	1.01393
121.741	0.41718	1.01395
121.636	0.417182	1.01383
121.531	0.417149	1.01382
121.426	0.417159	1.01383
121.323	0.417135	1.01378
121.219	0.417049	1.01378
121.112	0.417027	1.0137
121.011	0.417029	1.01373
120.907	0.417018	1.01367
120.802	0.417	1.01346
120.698	0.41699	1.01341
120.592	0.416971	1.01341
120.49	0.416969	1.01338
120.387	0.416947	1.01334
120.282	0.416943	1.01332
120.179	0.416935	1.01327
120.073	0.41693	1.01327
119.972	0.416926	1.01321
119.867	0.416911	1.0132
119.764	0.416889	1.01318
119.66	0.416873	1.01317
119.556	0.416878	1.01316
119.451	0.416885	1.01312
119.347	0.41686	1.01307
119.243	0.416841	1.01303
119.139	0.416829	1.01304
119.036	0.416835	1.01306
118.932	0.416798	1.013
118.829	0.416791	1.01296
118.724	0.416783	1.01293
118.619	0.416773	1.01294
118.517	0.41676	1.01285
118.413	0.416747	1.01283
118.31	0.416732	1.01281
118.206	0.416728	1.01279
118.103	0.416718	1.01276
117.998	0.416722	1.01273
117.893	0.416692	1.01269
117.79	0.416691	1.01268
117.686	0.416676	1.01265
117.581	0.41668	1.01267
117.477	0.416651	1.01259
117.373	0.416647	1.01259
117.269	0.416626	1.01255
117.167	0.41662	1.01256
117.063	0.416606	1.01249
116.959	0.41659	1.01248
116.855	0.416583	1.01243
116.751	0.416572	1.01242
116.649	0.416553	1.01238
116.543	0.416545	1.01235
116.439	0.416512	1.01233
116.334	0.416517	1.0123
116.23	0.41649	1.01226
116.126	0.416494	1.01224
116.022	0.41648	1.01216
115.918	0.416461	1.01217
115.813	0.416467	1.0121
115.71	0.41645	1.01211
115.606	0.41643	1.01208
115.502	0.416425	1.01203
115.397	0.416409	1.01205
115.293	0.416397	1.01201
115.188	0.416405	1.01196
115.085	0.416391	1.01194
114.981	0.416374	1.0119
114.876	0.41637	1.01187
114.771	0.416355	1.01189
114.667	0.416343	1.01186
114.564	0.416326	1.01182
114.46	0.416316	1.01181
114.356	0.416293	1.01177
114.253	0.416312	1.01174
114.15	0.416291	1.0117
114.048	0.416282	1.01168
113.943	0.41628	1.01162
113.84	0.416249	1.01167
113.734	0.416239	1.01162
113.631	0.416247	1.0116
113.528	0.416213	1.01159
113.424	0.416211	1.01152
113.319	0.41621	1.01149
113.216	0.416201	1.01151
113.112	0.416186	1.01143
113.007	0.416129	1.01142
112.903	0.416126	1.01142
112.799	0.4161	1.0114
112.695	0.416104	1.01136
112.591	0.416099	1.01123
112.488	0.416077	1.01122
112.384	0.416084	1.01115
112.279	0.416052	1.01116
112.176	0.416051	1.01115
112.072	0.41604	1.0111
111.968	0.416029	1.01111
111.863	0.41601	1.01104
111.758	0.416021	1.01104
111.653	0.41599	1.01101
111.549	0.41597	1.01098
111.445	0.415966	1.01094
111.34	0.415951	1.01096
111.236	0.415951	1.01089
111.132	0.415921	1.01084
111.028	0.415883	1.01083
110.924	0.415881	1.01079
110.82	0.415889	1.01079
110.717	0.415871	1.01072
110.612	0.41586	1.01063
110.509	0.415853	1.01062
110.406	0.415851	1.01064
110.3	0.415826	1.0106
110.197	0.415824	1.01057
110.093	0.415802	1.01055
109.988	0.415799	1.01055
109.885	0.415803	1.01049
109.781	0.415779	1.01048
109.679	0.415773	1.01043
109.576	0.415758	1.01042
109.474	0.415763	1.01043
109.37	0.415732	1.01037
109.266	0.415747	1.01036
109.164	0.41574	1.01032
109.062	0.415712	1.01033
108.959	0.415701	1.01026
108.854	0.415697	1.0103
108.751	0.41568	1.01028
108.647	0.415661	1.01021
108.544	0.415679	1.01019
108.44	0.415669	1.01018
108.335	0.415647	1.01013
108.233	0.415645	1.01009
108.127	0.415614	1.01013
108.023	0.415617	1.01011
107.919	0.415608	1.01005
107.819	0.415608	1.01005
107.713	0.415604	1.00997
107.609	0.415575	1.00998
107.504	0.415581	1.00996
107.401	0.415575	1.00996
107.3	0.41556	1.00995
107.198	0.415546	1.00988
107.091	0.415532	1.00989
106.987	0.415531	1.00988
106.884	0.415474	1.00984
106.778	0.41546	1.00981
106.674	0.415449	1.00977
106.57	0.415455	1.00977
106.469	0.415438	1.00963
106.362	0.415443	1.0096
106.256	0.415427	1.00957
106.159	0.415407	1.00959
106.058	0.415406	1.00954
105.957	0.415384	1.00956
105.858	0.415374	1.00952
105.755	0.415372	1.00947
105.651	0.415361	1.00947
105.549	0.415348	1.00941
105.445	0.415347	1.00939
105.344	0.415334	1.00938
105.24	0.415333	1.00936
105.135	0.415319	1.00933
105.031	0.415317	1.00932
104.926	0.415305	1.00929
104.826	0.4153	1.00929
104.722	0.41528	1.00926
104.62	0.415274	1.00925
104.514	0.415274	1.00922
104.413	0.415255	1.00921
104.311	0.415248	1.00916
104.206	0.41525	1.00915
104.103	0.415239	1.00915
103.999	0.415203	1.0091
103.895	0.415218	1.00908
103.79	0.415199	1.00909
103.685	0.415197	1.00906
103.579	0.415191	1.00897
103.478	0.415168	1.00901
103.373	0.415158	1.00896
103.266	0.415148	1.00896
103.164	0.415135	1.00894
103.061	0.415136	1.00889
102.959	0.415123	1.00886
102.851	0.415116	1.00884
102.748	0.415117	1.00881
102.644	0.415102	1.00881
102.541	0.415083	1.00878
102.436	0.415086	1.00876
102.33	0.415081	1.00877
102.227	0.415061	1.00873
102.123	0.415067	1.00868
102.017	0.415025	1.00869
101.913	0.415013	1.00868
101.807	0.415006	1.00863
101.703	0.415009	1.00864
101.6	0.41499	1.00854
101.497	0.414982	1.00851
101.394	0.414964	1.0085
101.288	0.414973	1.0085
101.185	0.414957	1.00846
101.081	0.414944	1.00844
100.981	0.414938	1.00839
100.874	0.414935	1.00842
100.772	0.414895	1.00838
100.67	0.414881	1.00834
100.562	0.414863	1.00833
100.457	0.41487	1.00832
100.352	0.414847	1.00823
100.251	0.41485	1.00819
100.148	0.414836	1.00815
100.044	0.414826	1.00817
99.9409	0.414814	1.00811
99.8375	0.414808	1.00812
99.7325	0.414794	1.00808
99.6282	0.414784	1.00806
99.5271	0.41479	1.00803
99.4227	0.414776	1.00801
99.3192	0.414754	1.00798
99.2163	0.414772	1.00796
99.1139	0.414757	1.00797
99.01	0.414741	1.00794
98.9077	0.414734	1.00788
98.8042	0.414714	1.00793
98.7006	0.414717	1.00789
98.5971	0.414699	1.00785
98.4964	0.414688	1.00783
98.3919	0.414686	1.00779
98.287	0.414663	1.00779
98.1839	0.414669	1.00775
98.0823	0.41466	1.00772
97.9764	0.414647	1.00772
97.8734	0.414643	1.00766
97.7696	0.41463	1.00768
97.6662	0.414621	1.00765
97.563	0.414622	1.00762
97.4608	0.414611	1.00761
97.3575	0.414605	1.00758
97.2552	0.414605	1.00756
97.153	0.41459	1.00756
97.0485	0.414607	1.00754
96.9426	0.414577	1.00752
96.8392	0.414565	1.00752
96.7336	0.414551	1.00748
96.6315	0.414568	1.00753
96.5284	0.414554	1.00745
96.4257	0.414557	1.00742
96.3239	0.414529	1.00739
96.2194	0.414531	1.00743
96.1139	0.414505	1.0074
96.0119	0.414511	1.00741
95.9078	0.414495	1.00734
95.8037	0.414492	1.00734
95.697	0.414484	1.00728
95.5944	0.414481	1.00729
95.491	0.41446	1.00725
95.3868	0.414451	1.00725
95.281	0.414445	1.00723
95.178	0.414442	1.00722
95.076	0.414441	1.00717
94.9736	0.414415	1.00715
94.8693	0.414416	1.00713
94.7665	0.414402	1.00713
94.6625	0.414394	1.00712
94.5589	0.414388	1.00706
94.4564	0.414374	1.00706
94.3521	0.414378	1.00703
94.2486	0.414365	1.00701
94.1467	0.41434	1.00699
94.0418	0.414346	1.00696
93.9395	0.414338	1.00697
93.8371	0.414322	1.00694
93.7339	0.414323	1.00688
93.6303	0.414306	1.00689
93.5258	0.414306	1.00687
93.4236	0.414297	1.00683
93.3203	0.414276	1.00684
93.2147	0.414277	1.00679
93.111	0.414269	1.00679
93.0067	0.414264	1.00677
92.9018	0.414251	1.00672
92.7988	0.41425	1.00672
92.6938	0.414182	1.00671
92.592	0.414184	1.00669
92.4902	0.414147	1.00666
92.3859	0.414156	1.00666
92.2824	0.414152	1.00649
92.1777	0.414124	1.0065
92.0761	0.414091	1.00641
91.9727	0.414094	1.00643
91.8695	0.414078	1.00642
91.7656	0.414071	1.00635
91.6616	0.414074	1.00627
91.5571	0.414055	1.00628
91.4553	0.414047	1.00624
91.3509	0.41403	1.00622
91.2448	0.414013	1.00623
91.1399	0.414015	1.00618
91.0373	0.413962	1.00617
90.9317	0.413955	1.00612
90.8278	0.413949	1.00608
90.7248	0.413953	1.00609
90.6208	0.413945	1.00596
90.5161	0.413936	1.00594
90.4137	0.413921	1.00593
90.3095	0.413915	1.00594
90.2044	0.413914	1.00592
90.1018	0.413894	1.0059
89.999	0.413875	1.00586
89.8938	0.413882	1.00585
89.79	0.413875	1.00584
89.6859	0.413877	1.00579
89.5841	0.413871	1.00575
89.481	0.413864	1.00576
89.3774	0.413842	1.00575
89.2736	0.413825	1.00575
89.1681	0.413828	1.00574
89.068	0.413826	1.00572
88.9625	0.413822	1.00567
88.8595	0.413792	1.00562
88.7567	0.413803	1.00563
88.6522	0.413786	1.00563
88.5499	0.413791	1.00562
88.4447	0.413756	1.00554
88.3409	0.413773	1.00557
88.2374	0.413763	1.00553
88.1337	0.413743	1.00554
88.0286	0.413755	1.00546
87.9261	0.413737	1.0055
87.8218	0.413732	1.00548
87.7181	0.413714	1.00543
87.6138	0.413704	1.00546
87.5104	0.413713	1.00541
87.409	0.413698	1.0054
87.3043	0.413696	1.00536
87.2014	0.413683	1.00533
87.0982	0.413668	1.00535
86.996	0.413678	1.00532
86.8901	0.41368	1.00531
86.7873	0.413646	1.00528
86.6846	0.413647	1.00524
86.5804	0.413647	1.00527
86.4792	0.413626	1.00527
86.3739	0.413629	1.00519
86.2707	0.413586	1.00519
86.166	0.413559	1.00519
86.0636	0.413578	1.00514
85.9608	0.413564	1.00515
85.8571	0.413558	1.00504
85.7532	0.413554	1.00498
85.6497	0.413539	1.00502
85.5464	0.413535	1.00499
85.4428	0.413525	1.00498
85.339	0.413523	1.00497
85.235	0.4135	1.00493
85.1303	0.413501	1.00492
85.0268	0.413491	1.0049
84.9241	0.413487	1.00489
84.8218	0.413504	1.00484
84.718	0.413464	1.00484
84.6131	0.413465	1.00481
84.5092	0.413469	1.0048
84.4056	0.413461	1.00485
84.3016	0.413447	1.00475
84.1976	0.413448	1.00475
84.0942	0.413436	1.00476
83.9888	0.413423	1.00474
83.8872	0.413422	1.00471
83.7819	0.413423	1.00471
83.6795	0.413395	1.00468
83.5766	0.413392	1.00465
83.4724	0.413393	1.00465
83.3697	0.413382	1.00465
83.2661	0.413385	1.00458
83.1625	0.413372	1.00457
83.0606	0.413378	1.00457
82.955	0.413372	1.00455
82.8511	0.413357	1.00456
82.7499	0.413352	1.00452
82.647	0.41333	1.00454
82.5427	0.413323	1.00453
82.4408	0.413298	1.00449
82.3366	0.413301	1.00448
82.2325	0.413288	1.00442
82.13	0.413266	1.00441
82.0266	0.413267	1.00434
81.9244	0.413272	1.00435
81.8209	0.413252	1.00432
81.7164	0.413217	1.00427
81.6137	0.413232	1.00427
81.5101	0.41321	1.00428
81.407	0.413197	1.00423
81.3068	0.413201	1.00415
81.2036	0.413192	1.00418
81.0997	0.413181	1.00413
80.997	0.41319	1.0041
80.8939	0.413168	1.00411
80.7899	0.41317	1.00409
80.6887	0.413161	1.00406
80.5845	0.413136	1.00408
80.4814	0.413133	1.00403
80.3778	0.413128	1.00403
80.2739	0.413133	1.00401
80.1705	0.413125	1.00395
80.0671	0.413122	1.00394
79.9629	0.41311	1.00393
79.8592	0.413115	1.00394
79.756	0.413094	1.00393
79.6523	0.413102	1.00392
79.5493	0.413099	1.00389
79.4475	0.413092	1.0039
79.3438	0.413064	1.00385
79.2392	0.413071	1.00387
79.1358	0.413055	1.00386
79.0316	0.413055	1.00385
78.9283	0.413065	1.00378
78.8248	0.413046	1.00379
78.7216	0.413036	1.00375
78.6179	0.41303	1.00375
78.5143	0.413031	1.00378
78.4097	0.413003	1.00373
78.3067	0.413011	1.00371
78.2034	0.412999	1.00369
78.1002	0.41298	1.0037
77.9964	0.412989	1.00363
77.8922	0.412982	1.00365
77.7905	0.412976	1.00362
77.6858	0.412975	1.00357
77.5832	0.41296	1.00359
77.4787	0.412967	1.00358
77.3752	0.412946	1.00356
77.2709	0.412954	1.00356
77.1668	0.412893	1.00352
77.0636	0.412889	1.00354
76.9595	0.412889	1.00349
76.8548	0.412874	1.00351
76.7516	0.412886	1.00336
76.6475	0.412873	1.00335
76.5452	0.412852	1.00335
76.4411	0.412836	1.00331
76.3379	0.412851	1.00334
76.2325	0.412849	1.00331
76.1287	0.412838	1.00326
76.0261	0.412832	1.00322
75.9219	0.412818	1.00326
75.8192	0.412816	1.00325
75.7165	0.412812	1.00323
75.6125	0.412801	1.00321
75.5091	0.412791	1.00318
75.4066	0.41279	1.00317
75.3042	0.412791	1.00316
75.2005	0.412791	1.00314
75.0961	0.41277	1.00311
74.9929	0.412766	1.00311
74.8881	0.412769	1.00311
74.7842	0.412771	1.00311
74.6798	0.412747	1.00306
74.5763	0.412735	1.00305
74.4714	0.41276	1.00306
74.3675	0.412729	1.00306
74.2649	0.412713	1.00301
74.1608	0.412704	1.00298
74.0568	0.412693	1.00304
73.9527	0.412684	1.00296
73.8488	0.412694	1.00292
73.7464	0.412662	1.0029
73.6401	0.412672	1.00288
73.5373	0.412664	1.00285
73.435	0.412661	1.00288
73.33	0.41266	1.0028
73.2265	0.412636	1.00282
73.1228	0.412629	1.0028
73.0199	0.412628	1.0028
72.9162	0.412617	1.00279
72.8128	0.41262	1.00274
72.7087	0.412617	1.00272
72.6066	0.412557	1.00272
72.5023	0.412537	1.00269
72.3987	0.412536	1.0027
72.2943	0.412527	1.00269
72.1899	0.412532	1.00255
72.0851	0.412533	1.0025
71.9813	0.412529	1.00249
71.8797	0.41252	1.00247
71.7754	0.412522	1.00248
71.6718	0.412499	1.00249
71.5675	0.412503	1.00248
71.4631	0.412503	1.00245
71.359	0.412484	1.00246
71.2551	0.412476	1.0024
71.1502	0.412472	1.00241
71.0438	0.41248	1.00241
70.9395	0.412468	1.00237
70.8353	0.41246	1.00235
70.7318	0.412446	1.00234
70.6291	0.412453	1.00236
70.5241	0.412446	1.00233
70.4184	0.412429	1.00231
70.3131	0.412432	1.00228
70.2092	0.41242	1.00229
70.1041	0.412426	1.00227
69.9989	0.412402	1.00223
69.8937	0.412411	1.00224
69.7888	0.412389	1.00221
69.6847	0.412388	1.00223
69.5798	0.412399	1.00217
69.4746	0.412374	1.00219
69.3696	0.412379	1.00214
69.2653	0.412376	1.00213
69.1583	0.412367	1.00216
69.0538	0.412356	1.0021
68.9476	0.412354	1.00211
68.841	0.412328	1.0021
68.735	0.412338	1.00208
68.6299	0.41234	1.00206
68.5256	0.412325	1.00205
68.4189	0.41232	1.00199
68.3149	0.412317	1.00201
68.2083	0.412319	1.00202
68.1018	0.412293	1.00198
67.9944	0.412301	1.00197
67.8882	0.412288	1.00196
67.7813	0.412283	1.00197
67.6763	0.412279	1.0019
67.5701	0.412282	1.00192
67.4635	0.412271	1.00189
67.3587	0.412266	1.00188
67.2533	0.412269	1.00187
67.1472	0.41226	1.00188
67.0414	0.41226	1.00185
66.9349	0.412245	1.00184
66.8289	0.412243	1.00185
66.7215	0.412223	1.00182
66.6151	0.412228	1.00182
66.5086	0.412219	1.00179
66.4017	0.41222	1.00178
66.2935	0.412211	1.00173
66.187	0.412209	1.00175
66.0794	0.412197	1.00172
65.9728	0.412175	1.00173
65.8646	0.412161	1.0017
65.7574	0.412157	1.0017
65.6502	0.412154	1.00167
65.5423	0.41215	1.00162
65.4367	0.412145	1.00158
65.3302	0.412135	1.00157
65.2231	0.412138	1.00157
65.1158	0.412133	1.00155
65.0088	0.412129	1.00154
64.9022	0.412117	1.00152
64.7943	0.412112	1.00153
64.6867	0.412097	1.00151
64.5803	0.412112	1.0015
64.4734	0.412098	1.00147
64.3649	0.412093	1.00146
64.2566	0.412086	1.00143
64.1504	0.412077	1.00146
64.0439	0.412071	1.00143
63.9398	0.412078	1.00142
63.8317	0.412062	1.0014
63.7236	0.412053	1.00138
63.6151	0.412063	1.00136
63.5077	0.412051	1.00138
63.4008	0.412053	1.00134
63.2928	0.412033	1.00132
63.1862	0.412034	1.00134
63.0762	0.412036	1.00131
62.9697	0.412011	1.00132
62.8625	0.412021	1.00127
62.7546	0.411986	1.00127
62.6467	0.411972	1.00128
62.5389	0.411973	1.00122
62.4327	0.411961	1.00124
62.3242	0.411975	1.00116
62.2169	0.411956	1.00112
62.1099	0.411987	1.00112
62.0014	0.411969	1.0011
61.8939	0.411975	1.00113
61.7865	0.411965	1.00108
61.6789	0.411948	1.00116
61.5718	0.411952	1.00111
61.4646	0.411938	1.00113
61.3571	0.411964	1.0011
61.2501	0.411965	1.00106
61.1416	0.411972	1.00107
61.034	0.411948	1.00104
60.927	0.411946	1.0011
60.8193	0.411953	1.00111
60.7105	0.41195	1.00112
60.603	0.411949	1.00107
60.496	0.411938	1.00106
60.3888	0.411927	1.00108
60.2814	0.411921	1.00107
60.1741	0.411922	1.00107
60.0652	0.411921	1.00104
59.9571	0.41192	1.00101
59.8478	0.411908	1.001
59.7399	0.411889	1.001
59.6326	0.41189	1.001
59.5239	0.411892	1.001
59.4149	0.411898	1.00097
59.3081	0.411898	1.00092
59.1996	0.411892	1.00092
59.0917	0.411888	1.00093
58.9843	0.411869	1.00094
58.8768	0.411873	1.00094
58.7694	0.411862	1.00093
58.6612	0.411856	1.00092
58.5541	0.411852	1.00087
58.4449	0.411828	1.00088
58.337	0.41184	1.00086
58.2274	0.411834	1.00084
58.1185	0.411832	1.00083
58.0102	0.411826	1.00077
57.9012	0.411827	1.0008
57.7912	0.411813	1.00079
57.6837	0.411822	1.00078
57.5759	0.411812	1.00077
57.4677	0.411813	1.00077
57.3609	0.411792	1.00074
57.2516	0.411788	1.00076
57.1429	0.411788	1.00073
57.0347	0.411791	1.00074
56.9256	0.411787	1.00069
56.8171	0.411777	1.00068
56.7091	0.41176	1.00067
56.6013	0.41177	1.00068
56.493	0.411757	1.00067
56.3852	0.411763	1.00065
56.276	0.411738	1.00061
56.1679	0.411734	1.00063
56.0581	0.411737	1.0006
55.9498	0.411755	1.00061
55.8414	0.411735	1.00055
55.7328	0.411731	1.00054
55.6243	0.411718	1.00055
55.5169	0.41172	1.00059
55.4083	0.411707	1.00055
55.3007	0.411703	1.00054
55.1915	0.411709	1.00051
55.0827	0.411694	1.00051
54.9757	0.411691	1.00048
54.8685	0.411703	1.00047
54.7587	0.411684	1.00048
54.6513	0.41169	1.00045
54.5429	0.411669	1.00044
54.4338	0.411666	1.00047
54.3253	0.411662	1.00042
54.217	0.411661	1.00044
54.1091	0.411663	1.00039
54.0001	0.411659	1.00038
53.8918	0.411654	1.00037
53.7829	0.411634	1.00037
53.6752	0.411629	1.00037
53.5675	0.411632	1.00036
53.459	0.411623	1.00035
53.3506	0.41162	1.0003
53.2423	0.411622	1.00029
53.1345	0.411621	1.0003
53.0264	0.411606	1.00028
52.9173	0.411601	1.00027
52.8088	0.411609	1.00027
52.7028	0.411607	1.00027
52.5917	0.41159	1.00023
52.4851	0.411583	1.00022
52.3774	0.411596	1.00024
52.2694	0.411589	1.00024
52.1604	0.411587	1.0002
52.0528	0.411564	1.00018
51.944	0.411563	1.00021
51.8354	0.411558	1.00019
51.7263	0.41157	1.00019
51.6183	0.411555	1.00013
51.5089	0.411555	1.00013
51.4017	0.411554	1.00012
51.2927	0.41155	1.00015
51.1843	0.411518	1.00011
51.0757	0.411537	1.00011
50.9665	0.411532	1.00011
50.8559	0.41154	1.0001
50.7471	0.411527	1.00002
50.6385	0.411516	1.00007
50.5301	0.411517	1.00005
50.4201	0.411508	1.00007
50.3113	0.411508	1.00004
50.203	0.411492	1.00001
50.0947	0.411501	1.00002
49.9863	0.411492	0.999994
49.8785	0.411488	0.999995
49.7685	0.411482	0.999957
49.6587	0.411479	0.999979
49.5504	0.41148	0.999957
49.4415	0.411479	0.999946
49.3317	0.411468	0.999933
49.2229	0.411479	0.999926
49.1142	0.411453	0.999928
49.0053	0.41145	0.999925
48.8972	0.411456	0.999898
48.788	0.411447	0.999925
48.679	0.411437	0.999861
48.5699	0.411431	0.999854
48.4601	0.411441	0.999869
48.3506	0.41144	0.999846
48.2417	0.411431	0.999822
48.1328	0.411435	0.999808
48.0245	0.41142	0.999833
47.9157	0.411406	0.99983
47.8062	0.4114	0.999809
47.6961	0.411413	0.999818
47.5861	0.411403	0.999781
47.4763	0.411389	0.999747
47.3679	0.411397	0.999733
47.2589	0.411409	0.999764
47.1486	0.411389	0.999741
47.0391	0.411396	0.999707
46.9293	0.411394	0.999725
46.8199	0.411382	0.999755
46.7098	0.411377	0.999707
46.6007	0.411391	0.999723
46.4907	0.411362	0.999717
46.3815	0.411356	0.999688
46.2735	0.411357	0.999677
46.1628	0.411354	0.99971
46.0535	0.411357	0.999641
45.943	0.411346	0.999625
45.8324	0.411334	0.999629
45.7225	0.411348	0.999622
45.6125	0.411343	0.999627
45.5034	0.411329	0.999602
45.3938	0.411335	0.999573
45.2841	0.411327	0.999606
45.1724	0.41133	0.999595
45.0608	0.411323	0.99956
44.951	0.411324	0.999574
44.8407	0.41131	0.999554
44.7308	0.411304	0.999563
44.621	0.411299	0.999546
44.5123	0.411314	0.999548
44.4014	0.411297	0.999514
44.291	0.411295	0.999499
44.1802	0.411272	0.999487
44.0697	0.411285	0.999523
43.9597	0.41128	0.999482
43.8509	0.411288	0.999479
43.7403	0.411277	0.999421
43.6302	0.411276	0.999453
43.5189	0.411269	0.999441
43.4083	0.411273	0.999461
43.2974	0.411259	0.999433
43.1861	0.411268	0.99943
43.0759	0.411257	0.999415
42.965	0.411246	0.999424
42.8545	0.411251	0.999391
42.7439	0.411238	0.999411
42.6343	0.411239	0.999385
42.5241	0.411242	0.999358
42.4136	0.411235	0.999372
42.3026	0.411223	0.999338
42.1912	0.411219	0.999342
42.081	0.41122	0.999349
41.971	0.411232	0.999331
41.8586	0.411211	0.999304
41.7461	0.411219	0.999293
41.6352	0.411218	0.999296
41.5228	0.411197	0.999325
41.4112	0.411201	0.999272
41.2993	0.411193	0.999292
41.1878	0.4112	0.999291
41.0763	0.411189	0.99924
40.965	0.411195	0.99925
40.8535	0.411195	0.999229
40.7415	0.411199	0.999247
40.6298	0.411186	0.99922
40.5176	0.41117	0.999235
40.4061	0.411175	0.999234
40.2946	0.411162	0.999244
40.1825	0.411166	0.999213
40.0698	0.411168	0.999174
39.9586	0.41115	0.999185
39.8462	0.411151	0.999154
39.7339	0.41115	0.999163
39.6223	0.411146	0.99917
39.5106	0.411155	0.999126
39.3984	0.411131	0.999128
39.2854	0.411139	0.999124
39.173	0.411128	0.999115
39.0601	0.411117	0.999137
38.946	0.411132	0.999079
38.8323	0.411128	0.999099
38.7205	0.411107	0.999071
38.6063	0.411113	0.999044
38.4932	0.411103	0.999081
38.381	0.411112	0.999072
38.2672	0.411109	0.99902
38.1557	0.411106	0.999036
38.0423	0.411104	0.99901
37.929	0.411089	0.999033
37.8148	0.411106	0.999025
37.7024	0.411088	0.999017
37.5907	0.411099	0.999014
37.4787	0.411092	0.998977
37.3666	0.411086	0.999017
37.2532	0.411079	0.998974
37.1414	0.411072	0.999002
37.0288	0.411083	0.998984
36.9162	0.411068	0.998969
36.8025	0.411073	0.998954
36.6891	0.411063	0.998935
36.5766	0.411074	0.998961
36.4635	0.411081	0.998927
36.35	0.411058	0.998939
36.2371	0.411056	0.998913
36.1247	0.411055	0.99894
36.0123	0.411046	0.998956
35.9	0.411051	0.998902
35.7861	0.411046	0.998896
35.6735	0.411028	0.998894
35.5598	0.411033	0.998873
35.4457	0.411037	0.998883
35.3316	0.411029	0.998871
35.2193	0.411028	0.998829
35.1044	0.411022	0.998841
34.9898	0.411031	0.998851
34.8768	0.411024	0.998832
34.7623	0.41103	0.998827
34.6488	0.411021	0.998814
34.535	0.411014	0.998837
34.4232	0.411011	0.998819
34.3103	0.411013	0.998833
34.1966	0.411002	0.998813
34.0837	0.411	0.998795
33.9708	0.410995	0.998788
33.8561	0.410996	0.998792
33.7421	0.411002	0.998766
33.6279	0.410993	0.998761
33.514	0.41099	0.998749
33.3996	0.410997	0.998752
33.2858	0.410992	0.998766
33.1729	0.410978	0.998743
33.0598	0.410972	0.998737
32.9458	0.410983	0.998754
32.8329	0.41098	0.99874
32.7189	0.41097	0.998708
32.605	0.410971	0.998692
32.491	0.410974	0.998719
32.3772	0.410969	0.998713
32.2635	0.410969	0.998687
32.15	0.410965	0.99869
32.0365	0.410963	0.998697
31.9221	0.410965	0.998685
31.8092	0.410952	0.998686
31.6935	0.410956	0.998676
31.5796	0.410947	0.99867
31.4653	0.410951	0.998674
31.3522	0.410942	0.998645
31.2383	0.41094	0.998653
31.1242	0.410941	0.998633
31.0091	0.410958	0.998642
30.895	0.410929	0.99862
30.7792	0.410949	0.998615
30.6639	0.41093	0.998618
30.549	0.410932	0.99866
30.4335	0.410938	0.998587
30.3185	0.410933	0.998637
30.2026	0.410928	0.998591
30.0871	0.410935	0.998594
29.9716	0.410941	0.998609
29.8567	0.41094	0.998599
29.7398	0.410928	0.998586
29.624	0.410932	0.998602
29.5092	0.410932	0.998616
29.3934	0.410918	0.998616
29.2765	0.410913	0.998584
29.1608	0.410906	0.998596
29.0456	0.410904	0.998595
28.9296	0.410913	0.998562
28.8133	0.410922	0.998549
28.6946	0.410901	0.998532
28.5789	0.410903	0.998527
28.4649	0.410902	0.998549
28.3509	0.410892	0.998571
28.2361	0.41089	0.998519
28.1195	0.410886	0.998524
28.0031	0.410898	0.998523
27.8849	0.410898	0.998498
27.7705	0.410898	0.998494
27.6531	0.410884	0.998483
27.5368	0.410889	0.998512
27.421	0.410878	0.998512
27.3044	0.410886	0.998514
27.1867	0.410887	0.99848
27.0706	0.410886	0.99849
26.9541	0.410888	0.998464
26.8381	0.410877	0.998485
26.7202	0.41088	0.998486
26.6045	0.410876	0.998483
26.4872	0.41088	0.998489
26.3694	0.410867	0.998461
26.2509	0.410881	0.99847
26.1323	0.410878	0.998458
26.0159	0.410891	0.998468
25.8976	0.410878	0.998438
25.7785	0.410866	0.998471
25.6617	0.41086	0.998463
25.5421	0.410871	0.998495
25.4233	0.410864	0.998463
25.3059	0.410863	0.998435
25.187	0.410875	0.998421
25.0687	0.410863	0.998447
24.9508	0.410865	0.99843
24.8328	0.410888	0.998427
24.7153	0.410865	0.998456
24.5972	0.410873	0.998429
24.4783	0.410855	0.998433
24.3616	0.410859	0.998489
24.2437	0.41086	0.998432
24.1233	0.410853	0.998451
24.0047	0.410858	0.998407
23.8859	0.410862	0.998419
23.7691	0.410869	0.998421
23.6503	0.410861	0.998404
23.5327	0.41086	0.998416
23.4165	0.410852	0.998426
23.299	0.410851	0.998441
23.1814	0.410855	0.998423
23.0654	0.41085	0.998421
22.9486	0.410852	0.998401
22.8307	0.41086	0.9984
22.7135	0.410861	0.998409
22.5944	0.410859	0.998397
22.4761	0.410847	0.998401
22.3584	0.41084	0.998419
22.2397	0.410852	0.998423
22.1184	0.410851	0.998419
21.9983	0.410852	0.998388
21.879	0.410844	0.998372
21.7588	0.410858	0.998401
21.6382	0.41085	0.998398
21.5191	0.41086	0.998401
21.3981	0.41085	0.998382
21.2787	0.410866	0.998415
21.1569	0.410836	0.998396
21.036	0.410856	0.998421
20.9138	0.410857	0.998396
20.7945	0.410856	0.998436
20.6744	0.410856	0.998363
20.5543	0.410858	0.998411
20.4309	0.410862	0.998412
20.3091	0.410858	0.99841
20.1864	0.410858	0.998411
20.0628	0.410862	0.998414
19.9413	0.410853	0.998424
19.8138	0.410869	0.998416
19.6906	0.410846	0.998416
19.568	0.410859	0.998426
19.4425	0.41086	0.998403
19.3194	0.410856	0.998442
19.1909	0.410864	0.998387
19.0661	0.410868	0.998417
18.9379	0.410853	0.998421
18.8111	0.410866	0.99841
18.6827	0.410869	0.99843
18.5522	0.410869	0.998439
18.4242	0.41087	0.998404
18.2975	0.410875	0.998435
18.169	0.410871	0.998443
18.0435	0.410873	0.998441
17.92	0.410889	0.998445
17.792	0.410879	0.998456
17.6668	0.410877	0.998447
17.5408	0.410888	0.998452
17.4165	0.410897	0.998491
17.2897	0.410872	0.998466
17.1638	0.41088	0.998461
17.0395	0.410892	0.998487
16.9153	0.410885	0.99851
16.7889	0.41089	0.99845
16.6699	0.4109	0.998468
16.5456	0.410896	0.998499
16.4243	0.410902	0.99848
16.3042	0.410891	0.998493
16.1819	0.410897	0.998519
16.0579	0.410899	0.998507
15.937	0.410905	0.998523
15.817	0.410908	0.998495
15.6939	0.410921	0.99851
15.569	0.410932	0.998515
15.4482	0.410906	0.99853
15.3264	0.410925	0.998536
15.2035	0.410905	0.99857
15.08	0.410934	0.998595
14.9554	0.410934	0.998533
14.8369	0.410932	0.998577
14.7427	0.410932	0.998529
14.6501	0.410942	0.998599
14.5632	0.410934	0.998601
14.4794	0.410933	0.998596
14.3958	0.410963	0.998594
14.3157	0.410946	0.99862
14.2379	0.41095	0.998601
14.1638	0.410953	0.998598
14.0925	0.410934	0.99867
14.0265	0.410957	0.998629
13.9612	0.410958	0.998639
13.8994	0.410953	0.998647
13.8363	0.41096	0.9986
13.7744	0.410952	0.998655
13.7131	0.410959	0.998658
13.6506	0.410956	0.998647
13.5883	0.410963	0.998663
13.5274	0.410963	0.998645
13.468	0.410955	0.998661
13.4064	0.410972	0.998654
13.3464	0.410972	0.998671
13.2849	0.410979	0.998671
13.223	0.410966	0.998651
13.1614	0.410998	0.998694
13.0981	0.410977	0.998692
13.0339	0.410987	0.998708
12.9712	0.410975	0.998679
12.9094	0.410984	0.998757
12.8455	0.410988	0.998704
12.7819	0.410993	0.998729
12.7179	0.410986	0.9987
12.6529	0.410995	0.998721
12.5867	0.411001	0.998732
12.5197	0.410993	0.998742
12.4537	0.411012	0.998725
12.3886	0.410999	0.998748
12.3224	0.411017	0.998762
12.2544	0.411012	0.998743
12.1859	0.411006	0.998789
12.1168	0.411024	0.998758
12.0467	0.411023	0.998801
11.9765	0.411023	0.998789
11.9078	0.411021	0.998775
11.8382	0.411022	0.998818
11.7673	0.411037	0.998818
11.6948	0.411035	0.998815
11.6213	0.411039	0.998813
11.5472	0.411047	0.998814
11.4741	0.411054	0.998851
11.4011	0.411055	0.998846
11.3271	0.411049	0.998855
11.2522	0.41105	0.998874
11.1766	0.411069	0.998892
11.0992	0.411061	0.998893
11.0202	0.411077	0.99888
10.9421	0.411077	0.998881
10.865	0.411075	0.998928
10.7857	0.41108	0.99891
10.7065	0.411081	0.998947
10.6244	0.411086	0.998948
10.5425	0.411094	0.998942
10.4606	0.411096	0.998954
10.3788	0.411097	0.998957
10.2955	0.411116	0.99897
10.2095	0.411108	0.998988
10.1241	0.411111	0.998995
10.0386	0.41112	0.998995
9.95209	0.411126	0.999043
9.86621	0.411141	0.999023
9.77623	0.411125	0.99903
9.6855	0.411139	0.999053
9.59494	0.411136	0.999067
9.50601	0.411152	0.999104
9.41472	0.411163	0.999065
9.32074	0.411167	0.999098
9.22419	0.411165	0.999092
9.13177	0.411182	0.999129
9.03679	0.411189	0.999157
8.93894	0.411197	0.999167
8.84009	0.411195	0.999161
8.74207	0.411208	0.999204
8.64311	0.411201	0.999221
8.54162	0.41123	0.999238
8.43763	0.411221	0.999235
8.33611	0.411231	0.999267
8.23165	0.411229	0.99925
8.12714	0.411254	0.999321
8.0178	0.411249	0.999299
7.91247	0.411266	0.999321
7.80595	0.411276	0.999316
7.69503	0.411275	0.999377
7.58141	0.411285	0.999365
7.47164	0.411295	0.999407
7.36064	0.411313	0.999432
7.24332	0.411309	0.999429
7.12904	0.411334	0.999453
7.01261	0.41134	0.999478
6.89478	0.411358	0.999522
6.77724	0.411355	0.999511
6.65721	0.411366	0.999571
6.53545	0.41138	0.999588
6.41428	0.411387	0.99963
6.29235	0.41141	0.999623
6.16469	0.411411	0.99965
6.0415	0.411433	0.999683
5.91682	0.411426	0.9997
5.78852	0.411455	0.999757
5.66373	0.411459	0.99976
5.53459	0.411468	0.999813
5.40717	0.411481	0.999796
5.27873	0.4115	0.999867
5.14766	0.411509	0.999875
5.0217	0.411511	0.999898
4.88884	0.4115	0.99993
4.76172	0.411516	0.999976
4.63256	0.411519	0.999998
4.50467	0.411517	1
4.37666	0.411526	0.999975
4.25026	0.411509	1.00002
4.12723	0.411523	1.00002
4.0008	0.411516	1.00002
3.87893	0.411511	1.00004
3.75998	0.411509	0.999997
3.6385	0.411501	1.00003
3.52382	0.411501	1.00001
3.40889	0.411509	1
3.29734	0.411495	0.999997
3.1885	0.411493	0.999979
3.08446	0.411479	0.999979
2.98016	0.411477	0.999998
2.88156	0.411473	0.999963
2.78529	0.411474	0.999958
2.69211	0.411452	0.999924
2.60344	0.411454	0.99992
2.51633	0.411447	0.999909
2.43559	0.411428	0.999913
2.35609	0.411424	0.99986
2.2823	0.411406	0.999863
2.20921	0.411413	0.999846
2.14256	0.411387	0.9998
2.07817	0.411388	0.999791
2.01802	0.41137	0.999748
1.95933	0.411368	0.999765
1.90661	0.411344	0.9997
1.85536	0.411343	0.999704
1.80814	0.411343	0.99966
1.76343	0.411348	0.999655
1.72098	0.411337	0.999597
1.68279	0.411338	0.999594
1.64565	0.411331	0.999593
1.61174	0.411338	0.999606
1.58265	0.411322	0.999581
1.5572	0.411323	0.999582
1.53039	0.411326	0.999564
1.51493	0.411321	0.999583
