# 'Tdn_K_116.7G'	'Rdn_Ohm_116.7G'	'Rdn/R5k_Ohm_116.7G'
295.641	0.460255	1.12535
295.519	0.460173	1.12507
295.402	0.460139	1.12507
295.281	0.460047	1.12071
295.165	0.459996	1.11993
295.041	0.459934	1.12011
294.926	0.459877	1.11971
294.808	0.459818	1.11951
294.697	0.459758	1.11942
294.58	0.45969	1.1192
294.462	0.459636	1.11907
294.351	0.459578	1.11893
294.233	0.459503	1.11879
294.122	0.459438	1.11864
294.008	0.459398	1.1185
293.897	0.459324	1.11833
293.786	0.459283	1.1182
293.676	0.459193	1.11806
293.565	0.45914	1.11788
293.455	0.459077	1.11772
293.341	0.458997	1.11762
293.231	0.458934	1.11744
293.123	0.458887	1.11734
293.012	0.458836	1.11712
292.901	0.458766	1.11699
292.787	0.458711	1.11684
292.681	0.458659	1.11665
292.572	0.458593	1.11649
292.459	0.458522	1.11638
292.351	0.458458	1.11625
292.238	0.458395	1.11608
292.13	0.458333	1.11595
292.022	0.458287	1.11582
291.909	0.458209	1.11566
291.803	0.458157	1.11549
291.694	0.45808	1.11533
291.584	0.458024	1.11518
291.472	0.457962	1.11503
291.363	0.457894	1.11492
291.257	0.457841	1.11473
291.147	0.457768	1.1146
291.038	0.457713	1.11441
290.928	0.45764	1.11428
290.82	0.457581	1.11413
290.71	0.457511	1.11396
290.597	0.457444	1.11383
290.487	0.457369	1.11366
290.377	0.457309	1.11352
290.266	0.457245	1.11334
290.152	0.457175	1.1132
290.044	0.457113	1.11303
289.928	0.457055	1.11287
289.82	0.456972	1.11268
289.714	0.456906	1.11254
289.603	0.456844	1.11238
289.495	0.456778	1.11221
289.384	0.456723	1.11206
289.274	0.456637	1.11192
289.164	0.456589	1.11172
289.053	0.456511	1.11156
288.94	0.45645	1.11141
288.834	0.456377	1.11125
288.723	0.456319	1.11111
288.615	0.456237	1.1109
288.503	0.456181	1.11079
288.389	0.456112	1.1106
288.281	0.456037	1.11045
288.166	0.455959	1.11027
288.058	0.455913	1.11013
287.949	0.455844	1.10993
287.838	0.455763	1.10979
287.728	0.455705	1.10963
287.613	0.45563	1.10944
287.502	0.455568	1.10925
287.394	0.455508	1.10914
287.284	0.455436	1.10897
287.175	0.455371	1.10878
287.065	0.455306	1.10864
286.951	0.455225	1.10845
286.845	0.455175	1.1083
286.733	0.455103	1.10816
286.623	0.455029	1.10798
286.515	0.454967	1.10782
286.399	0.454906	1.10767
286.295	0.454839	1.10747
286.183	0.454772	1.10735
286.072	0.454702	1.10717
285.963	0.454631	1.10699
285.852	0.454565	1.10684
285.742	0.454523	1.10669
285.635	0.454441	1.10653
285.527	0.454394	1.10637
285.414	0.454331	1.1062
285.304	0.454256	1.10602
285.193	0.454192	1.10586
285.081	0.454143	1.10576
284.972	0.454089	1.10556
284.858	0.454009	1.10545
284.746	0.453955	1.10529
284.635	0.453877	1.10511
284.529	0.453808	1.10496
284.416	0.453751	1.10484
284.308	0.453677	1.1047
284.201	0.453629	1.10451
284.089	0.453575	1.10438
283.976	0.453494	1.10419
283.865	0.453442	1.10402
283.754	0.453376	1.10388
283.646	0.453319	1.1037
283.535	0.453252	1.10359
283.425	0.453193	1.10345
283.316	0.45312	1.10326
283.204	0.453065	1.10313
283.095	0.453012	1.10297
282.988	0.452944	1.10283
282.882	0.4529	1.10267
282.769	0.452831	1.10253
282.657	0.45277	1.10235
282.546	0.452703	1.10221
282.435	0.452642	1.10208
282.327	0.452572	1.10192
282.216	0.452524	1.10181
282.103	0.452471	1.10164
281.996	0.452384	1.1015
281.886	0.452317	1.10133
281.781	0.452271	1.10118
281.668	0.452207	1.10101
281.56	0.452151	1.1009
281.452	0.452087	1.10077
281.338	0.452028	1.10056
281.226	0.45196	1.10039
281.117	0.451898	1.10028
281.001	0.451853	1.10013
280.896	0.4518	1.09999
280.784	0.451723	1.09984
280.678	0.451675	1.09969
280.565	0.451636	1.09953
280.46	0.451564	1.09937
280.351	0.451497	1.09926
280.239	0.451446	1.09914
280.127	0.451402	1.09895
280.019	0.451325	1.09883
279.909	0.451266	1.09874
279.8	0.451201	1.09856
279.692	0.451161	1.0984
279.579	0.451091	1.09827
279.477	0.451047	1.09817
279.365	0.450992	1.09798
279.251	0.450927	1.09784
279.141	0.450865	1.09768
279.034	0.450819	1.09758
278.926	0.450768	1.09741
278.813	0.4507	1.0973
278.702	0.450647	1.09717
278.596	0.450581	1.09701
278.483	0.450527	1.09686
278.378	0.45046	1.09675
278.261	0.450423	1.09663
278.154	0.450364	1.09646
278.039	0.45029	1.09633
277.928	0.45025	1.09617
277.818	0.45019	1.09604
277.707	0.450128	1.09588
277.595	0.450079	1.09579
277.484	0.450024	1.09564
277.374	0.449959	1.09546
277.266	0.44992	1.09537
277.152	0.449848	1.09522
277.046	0.449804	1.09507
276.931	0.449749	1.09495
276.826	0.449695	1.09481
276.716	0.449638	1.09466
276.608	0.449575	1.09456
276.497	0.449537	1.09439
276.383	0.449474	1.09428
276.275	0.449421	1.09415
276.163	0.449354	1.09401
276.058	0.449305	1.09388
275.949	0.449261	1.09372
275.843	0.44921	1.09363
275.734	0.449138	1.09348
275.623	0.449086	1.09335
275.514	0.449034	1.09319
275.404	0.448971	1.09307
275.294	0.448933	1.09296
275.18	0.448862	1.09284
275.073	0.448835	1.09266
274.963	0.448765	1.09253
274.853	0.448727	1.09241
274.744	0.448671	1.09225
274.635	0.448613	1.09216
274.522	0.448559	1.09199
274.418	0.448492	1.09192
274.308	0.448465	1.09175
274.199	0.448406	1.09166
274.091	0.448345	1.09152
273.98	0.448296	1.09138
273.871	0.448245	1.09125
273.759	0.448191	1.09109
273.649	0.448141	1.09102
273.539	0.448082	1.09088
273.426	0.448052	1.09073
273.317	0.447974	1.09061
273.2	0.447938	1.09049
273.088	0.447883	1.09036
272.981	0.447829	1.09024
272.873	0.447771	1.09009
272.763	0.447722	1.09002
272.652	0.44768	1.08983
272.545	0.447628	1.08974
272.433	0.447588	1.08961
272.325	0.447532	1.08948
272.214	0.447475	1.08933
272.107	0.447434	1.08922
271.999	0.447394	1.08911
271.889	0.447323	1.08899
271.777	0.447277	1.08889
271.668	0.447223	1.08875
271.562	0.447185	1.08862
271.45	0.447122	1.08852
271.339	0.447089	1.08842
271.226	0.447037	1.08825
271.118	0.446958	1.08813
271.004	0.446921	1.088
270.895	0.446876	1.08791
270.783	0.44683	1.08776
270.673	0.446779	1.08768
270.56	0.446721	1.08755
270.45	0.446668	1.08736
270.341	0.446618	1.08727
270.229	0.446561	1.08716
270.12	0.446521	1.08705
270.012	0.446473	1.08692
269.906	0.446446	1.08678
269.797	0.446359	1.08665
269.688	0.44634	1.08653
269.581	0.446286	1.08639
269.472	0.446217	1.08629
269.365	0.446188	1.08618
269.253	0.446124	1.08611
269.151	0.4461	1.0859
269.038	0.446037	1.08585
268.93	0.446003	1.08572
268.82	0.445954	1.08555
268.707	0.445905	1.08548
268.599	0.445834	1.08533
268.491	0.445797	1.08527
268.383	0.445768	1.08512
268.27	0.445709	1.08503
268.161	0.445676	1.08491
268.05	0.445613	1.0848
267.942	0.445566	1.08462
267.836	0.445525	1.08453
267.723	0.445479	1.08446
267.614	0.445441	1.08432
267.507	0.44539	1.08424
267.395	0.445337	1.08409
267.286	0.445306	1.08397
267.178	0.445252	1.08387
267.067	0.445202	1.08376
266.959	0.445165	1.08367
266.851	0.445123	1.08354
266.738	0.445066	1.08341
266.631	0.445012	1.08334
266.521	0.444981	1.08321
266.413	0.444928	1.08309
266.301	0.444896	1.083
266.19	0.444844	1.08289
266.077	0.444802	1.08275
265.966	0.444747	1.08262
265.86	0.444702	1.08255
265.748	0.444664	1.08242
265.64	0.444609	1.08234
265.529	0.444565	1.08221
265.421	0.44452	1.08211
265.312	0.444476	1.08198
265.202	0.444424	1.08187
265.097	0.444372	1.08178
264.983	0.444335	1.08164
264.875	0.444285	1.08153
264.762	0.444248	1.08143
264.654	0.444206	1.08132
264.546	0.444156	1.08119
264.437	0.444113	1.08107
264.325	0.444067	1.08097
264.213	0.444023	1.08085
264.103	0.443971	1.08076
263.993	0.44394	1.08066
263.882	0.443887	1.08054
263.774	0.44385	1.08044
263.661	0.443802	1.08032
263.559	0.443759	1.08022
263.45	0.443726	1.08009
263.337	0.443687	1.08001
263.226	0.443633	1.07988
263.116	0.443583	1.0798
263.005	0.443543	1.07968
262.895	0.443505	1.07957
262.784	0.443462	1.07949
262.673	0.443425	1.0794
262.564	0.443357	1.07927
262.452	0.443352	1.07915
262.342	0.443297	1.07905
262.231	0.443256	1.07896
262.119	0.443206	1.07885
262.012	0.443166	1.07876
261.903	0.443117	1.0786
261.798	0.443067	1.07858
261.686	0.443022	1.07845
261.578	0.442998	1.07835
261.467	0.442958	1.07823
261.356	0.442914	1.07813
261.247	0.442865	1.07801
261.135	0.442826	1.07789
261.026	0.442772	1.07778
260.917	0.442749	1.07772
260.811	0.442698	1.07763
260.702	0.442665	1.07752
260.591	0.442619	1.0774
260.483	0.44258	1.0773
260.375	0.442546	1.07717
260.265	0.442482	1.07712
260.156	0.442447	1.07699
260.048	0.442412	1.07691
259.94	0.442365	1.0768
259.832	0.442334	1.07671
259.718	0.442295	1.07662
259.611	0.442252	1.07647
259.5	0.442184	1.07638
259.394	0.442167	1.0763
259.283	0.442131	1.07618
259.176	0.442093	1.07611
259.06	0.442064	1.07601
258.955	0.442013	1.07591
258.847	0.441963	1.07574
258.74	0.441932	1.0757
258.63	0.441886	1.07561
258.521	0.441837	1.07552
258.411	0.441816	1.07545
258.304	0.441762	1.07533
258.195	0.441734	1.0752
258.084	0.441693	1.07513
257.975	0.441659	1.07502
257.866	0.441609	1.0749
257.759	0.441565	1.07485
257.648	0.441535	1.07472
257.538	0.441503	1.07465
257.43	0.441463	1.07455
257.322	0.441415	1.07447
257.211	0.441394	1.07434
257.099	0.441363	1.07424
256.99	0.441309	1.07416
256.887	0.441266	1.07409
256.776	0.441232	1.07399
256.667	0.441201	1.07387
256.558	0.441158	1.07382
256.45	0.441122	1.07375
256.34	0.441096	1.07361
256.228	0.441042	1.07351
256.118	0.441008	1.07343
256.013	0.440978	1.07335
255.898	0.440931	1.07325
255.791	0.440896	1.07316
255.68	0.440857	1.0731
255.573	0.440833	1.07296
255.464	0.440774	1.07288
255.353	0.440752	1.07281
255.244	0.440713	1.07269
255.137	0.440665	1.07261
255.024	0.440641	1.07251
254.916	0.440606	1.07246
254.807	0.440574	1.07231
254.701	0.440537	1.07226
254.594	0.440496	1.07216
254.488	0.440453	1.07205
254.381	0.440431	1.07199
254.27	0.440392	1.0719
254.165	0.440356	1.07183
254.059	0.44032	1.07174
253.95	0.440285	1.07164
253.84	0.44025	1.07153
253.732	0.440201	1.07148
253.623	0.440173	1.07138
253.514	0.44015	1.0713
253.406	0.44011	1.07121
253.298	0.440073	1.07112
253.186	0.440038	1.07104
253.078	0.440009	1.07092
252.968	0.439974	1.07085
252.861	0.439931	1.07079
252.746	0.439904	1.0707
252.638	0.43985	1.07061
252.529	0.439825	1.07052
252.423	0.43979	1.07045
252.313	0.439755	1.07037
252.206	0.439734	1.07026
252.097	0.439696	1.07019
251.983	0.439644	1.07006
251.875	0.439623	1.07
251.766	0.439597	1.06992
251.657	0.439558	1.06983
251.55	0.439519	1.06978
251.44	0.439491	1.06969
251.329	0.439467	1.06956
251.218	0.439431	1.06951
251.107	0.439401	1.06945
251	0.439368	1.06935
250.892	0.439325	1.06926
250.78	0.439299	1.06919
250.675	0.439262	1.06913
250.566	0.439226	1.06904
250.458	0.439204	1.06897
250.345	0.439172	1.06889
250.235	0.439125	1.06879
250.127	0.439088	1.06872
250.017	0.439068	1.06863
249.91	0.439033	1.06855
249.8	0.439007	1.06849
249.692	0.438977	1.06841
249.583	0.438948	1.0683
249.478	0.438913	1.06821
249.368	0.438883	1.06816
249.262	0.438852	1.06808
249.154	0.438814	1.06801
249.046	0.438784	1.06794
248.935	0.438745	1.06787
248.828	0.43871	1.06779
248.719	0.438685	1.06771
248.613	0.43866	1.06764
248.504	0.438619	1.06754
248.393	0.438574	1.06747
248.286	0.438555	1.06738
248.178	0.438526	1.06729
248.065	0.438497	1.06723
247.956	0.43847	1.06717
247.848	0.43844	1.06707
247.741	0.438417	1.06696
247.63	0.438385	1.06691
247.522	0.438344	1.06684
247.417	0.438319	1.06677
247.304	0.438286	1.06671
247.189	0.438261	1.06663
247.081	0.43822	1.06658
246.971	0.438193	1.0665
246.863	0.438169	1.0664
246.756	0.438123	1.06634
246.646	0.4381	1.06626
246.536	0.438073	1.0662
246.43	0.438034	1.0661
246.321	0.438004	1.06603
246.214	0.437996	1.06597
246.105	0.437965	1.06586
245.993	0.437921	1.06581
245.883	0.437901	1.06574
245.774	0.437878	1.06565
245.666	0.437827	1.06557
245.558	0.437817	1.06555
245.45	0.437774	1.06548
245.338	0.437744	1.06537
245.232	0.437724	1.06532
245.12	0.437702	1.06527
245.012	0.437667	1.06514
244.901	0.437633	1.06512
244.798	0.437619	1.06501
244.688	0.437584	1.06494
244.58	0.437546	1.06489
244.468	0.437523	1.06484
244.358	0.437486	1.06475
244.248	0.437472	1.06467
244.137	0.43745	1.06464
244.029	0.437416	1.06455
243.913	0.437374	1.06446
243.813	0.437368	1.0644
243.705	0.437328	1.06431
243.597	0.437302	1.06428
243.488	0.43726	1.06423
243.38	0.437244	1.06414
243.27	0.437207	1.06404
243.162	0.437185	1.06403
243.055	0.437157	1.06393
242.946	0.437132	1.06387
242.838	0.4371	1.06376
242.726	0.437074	1.06372
242.617	0.437051	1.06364
242.508	0.437005	1.06358
242.399	0.437004	1.06351
242.288	0.436949	1.06345
242.182	0.436935	1.06337
242.072	0.436903	1.06331
241.966	0.436863	1.06325
241.857	0.436842	1.06314
241.75	0.436823	1.06314
241.639	0.436787	1.06301
241.531	0.43675	1.06297
241.421	0.436738	1.06289
241.312	0.436711	1.0628
241.208	0.436687	1.06275
241.099	0.436648	1.0627
240.988	0.436626	1.06261
240.881	0.436604	1.06252
240.771	0.436575	1.06249
240.663	0.436548	1.06243
240.552	0.436523	1.06237
240.442	0.436498	1.06228
240.338	0.436467	1.06222
240.228	0.436445	1.06217
240.12	0.436424	1.0621
240.011	0.436381	1.06203
239.905	0.436357	1.06197
239.798	0.436334	1.06191
239.688	0.436304	1.06183
239.58	0.436292	1.06178
239.469	0.436263	1.06173
239.361	0.436233	1.06162
239.251	0.436204	1.06157
239.145	0.436182	1.06151
239.034	0.436151	1.06144
238.929	0.436126	1.06141
238.819	0.4361	1.06134
238.712	0.436083	1.06126
238.604	0.436053	1.06119
238.493	0.436034	1.06114
238.385	0.436006	1.06106
238.278	0.435991	1.061
238.167	0.435945	1.06094
238.06	0.435932	1.0609
237.952	0.435906	1.06083
237.843	0.435888	1.06078
237.734	0.435845	1.06071
237.631	0.435837	1.06068
237.52	0.435812	1.06057
237.412	0.435776	1.06053
237.3	0.435754	1.06047
237.194	0.435717	1.06043
237.082	0.435699	1.06032
236.975	0.435671	1.0603
236.867	0.435644	1.06024
236.755	0.435625	1.06015
236.645	0.43561	1.0601
236.537	0.435566	1.06001
236.428	0.43556	1.05997
236.322	0.435532	1.0599
236.207	0.435492	1.05983
236.097	0.435465	1.05979
235.988	0.43544	1.05975
235.876	0.435427	1.05964
235.768	0.435408	1.05963
235.664	0.435375	1.05956
235.554	0.435352	1.05946
235.445	0.43533	1.0594
235.337	0.435303	1.05934
235.231	0.435283	1.0593
235.12	0.435256	1.05926
235.012	0.435232	1.05918
234.901	0.435215	1.05912
234.794	0.435204	1.05907
234.684	0.435167	1.059
234.576	0.435153	1.05895
234.47	0.435128	1.05889
234.362	0.435096	1.05883
234.25	0.435066	1.05879
234.14	0.435055	1.05876
234.032	0.435027	1.05867
233.924	0.43499	1.05864
233.815	0.434986	1.05858
233.708	0.434969	1.0585
233.597	0.434948	1.05843
233.487	0.434914	1.0584
233.378	0.434904	1.05833
233.272	0.434875	1.05824
233.163	0.434856	1.05823
233.056	0.434815	1.05819
232.947	0.434792	1.05814
232.839	0.434783	1.05806
232.73	0.434737	1.05803
232.623	0.434714	1.05796
232.515	0.434696	1.05792
232.406	0.434679	1.05782
232.292	0.434642	1.05776
232.185	0.434639	1.05774
232.077	0.434592	1.05763
231.97	0.434578	1.05757
231.864	0.434555	1.05752
231.755	0.434553	1.05748
231.647	0.434521	1.05739
231.537	0.434506	1.05739
231.429	0.434481	1.05727
231.32	0.434434	1.05724
231.213	0.434429	1.05718
231.106	0.4344	1.05718
230.995	0.434379	1.0571
230.887	0.434347	1.05706
230.778	0.434331	1.057
230.669	0.4343	1.05689
230.565	0.434279	1.05688
230.456	0.434274	1.05681
230.348	0.434248	1.05675
230.242	0.43422	1.05668
230.132	0.434199	1.05664
230.026	0.434168	1.05656
229.916	0.434145	1.05651
229.809	0.43414	1.0565
229.702	0.434107	1.05644
229.593	0.4341	1.05637
229.487	0.434049	1.05632
229.38	0.434038	1.05624
229.27	0.434025	1.05619
229.163	0.434003	1.05617
229.053	0.43398	1.05609
228.944	0.433945	1.05608
228.834	0.433925	1.05595
228.728	0.433906	1.05592
228.62	0.433884	1.05589
228.51	0.433879	1.05584
228.4	0.433844	1.05578
228.289	0.433811	1.0557
228.185	0.433789	1.05565
228.076	0.433763	1.0556
227.968	0.433755	1.05555
227.862	0.433726	1.05554
227.753	0.433699	1.05545
227.643	0.433684	1.05537
227.534	0.433651	1.05532
227.426	0.433634	1.05526
227.319	0.433599	1.05524
227.21	0.433585	1.05517
227.102	0.433567	1.0551
226.994	0.433548	1.05506
226.885	0.433535	1.05498
226.777	0.433484	1.05494
226.668	0.433478	1.05486
226.56	0.433466	1.05482
226.45	0.433426	1.05478
226.34	0.433406	1.05473
226.231	0.433398	1.0547
226.123	0.433368	1.05458
226.012	0.433345	1.05456
225.907	0.433323	1.05453
225.798	0.433283	1.05444
225.691	0.433285	1.05439
225.585	0.433262	1.05437
225.476	0.433234	1.0543
225.373	0.433218	1.05424
225.263	0.433181	1.05419
225.153	0.433155	1.05409
225.043	0.43315	1.05409
224.935	0.433116	1.05404
224.826	0.433114	1.05397
224.714	0.433087	1.05393
224.602	0.43305	1.05384
224.496	0.433037	1.05378
224.39	0.433001	1.05376
224.28	0.432989	1.05368
224.174	0.432962	1.05368
224.066	0.432949	1.05361
223.956	0.432903	1.05352
223.851	0.43288	1.05349
223.744	0.432873	1.0534
223.634	0.432848	1.05337
223.526	0.432833	1.05331
223.418	0.432811	1.05328
223.311	0.432786	1.05316
223.206	0.432759	1.05311
223.097	0.432749	1.05309
222.99	0.43273	1.05303
222.883	0.432689	1.05299
222.772	0.432673	1.05294
222.663	0.432646	1.05288
222.552	0.432631	1.05281
222.444	0.432611	1.05279
222.338	0.432597	1.05274
222.229	0.432567	1.05264
222.12	0.432553	1.0526
222.013	0.432509	1.05254
221.904	0.432506	1.0525
221.796	0.432481	1.05245
221.689	0.432458	1.05242
221.582	0.432428	1.05235
221.472	0.432398	1.05231
221.365	0.43239	1.05221
221.255	0.43236	1.0522
221.148	0.432341	1.05214
221.039	0.432309	1.05208
220.931	0.43229	1.05201
220.822	0.43228	1.05194
220.712	0.432245	1.05192
220.606	0.43222	1.05184
220.496	0.432197	1.0518
220.39	0.43217	1.05172
220.28	0.432168	1.05167
220.173	0.432141	1.05165
220.063	0.432097	1.05156
219.953	0.432086	1.0515
219.845	0.432072	1.05145
219.736	0.432046	1.05138
219.629	0.432024	1.05138
219.523	0.431984	1.05131
219.412	0.431989	1.0512
219.302	0.431958	1.05118
219.195	0.431934	1.05114
219.089	0.431906	1.05108
218.981	0.431881	1.05103
218.87	0.431877	1.05093
218.763	0.431848	1.05094
218.653	0.431809	1.05087
218.547	0.431811	1.05081
218.439	0.431776	1.05074
218.331	0.431747	1.05068
218.224	0.431745	1.05067
218.117	0.431712	1.0506
218.008	0.431685	1.0505
217.897	0.431663	1.05051
217.788	0.431643	1.05042
217.679	0.431616	1.05035
217.571	0.4316	1.05035
217.465	0.431564	1.05027
217.357	0.431539	1.0502
217.249	0.431512	1.05015
217.141	0.431374	1.0501
217.032	0.431318	1.05003
216.923	0.431297	1.04999
216.815	0.431292	1.04991
216.706	0.431264	1.04985
216.599	0.431238	1.04978
216.491	0.431223	1.04944
216.383	0.4312	1.04931
216.276	0.431182	1.04926
216.168	0.431163	1.04924
216.06	0.431143	1.04918
215.952	0.431118	1.04911
215.844	0.431108	1.04908
215.736	0.431074	1.04902
215.627	0.431044	1.04898
215.519	0.431031	1.04893
215.413	0.431027	1.04888
215.305	0.430999	1.04882
215.197	0.430977	1.0488
215.09	0.430945	1.04871
214.983	0.43093	1.04864
214.874	0.430918	1.04861
214.766	0.430891	1.0486
214.658	0.430866	1.04853
214.551	0.430841	1.04848
214.442	0.430825	1.0484
214.332	0.43081	1.04836
214.224	0.430774	1.04834
214.114	0.430757	1.04827
214.008	0.430735	1.04821
213.901	0.430699	1.04815
213.792	0.430687	1.04811
213.683	0.430668	1.04807
213.577	0.43064	1.04798
213.47	0.430611	1.04794
213.361	0.430604	1.04789
213.25	0.430577	1.0478
213.144	0.430561	1.04777
213.035	0.430528	1.04773
212.925	0.430515	1.04766
212.817	0.430478	1.04759
212.711	0.430457	1.04757
212.605	0.430439	1.04751
212.499	0.43042	1.04747
212.389	0.430392	1.04739
212.28	0.430358	1.04735
212.171	0.430336	1.04726
212.064	0.430339	1.04721
211.957	0.430299	1.04717
211.849	0.430272	1.04712
211.743	0.430244	1.04705
211.631	0.430231	1.04697
211.52	0.430207	1.04692
211.414	0.430189	1.04693
211.306	0.430163	1.04683
211.2	0.430136	1.04676
211.094	0.430114	1.04669
210.987	0.430088	1.04666
210.878	0.43007	1.04661
210.769	0.430035	1.04656
210.663	0.430007	1.0465
210.553	0.429989	1.04643
210.444	0.429966	1.04638
210.335	0.429946	1.04631
210.227	0.429922	1.04627
210.122	0.429888	1.04619
210.012	0.429875	1.04612
209.904	0.429848	1.04607
209.799	0.429824	1.04602
209.692	0.429802	1.04597
209.584	0.42979	1.04591
209.476	0.429762	1.04583
209.371	0.429727	1.0458
209.262	0.429717	1.04573
209.153	0.429677	1.04567
209.044	0.429658	1.04562
208.939	0.429634	1.04559
208.83	0.429612	1.04552
208.725	0.429594	1.04544
208.615	0.42956	1.04541
208.507	0.429537	1.04532
208.4	0.429511	1.04527
208.294	0.429487	1.04521
208.184	0.429472	1.04516
208.076	0.429453	1.04511
207.97	0.42944	1.04503
207.863	0.429397	1.04498
207.757	0.429371	1.04491
207.649	0.42934	1.04485
207.541	0.429314	1.04482
207.434	0.429304	1.04477
207.323	0.429284	1.04474
207.218	0.429252	1.04463
207.108	0.429226	1.04457
207.001	0.429199	1.0445
206.893	0.429181	1.04443
206.786	0.429161	1.04441
206.675	0.429144	1.04436
206.569	0.429101	1.04428
206.462	0.429073	1.04422
206.355	0.429048	1.04415
206.249	0.429041	1.04411
206.142	0.429007	1.04406
206.031	0.428981	1.04402
205.924	0.428956	1.04391
205.818	0.428934	1.04385
205.711	0.428902	1.04378
205.605	0.428885	1.04377
205.494	0.428854	1.04369
205.387	0.428848	1.04362
205.279	0.428798	1.04356
205.172	0.428789	1.04351
205.063	0.428766	1.04343
204.954	0.428745	1.04339
204.846	0.42871	1.04331
204.737	0.428676	1.0433
204.629	0.428661	1.04318
204.522	0.428637	1.04316
204.413	0.42862	1.0431
204.31	0.4286	1.04305
204.201	0.428564	1.04296
204.095	0.428541	1.04288
203.986	0.428516	1.04284
203.877	0.428498	1.04278
203.768	0.42847	1.04275
203.664	0.42844	1.0427
203.558	0.428413	1.04261
203.45	0.428392	1.04255
203.343	0.428381	1.04249
203.234	0.428353	1.04245
203.125	0.42833	1.04238
203.012	0.428308	1.04231
202.905	0.428278	1.04224
202.801	0.428246	1.04219
202.694	0.428227	1.04216
202.586	0.4282	1.04209
202.48	0.428165	1.04204
202.371	0.428157	1.04198
202.266	0.428135	1.04191
202.157	0.428111	1.04183
202.052	0.428083	1.04179
201.945	0.428061	1.04172
201.837	0.42802	1.04164
201.732	0.428014	1.04162
201.619	0.427982	1.04156
201.511	0.42796	1.04151
201.406	0.427926	1.04144
201.3	0.427929	1.04138
201.19	0.427898	1.04128
201.085	0.42788	1.04127
200.978	0.427839	1.04119
200.873	0.427801	1.04114
200.767	0.427793	1.04106
200.659	0.427771	1.04106
200.552	0.427752	1.04099
200.444	0.427726	1.04094
200.338	0.427692	1.04084
200.232	0.427668	1.04075
200.125	0.427654	1.04073
200.018	0.427629	1.04068
199.91	0.427599	1.04063
199.802	0.427584	1.04057
199.693	0.427557	1.04049
199.587	0.427536	1.04043
199.479	0.427507	1.04039
199.373	0.427492	1.04033
199.266	0.427467	1.04026
199.157	0.427442	1.04022
199.048	0.427422	1.04016
198.944	0.42741	1.04011
198.84	0.42738	1.04004
198.734	0.427358	1.04
198.625	0.427319	1.03994
198.515	0.427299	1.03988
198.408	0.427285	1.03983
198.3	0.427256	1.0398
198.194	0.427235	1.03973
198.086	0.427223	1.03967
197.981	0.427177	1.03958
197.872	0.42717	1.03953
197.766	0.427138	1.0395
197.658	0.427124	1.03943
197.554	0.42709	1.03937
197.45	0.427075	1.03935
197.342	0.427046	1.03923
197.237	0.427019	1.03922
197.13	0.427004	1.03914
197.022	0.426975	1.0391
196.916	0.426952	1.03902
196.809	0.426933	1.03899
196.702	0.426908	1.03892
196.593	0.426886	1.03885
196.486	0.426856	1.03881
196.38	0.426829	1.03874
196.272	0.426813	1.03869
196.161	0.42679	1.03864
196.054	0.42676	1.03858
195.946	0.426748	1.03853
195.837	0.426711	1.03845
195.731	0.426701	1.03839
195.625	0.426673	1.03835
195.514	0.42665	1.03829
195.407	0.426621	1.03822
195.301	0.426599	1.03819
195.196	0.426585	1.0381
195.089	0.426558	1.03808
194.982	0.426529	1.03801
194.877	0.426519	1.03795
194.772	0.426501	1.03788
194.663	0.426465	1.03783
194.558	0.426454	1.03779
194.451	0.426417	1.03773
194.344	0.426397	1.03766
194.237	0.426382	1.03763
194.13	0.42636	1.03759
194.025	0.426335	1.0375
193.917	0.426306	1.03747
193.812	0.42628	1.03738
193.708	0.426266	1.03734
193.6	0.426224	1.0373
193.494	0.426206	1.03725
193.387	0.426181	1.03719
193.279	0.426167	1.03711
193.171	0.426147	1.03705
193.065	0.426123	1.03702
192.959	0.426097	1.03691
192.856	0.426089	1.03687
192.746	0.426051	1.03681
192.641	0.42604	1.03678
192.534	0.426014	1.03673
192.429	0.42599	1.03667
192.32	0.425983	1.03661
192.214	0.425953	1.03659
192.11	0.425922	1.03649
192.003	0.425919	1.03647
191.898	0.425885	1.0364
191.791	0.425873	1.03635
191.684	0.425849	1.03633
191.577	0.425811	1.03626
191.47	0.425797	1.03618
191.361	0.425788	1.03617
191.252	0.425758	1.03609
191.148	0.425753	1.03606
191.038	0.425705	1.036
190.934	0.425693	1.03591
190.827	0.425665	1.03588
190.721	0.42561	1.03585
190.615	0.425596	1.03578
190.507	0.425581	1.03577
190.401	0.425559	1.03565
190.293	0.425528	1.03562
190.189	0.425504	1.03555
190.083	0.425492	1.03542
189.977	0.425469	1.03539
189.87	0.425451	1.03535
189.763	0.425444	1.0353
189.658	0.425404	1.03522
189.55	0.425382	1.03516
189.442	0.425363	1.03514
189.338	0.425342	1.03508
189.228	0.425324	1.03504
189.121	0.425283	1.03502
189.018	0.425285	1.03492
188.91	0.42525	1.03487
188.803	0.425235	1.03482
188.696	0.42523	1.03477
188.588	0.425205	1.03472
188.48	0.425158	1.03463
188.373	0.425147	1.03463
188.267	0.425111	1.03455
188.162	0.425113	1.03451
188.054	0.425093	1.0345
187.945	0.42506	1.03444
187.838	0.425029	1.03432
187.732	0.425014	1.03429
187.624	0.424996	1.03421
187.517	0.424972	1.03421
187.411	0.424967	1.03416
187.304	0.424938	1.03408
187.198	0.42491	1.03401
187.091	0.424904	1.03397
186.983	0.424881	1.03393
186.879	0.424854	1.03387
186.773	0.424833	1.03386
186.666	0.424812	1.03379
186.559	0.424803	1.03372
186.451	0.424775	1.0337
186.343	0.424762	1.03365
186.235	0.424744	1.03358
186.128	0.424713	1.03353
186.022	0.424684	1.03348
185.917	0.424669	1.03346
185.813	0.42464	1.03339
185.706	0.424627	1.03336
185.6	0.424606	1.03331
185.493	0.424593	1.03324
185.386	0.42456	1.03317
185.279	0.424545	1.03313
185.172	0.424534	1.03306
185.066	0.424514	1.03303
184.959	0.424497	1.03298
184.852	0.42448	1.03295
184.746	0.424451	1.03287
184.64	0.424423	1.03283
184.532	0.424395	1.0328
184.426	0.424406	1.03275
184.322	0.424395	1.03271
184.215	0.424368	1.03267
184.107	0.424343	1.0326
184	0.424322	1.03253
183.895	0.42431	1.03247
183.79	0.42429	1.03249
183.685	0.424264	1.03247
183.577	0.424247	1.0324
183.47	0.424229	1.03234
183.364	0.424126	1.03229
183.256	0.424103	1.03226
183.15	0.424086	1.03221
183.043	0.424085	1.03215
182.937	0.424054	1.03211
182.831	0.424032	1.03206
182.725	0.424009	1.03181
182.618	0.423997	1.03176
182.511	0.423984	1.03171
182.405	0.423952	1.03171
182.298	0.423926	1.03164
182.19	0.423909	1.03158
182.087	0.423893	1.03153
181.98	0.42387	1.0315
181.873	0.423866	1.03146
181.769	0.423835	1.03139
181.661	0.423812	1.03132
181.554	0.4238	1.03128
181.447	0.423784	1.03124
181.342	0.42376	1.03119
181.235	0.423738	1.03118
181.126	0.42372	1.0311
181.02	0.423703	1.03105
180.914	0.423681	1.03102
180.804	0.423669	1.03098
180.698	0.423661	1.03092
180.592	0.423633	1.03087
180.483	0.423612	1.03082
180.377	0.423592	1.03078
180.272	0.423578	1.03073
180.164	0.42356	1.0307
180.057	0.423539	1.03068
179.952	0.423521	1.03061
179.846	0.423502	1.03056
179.74	0.42349	1.03051
179.635	0.423468	1.03048
179.528	0.423438	1.03043
179.422	0.423433	1.03038
179.316	0.423403	1.03034
179.212	0.423388	1.03029
179.103	0.423366	1.03026
178.997	0.423356	1.03021
178.889	0.423336	1.03014
178.785	0.423308	1.03012
178.677	0.42331	1.03005
178.571	0.423276	1.03002
178.464	0.423262	1.02996
178.357	0.423237	1.02994
178.25	0.423224	1.02989
178.146	0.423199	1.02982
178.04	0.423193	1.02983
177.933	0.423162	1.02974
177.827	0.423161	1.02971
177.721	0.423114	1.02965
177.613	0.42311	1.02962
177.506	0.423104	1.02956
177.399	0.42308	1.02954
177.292	0.423069	1.02947
177.185	0.423047	1.02946
177.079	0.423023	1.02935
176.971	0.423015	1.02934
176.863	0.422986	1.02932
176.758	0.42297	1.02927
176.649	0.422973	1.02924
176.547	0.422943	1.02919
176.44	0.422929	1.02913
176.331	0.422896	1.02911
176.225	0.422881	1.02904
176.12	0.422872	1.029
176.012	0.422847	1.02901
175.906	0.42283	1.02893
175.798	0.422815	1.0289
175.693	0.422792	1.02882
175.585	0.422794	1.02878
175.478	0.422765	1.02876
175.372	0.422754	1.0287
175.268	0.422725	1.02866
175.16	0.422702	1.02862
175.054	0.422683	1.02857
174.948	0.422683	1.02857
174.843	0.422649	1.0285
174.734	0.422627	1.02847
174.625	0.422617	1.0284
174.518	0.422591	1.02835
174.413	0.422572	1.0283
174.308	0.422545	1.0283
174.202	0.422527	1.02822
174.097	0.422506	1.02816
173.992	0.422504	1.02814
173.886	0.422481	1.02808
173.78	0.422473	1.02803
173.673	0.422434	1.02796
173.568	0.422423	1.02792
173.462	0.422415	1.02787
173.356	0.422385	1.02787
173.253	0.422372	1.02781
173.147	0.422378	1.02779
173.04	0.422345	1.0277
172.934	0.42232	1.02767
172.827	0.422316	1.02765
172.722	0.422295	1.02758
172.615	0.422265	1.02755
172.51	0.422239	1.02756
172.405	0.422248	1.02748
172.299	0.422217	1.02742
172.194	0.422189	1.02741
172.089	0.422178	1.02736
171.983	0.422163	1.02728
171.877	0.422135	1.02722
171.77	0.42212	1.02724
171.663	0.422116	1.02717
171.558	0.4221	1.0271
171.455	0.422067	1.02707
171.347	0.42204	1.02704
171.24	0.422038	1.02697
171.134	0.422026	1.02693
171.026	0.42199	1.02692
170.921	0.421997	1.02688
170.817	0.421962	1.0268
170.711	0.421964	1.02674
170.603	0.421943	1.02673
170.499	0.421932	1.0267
170.391	0.421905	1.02661
170.284	0.421905	1.02663
170.179	0.421865	1.02655
170.072	0.421845	1.02655
169.966	0.421845	1.0265
169.862	0.421827	1.02647
169.755	0.421807	1.02641
169.649	0.421794	1.02641
169.542	0.421779	1.02631
169.436	0.421762	1.02626
169.332	0.421739	1.02626
169.225	0.421721	1.02622
169.119	0.421713	1.02617
169.013	0.421687	1.02614
168.907	0.421676	1.0261
168.8	0.421663	1.02606
168.695	0.421638	1.026
168.589	0.421629	1.02596
168.484	0.42161	1.02594
168.378	0.421607	1.02588
168.272	0.421583	1.02585
168.167	0.421555	1.02582
168.06	0.421543	1.02576
167.953	0.421536	1.02574
167.847	0.421525	1.02569
167.743	0.421504	1.02568
167.637	0.4215	1.02563
167.53	0.421461	1.02556
167.423	0.421448	1.02553
167.317	0.421438	1.02551
167.213	0.421426	1.02548
167.101	0.421408	1.02543
167	0.421389	1.02542
166.894	0.421371	1.02533
166.792	0.421365	1.0253
166.686	0.421334	1.02527
166.582	0.421329	1.02524
166.475	0.421313	1.0252
166.37	0.421302	1.02515
166.266	0.421279	1.02511
166.16	0.421265	1.0251
166.055	0.421247	1.02502
165.948	0.42123	1.02501
165.844	0.421206	1.02497
165.739	0.421203	1.02494
165.633	0.421169	1.02489
165.529	0.421157	1.02485
165.424	0.421135	1.02481
165.318	0.421083	1.02477
165.214	0.421075	1.02471
165.111	0.421063	1.0247
165.006	0.421045	1.02462
164.901	0.421032	1.02459
164.793	0.421019	1.02454
164.691	0.420988	1.02441
164.586	0.420976	1.02439
164.481	0.420984	1.02436
164.376	0.420943	1.02431
164.27	0.420939	1.02429
164.165	0.420935	1.02425
164.061	0.4209	1.02418
163.955	0.420898	1.02415
163.851	0.420882	1.02417
163.748	0.420859	1.02407
163.643	0.420853	1.02406
163.54	0.420832	1.02405
163.435	0.420829	1.02396
163.332	0.420823	1.02396
163.226	0.420811	1.02392
163.12	0.4208	1.02386
163.017	0.420774	1.02385
162.913	0.420757	1.0238
162.809	0.420735	1.02379
162.703	0.420728	1.02377
162.6	0.420708	1.02375
162.493	0.420702	1.02372
162.392	0.420693	1.02366
162.286	0.420679	1.02361
162.181	0.420665	1.02356
162.079	0.420656	1.02354
161.974	0.420639	1.02349
161.868	0.420612	1.02348
161.765	0.420596	1.02346
161.66	0.420573	1.02342
161.556	0.420567	1.02339
161.454	0.420552	1.02337
161.35	0.420544	1.02333
161.244	0.420524	1.02326
161.141	0.420503	1.02322
161.036	0.420481	1.02317
160.931	0.420481	1.02315
160.827	0.420453	1.02312
160.724	0.420451	1.0231
160.619	0.420446	1.02305
160.515	0.420428	1.023
160.411	0.420408	1.02294
160.306	0.420382	1.02294
160.2	0.420374	1.02288
160.095	0.420367	1.02287
159.991	0.420357	1.02286
159.887	0.42033	1.02282
159.781	0.420314	1.02277
159.677	0.420305	1.0227
159.571	0.420295	1.02268
159.469	0.42028	1.02267
159.364	0.420235	1.02264
159.258	0.42023	1.02258
159.155	0.420208	1.02254
159.048	0.420212	1.02251
158.944	0.420192	1.02249
158.839	0.420173	1.02245
158.735	0.420133	1.02235
158.63	0.42012	1.02233
158.524	0.420104	1.02228
158.422	0.420095	1.02229
158.317	0.420089	1.02224
158.214	0.420057	1.02219
158.109	0.42006	1.0221
158.005	0.420037	1.02207
157.901	0.420016	1.02203
157.797	0.420024	1.02201
157.692	0.420007	1.02199
157.588	0.419994	1.02191
157.482	0.419975	1.02192
157.377	0.419953	1.02186
157.273	0.419948	1.02181
157.167	0.41992	1.02183
157.064	0.41992	1.02179
156.959	0.419903	1.02176
156.854	0.419895	1.02171
156.75	0.419885	1.02166
156.647	0.419873	1.02165
156.542	0.419855	1.02158
156.438	0.419833	1.02158
156.332	0.419822	1.02154
156.23	0.419802	1.02152
156.125	0.419808	1.02149
156.021	0.419785	1.02146
155.917	0.419758	1.02142
155.813	0.41976	1.02137
155.71	0.419738	1.02134
155.607	0.419728	1.02129
155.502	0.419711	1.02131
155.397	0.419717	1.02125
155.292	0.419684	1.02118
155.188	0.419668	1.02119
155.083	0.419669	1.02114
154.98	0.419649	1.02111
154.875	0.41963	1.02107
154.771	0.419615	1.02109
154.666	0.4196	1.021
154.563	0.419592	1.02097
154.459	0.419571	1.02097
154.354	0.419562	1.02092
154.25	0.419546	1.02087
154.145	0.419536	1.02084
154.041	0.419521	1.0208
153.937	0.4195	1.02078
153.832	0.419484	1.02073
153.727	0.419473	1.02071
153.624	0.419464	1.02067
153.52	0.419427	1.02064
153.416	0.419406	1.02061
153.311	0.419395	1.02056
153.206	0.419388	1.02052
153.102	0.419377	1.02049
152.998	0.419338	1.02047
152.894	0.419349	1.02038
152.788	0.419298	1.02033
152.684	0.41925	1.0203
152.579	0.419244	1.02028
152.476	0.419221	1.02026
152.371	0.419226	1.02016
152.268	0.419217	1.02019
152.163	0.4192	1.02007
152.06	0.419176	1.01995
151.956	0.419182	1.01993
151.852	0.419181	1.01988
151.746	0.419163	1.01989
151.642	0.419132	1.01987
151.536	0.419133	1.01983
151.433	0.419118	1.01977
151.327	0.419121	1.01978
151.221	0.419099	1.01978
151.117	0.419078	1.01974
151.015	0.419066	1.01966
150.908	0.419056	1.01966
150.804	0.419034	1.01963
150.702	0.419024	1.01963
150.596	0.41902	1.01958
150.494	0.419003	1.01953
150.391	0.419	1.0195
150.284	0.41899	1.01948
150.179	0.418973	1.01942
150.076	0.418965	1.0194
149.972	0.418941	1.01939
149.868	0.418937	1.01935
149.763	0.41891	1.01934
149.66	0.418886	1.01932
149.555	0.41889	1.01928
149.451	0.418887	1.01926
149.345	0.41887	1.0192
149.24	0.418852	1.01919
149.136	0.418838	1.01912
149.032	0.418844	1.01906
148.928	0.418825	1.01907
148.822	0.418806	1.01907
148.719	0.418788	1.01902
148.614	0.418791	1.01898
148.51	0.418773	1.01895
148.406	0.418745	1.01896
148.3	0.418742	1.01892
148.196	0.418736	1.01887
148.09	0.418724	1.01882
147.986	0.418704	1.01883
147.882	0.418679	1.01879
147.78	0.418666	1.01872
147.675	0.418653	1.01871
147.571	0.418628	1.0187
147.466	0.418615	1.01867
147.363	0.418604	1.01862
147.256	0.418592	1.01856
147.153	0.418584	1.01853
147.048	0.418564	1.0185
146.942	0.418547	1.01844
146.839	0.41855	1.0184
146.734	0.418509	1.01838
146.631	0.418513	1.01835
146.526	0.418498	1.01833
146.422	0.418484	1.01828
146.319	0.418488	1.01824
146.214	0.418457	1.01825
146.111	0.418453	1.01815
146.006	0.418416	1.01815
145.902	0.418405	1.01812
145.798	0.418396	1.01808
145.694	0.418397	1.01809
145.588	0.418375	1.01802
145.485	0.418354	1.01801
145.38	0.418338	1.01792
145.276	0.418314	1.01789
145.172	0.418317	1.01787
145.068	0.418303	1.01787
144.963	0.41831	1.01782
144.859	0.418285	1.01777
144.756	0.418268	1.01773
144.651	0.418268	1.01767
144.548	0.418257	1.01768
144.444	0.418241	1.01765
144.34	0.418228	1.01766
144.236	0.418216	1.0176
144.131	0.418201	1.01756
144.025	0.4182	1.01756
143.922	0.418174	1.01753
143.817	0.418173	1.0175
143.713	0.418156	1.01746
143.609	0.418149	1.01743
143.504	0.418132	1.0174
143.4	0.418134	1.01739
143.295	0.418105	1.01733
143.191	0.418102	1.01733
143.085	0.418104	1.01729
142.982	0.418066	1.01727
142.877	0.418066	1.01723
142.773	0.418048	1.01723
142.668	0.418065	1.01716
142.564	0.418037	1.01716
142.461	0.418002	1.01716
142.355	0.418015	1.01707
142.251	0.417986	1.01707
142.147	0.417986	1.01702
142.042	0.417959	1.01707
141.939	0.417951	1.017
141.834	0.417946	1.01691
141.73	0.417952	1.01694
141.627	0.417917	1.01687
141.522	0.417915	1.01687
141.418	0.417907	1.01681
141.315	0.417897	1.01679
141.212	0.417868	1.01678
141.107	0.417868	1.01679
141.002	0.417858	1.01671
140.897	0.417851	1.0167
140.792	0.417849	1.01668
140.689	0.417815	1.01666
140.584	0.417819	1.01659
140.478	0.417795	1.01659
140.375	0.41781	1.01656
140.27	0.417781	1.01654
140.166	0.417761	1.01654
140.06	0.417758	1.01646
139.956	0.417751	1.01647
139.852	0.417717	1.01641
139.749	0.417725	1.01645
139.643	0.417705	1.01638
139.54	0.417689	1.01633
139.435	0.417677	1.01632
139.33	0.417665	1.0163
139.225	0.417654	1.01622
139.12	0.417661	1.01624
139.018	0.417631	1.01619
138.913	0.417618	1.01615
138.81	0.417605	1.01612
138.706	0.417605	1.01609
138.602	0.417577	1.01607
138.5	0.417566	1.01608
138.394	0.417548	1.01601
138.289	0.41754	1.01598
138.185	0.417543	1.01595
138.081	0.417443	1.01595
137.978	0.417443	1.01588
137.873	0.41742	1.01585
137.769	0.417427	1.01581
137.667	0.417396	1.01579
137.561	0.41739	1.0158
137.458	0.417385	1.01555
137.351	0.417386	1.01555
137.246	0.417353	1.0155
137.142	0.417355	1.01551
137.041	0.417344	1.01544
136.938	0.417328	1.01542
136.834	0.417331	1.01541
136.731	0.417325	1.01541
136.626	0.417287	1.01533
136.523	0.417287	1.01534
136.419	0.417276	1.01531
136.315	0.417269	1.01527
136.212	0.417262	1.01528
136.108	0.417226	1.01527
136.005	0.417204	1.01517
135.9	0.417184	1.01517
135.797	0.417185	1.01515
135.692	0.417191	1.01513
135.589	0.41714	1.01511
135.484	0.417141	1.01503
135.379	0.417135	1.01497
135.275	0.417122	1.01492
135.172	0.417117	1.01492
135.067	0.417114	1.01494
134.963	0.41709	1.01482
134.86	0.417087	1.01482
134.756	0.417078	1.0148
134.654	0.417062	1.01477
134.549	0.417046	1.01476
134.445	0.417041	1.01475
134.34	0.417034	1.0147
134.236	0.417015	1.01469
134.132	0.417013	1.01467
134.029	0.417001	1.01463
133.925	0.416988	1.01459
133.822	0.41698	1.01458
133.718	0.416963	1.01456
133.613	0.416954	1.01451
133.51	0.416941	1.01451
133.406	0.416932	1.01448
133.302	0.416926	1.01445
133.196	0.416915	1.01443
133.092	0.416909	1.01439
132.988	0.416885	1.01436
132.882	0.416874	1.01433
132.779	0.416872	1.01431
132.674	0.416872	1.0143
132.57	0.416838	1.01427
132.465	0.416842	1.01425
132.362	0.416828	1.0142
132.259	0.416828	1.01417
132.155	0.41679	1.01416
132.053	0.416802	1.01416
131.948	0.416789	1.01408
131.844	0.416777	1.01409
131.738	0.416724	1.01406
131.634	0.416704	1.01406
131.53	0.416708	1.01397
131.425	0.416696	1.01399
131.321	0.416694	1.01396
131.216	0.416653	1.01393
131.113	0.416632	1.0138
131.01	0.416638	1.01376
130.906	0.416623	1.01377
130.802	0.41661	1.01374
130.697	0.416586	1.01373
130.594	0.416596	1.01363
130.49	0.416567	1.01358
130.387	0.416561	1.01359
130.281	0.416565	1.01356
130.178	0.416537	1.01353
130.074	0.416518	1.01347
129.97	0.416531	1.01349
129.865	0.416509	1.01342
129.761	0.416519	1.01341
129.656	0.416502	1.01342
129.55	0.416491	1.01335
129.448	0.416476	1.0133
129.345	0.41646	1.01334
129.24	0.416459	1.01328
129.136	0.416465	1.01331
129.032	0.416416	1.01326
128.929	0.416396	1.01324
128.826	0.416396	1.0132
128.722	0.416378	1.01316
128.619	0.416371	1.01316
128.516	0.416359	1.01317
128.411	0.416357	1.01305
128.308	0.416345	1.01301
128.204	0.416333	1.01301
128.101	0.416307	1.01296
127.996	0.416313	1.01294
127.891	0.416285	1.01291
127.787	0.416277	1.01291
127.684	0.416285	1.01288
127.58	0.416276	1.01285
127.477	0.416259	1.01279
127.373	0.416241	1.0128
127.269	0.416245	1.01274
127.166	0.416217	1.01272
127.063	0.416216	1.01274
126.958	0.416193	1.01271
126.854	0.416189	1.01267
126.751	0.416178	1.01263
126.647	0.416174	1.01264
126.543	0.416174	1.01257
126.439	0.416166	1.01257
126.335	0.416145	1.01251
126.23	0.416131	1.0125
126.126	0.416127	1.01247
126.022	0.416107	1.01247
125.918	0.41609	1.01246
125.814	0.416099	1.01245
125.711	0.41608	1.01239
125.608	0.416082	1.01236
125.503	0.416066	1.01235
125.4	0.41606	1.0123
125.296	0.416039	1.01226
125.194	0.416045	1.01228
125.089	0.416023	1.01224
124.985	0.416003	1.01224
124.882	0.416011	1.0122
124.778	0.415998	1.01219
124.676	0.416004	1.01214
124.571	0.415982	1.01215
124.467	0.415979	1.0121
124.362	0.415953	1.01205
124.258	0.415956	1.01207
124.153	0.41594	1.01204
124.051	0.415937	1.01205
123.947	0.415917	1.012
123.843	0.415919	1.01199
123.739	0.415897	1.01193
123.633	0.415889	1.01194
123.53	0.415874	1.0119
123.427	0.415871	1.01189
123.323	0.415828	1.01184
123.22	0.415814	1.01184
123.117	0.415806	1.01179
123.013	0.415794	1.01177
122.909	0.415774	1.01174
122.805	0.415776	1.01173
122.701	0.415766	1.01162
122.598	0.41574	1.01159
122.493	0.415744	1.01157
122.389	0.415752	1.01154
122.285	0.415718	1.01149
122.181	0.415721	1.0115
122.077	0.415718	1.01147
121.974	0.415685	1.01141
121.87	0.415692	1.01142
121.766	0.41568	1.01144
121.662	0.415672	1.01136
121.558	0.41565	1.01136
121.455	0.415653	1.01136
121.353	0.415639	1.01128
121.248	0.415622	1.01129
121.144	0.415637	1.01126
121.04	0.415625	1.01124
120.935	0.415596	1.01119
120.831	0.415607	1.0112
120.727	0.41559	1.01117
120.623	0.415561	1.01112
120.519	0.415569	1.01116
120.415	0.415511	1.01113
120.309	0.415516	1.01106
120.206	0.415502	1.01109
120.102	0.415498	1.01105
119.998	0.415472	1.01098
119.894	0.415487	1.01099
119.79	0.415472	1.01085
119.686	0.415468	1.01087
119.582	0.415457	1.01083
119.478	0.415429	1.01082
119.374	0.415417	1.01076
119.269	0.415413	1.01079
119.165	0.415418	1.01076
119.061	0.415395	1.01075
118.957	0.41539	1.01072
118.853	0.415381	1.01065
118.748	0.415362	1.01062
118.645	0.415353	1.01062
118.542	0.415347	1.01063
118.437	0.415356	1.01057
118.335	0.415336	1.01056
118.23	0.415326	1.01054
118.126	0.41532	1.01049
118.022	0.415305	1.01047
117.918	0.415302	1.01045
117.816	0.415294	1.01048
117.713	0.415267	1.01043
117.609	0.415223	1.0104
117.507	0.415239	1.01039
117.403	0.415219	1.01035
117.299	0.415197	1.01034
117.196	0.415186	1.01032
117.092	0.415191	1.01026
116.987	0.415181	1.01015
116.883	0.415164	1.01019
116.778	0.415154	1.01014
116.674	0.415141	1.01009
116.57	0.415146	1.01006
116.466	0.41514	1.01007
116.362	0.415121	1.01005
116.259	0.415118	1.01001
116.156	0.415097	1.00998
116.053	0.415104	1.00995
115.949	0.415076	1.00996
115.845	0.415082	1.00995
115.74	0.415078	1.0099
115.636	0.415067	1.0099
115.532	0.415053	1.00985
115.429	0.415043	1.00986
115.324	0.415028	1.00979
115.221	0.41503	1.00981
115.117	0.415014	1.0098
115.014	0.41502	1.00977
114.909	0.415013	1.00974
114.805	0.415	1.00971
114.701	0.414997	1.00968
114.597	0.414973	1.00968
114.493	0.414973	1.00964
114.389	0.414951	1.00966
114.284	0.414939	1.00964
114.18	0.414943	1.00961
114.076	0.414937	1.0096
113.972	0.414909	1.00954
113.868	0.414925	1.00955
113.765	0.414914	1.00949
113.661	0.414899	1.00946
113.558	0.414876	1.00947
113.456	0.414894	1.00946
113.352	0.414875	1.00939
113.247	0.414853	1.00943
113.144	0.414868	1.0094
113.041	0.414851	1.00936
112.937	0.414841	1.00931
112.832	0.414808	1.00935
112.729	0.41481	1.0093
112.625	0.414803	1.00925
112.522	0.414798	1.00929
112.418	0.414797	1.00925
112.314	0.414786	1.00922
112.21	0.414781	1.00914
112.105	0.414766	1.00915
112.002	0.414771	1.00913
111.898	0.414714	1.00912
111.793	0.414673	1.00911
111.689	0.414669	1.00909
111.586	0.414661	1.00908
111.483	0.414648	1.00904
111.379	0.414654	1.00905
111.276	0.414644	1.00891
111.173	0.414608	1.00881
111.069	0.414603	1.0088
110.965	0.414621	1.00878
110.862	0.414614	1.00875
110.758	0.414589	1.00877
110.653	0.41459	1.00874
110.551	0.414579	1.00865
110.448	0.414583	1.00864
110.344	0.414552	1.00869
110.24	0.414549	1.00867
110.137	0.414556	1.00861
110.032	0.414552	1.00861
109.928	0.414535	1.00859
109.825	0.414525	1.0086
109.72	0.414515	1.00852
109.616	0.414496	1.00851
109.511	0.414502	1.00853
109.406	0.414487	1.00852
109.3	0.414432	1.00848
109.2	0.414428	1.00845
109.096	0.414435	1.00843
108.992	0.414425	1.00838
108.892	0.414403	1.0084
108.787	0.414401	1.00836
108.681	0.414397	1.00823
108.579	0.41438	1.00822
108.475	0.414389	1.00823
108.37	0.414377	1.00821
108.263	0.414355	1.00816
108.16	0.41435	1.00815
108.056	0.414341	1.00814
107.955	0.414327	1.0081
107.849	0.414322	1.00812
107.744	0.414322	1.00809
107.641	0.414307	1.00804
107.535	0.414308	1.00803
107.433	0.414288	1.00801
107.329	0.414276	1.00797
107.223	0.41428	1.00796
107.118	0.414272	1.00796
107.017	0.414247	1.00792
106.914	0.414235	1.00793
106.809	0.414258	1.00788
106.709	0.414226	1.00785
106.603	0.414217	1.00786
106.499	0.414208	1.00784
106.397	0.414215	1.00778
106.296	0.414202	1.00775
106.189	0.414184	1.0078
106.087	0.414174	1.00773
105.984	0.414156	1.0077
105.882	0.414161	1.00768
105.778	0.414141	1.0077
105.674	0.414131	1.00767
105.569	0.414126	1.00762
105.467	0.414114	1.0076
105.362	0.414124	1.00756
105.26	0.414103	1.00757
105.157	0.4141	1.00752
105.05	0.414088	1.0075
104.946	0.414083	1.00748
104.844	0.414069	1.00745
104.74	0.414064	1.00748
104.638	0.414053	1.00743
104.534	0.414042	1.00742
104.43	0.41405	1.00739
104.325	0.414022	1.00738
104.221	0.414036	1.00735
104.116	0.414015	1.00733
104.014	0.414006	1.00731
103.909	0.413999	1.00728
103.805	0.414002	1.0073
103.703	0.414	1.00723
103.6	0.413988	1.00726
103.497	0.413972	1.00721
103.392	0.413975	1.00719
103.287	0.413954	1.00717
103.184	0.413947	1.00718
103.082	0.413941	1.00718
102.978	0.41393	1.00715
102.873	0.413929	1.00711
102.769	0.413913	1.00712
102.666	0.41392	1.00706
102.567	0.413891	1.00705
102.463	0.413894	1.00703
102.359	0.413884	1.00701
102.252	0.413837	1.007
102.152	0.413821	1.00696
102.046	0.413829	1.00698
101.944	0.413806	1.00691
101.841	0.413769	1.00692
101.736	0.413778	1.0069
101.633	0.413767	1.00678
101.53	0.413748	1.00674
101.43	0.413744	1.00676
101.325	0.413749	1.00671
101.228	0.413724	1.00661
101.124	0.41372	1.00664
101.019	0.413712	1.00661
100.918	0.413703	1.00656
100.817	0.413696	1.00655
100.715	0.41369	1.00657
100.61	0.413672	1.00651
100.509	0.41367	1.00649
100.406	0.413681	1.00648
100.299	0.413647	1.00645
100.198	0.413649	1.00644
100.094	0.413645	1.00642
99.9907	0.413629	1.00638
99.8874	0.413633	1.00638
99.784	0.413616	1.0064
99.678	0.413608	1.00632
99.572	0.413593	1.00632
99.4698	0.413579	1.00631
99.3648	0.413591	1.00627
99.2655	0.413578	1.00628
99.1619	0.413567	1.00624
99.0562	0.413554	1.00622
98.9531	0.413536	1.00619
98.8501	0.413549	1.00615
98.7442	0.413536	1.00618
98.6424	0.413526	1.00615
98.5389	0.413519	1.00612
98.4365	0.413521	1.00609
98.3352	0.413509	1.00605
98.2325	0.413484	1.00608
98.1308	0.41348	1.00605
98.0272	0.413484	1.00602
97.9216	0.413459	1.00601
97.8184	0.413456	1.00601
97.7164	0.413463	1.00598
97.6138	0.413438	1.00592
97.5114	0.413436	1.00591
97.4096	0.41342	1.00592
97.3051	0.413411	1.00586
97.1998	0.413406	1.00585
97.0939	0.413411	1.00587
96.9897	0.413391	1.00581
96.8857	0.413387	1.0058
96.7825	0.41338	1.00577
96.6809	0.413355	1.00574
96.5771	0.413373	1.00573
96.4731	0.413368	1.00574
96.3713	0.413337	1.0057
96.268	0.413339	1.00569
96.1659	0.413292	1.00567
96.0603	0.413289	1.00561
95.9604	0.41329	1.00565
95.854	0.413281	1.00564
95.7515	0.413258	1.00556
95.6463	0.413259	1.00557
95.5427	0.413256	1.00546
95.441	0.413241	1.00545
95.3388	0.413238	1.00545
95.2361	0.413217	1.00543
95.1322	0.413216	1.00537
95.0304	0.413215	1.00537
94.9258	0.413214	1.00537
94.825	0.4132	1.00533
94.7186	0.413186	1.00532
94.6136	0.413187	1.00527
94.5097	0.413181	1.00527
94.4063	0.413169	1.00527
94.3025	0.413151	1.00526
94.1996	0.413141	1.00523
94.0948	0.413144	1.0052
93.9924	0.413147	1.0052
93.888	0.413136	1.00519
93.7848	0.413137	1.00515
93.6814	0.41312	1.00511
93.5762	0.413117	1.00509
93.4737	0.413096	1.00509
93.3708	0.413098	1.0051
93.267	0.413081	1.00508
93.1646	0.413077	1.00508
93.0623	0.413075	1.00504
92.9574	0.41306	1.00503
92.8538	0.413045	1.00498
92.751	0.413058	1.00498
92.6465	0.413039	1.00494
92.5426	0.413052	1.00493
92.4374	0.413022	1.00493
92.335	0.41302	1.00489
92.2332	0.413025	1.00485
92.1292	0.412997	1.00488
92.0283	0.413005	1.00484
91.9245	0.41298	1.00487
91.8216	0.412991	1.0048
91.718	0.412971	1.00479
91.6162	0.412968	1.0048
91.5123	0.412929	1.00474
91.4086	0.41291	1.00476
91.3033	0.412901	1.00469
91.1996	0.412903	1.00472
91.0952	0.412883	1.00467
90.99	0.412876	1.00467
90.8867	0.41287	1.00457
90.7827	0.412872	1.00452
90.6825	0.412861	1.0045
90.5796	0.412869	1.00451
90.475	0.412837	1.00446
90.3702	0.412829	1.00444
90.2673	0.41284	1.00443
90.1631	0.412839	1.00443
90.0614	0.412818	1.00441
89.9578	0.412807	1.00443
89.8552	0.412795	1.00435
89.7512	0.412791	1.00433
89.648	0.412807	1.00435
89.5427	0.412787	1.00435
89.4381	0.412772	1.0043
89.3352	0.412737	1.00428
89.2318	0.412742	1.00425
89.1271	0.412726	1.00423
89.0237	0.412717	1.00427
88.918	0.412713	1.00423
88.815	0.412701	1.00419
88.7108	0.412692	1.0041
88.6073	0.412689	1.00412
88.5028	0.412677	1.00408
88.3989	0.412672	1.00405
88.2969	0.412657	1.00405
88.1924	0.412646	1.00402
88.0909	0.412654	1.00399
87.9865	0.412634	1.00399
87.8846	0.412618	1.00396
87.7812	0.412633	1.00395
87.676	0.412604	1.00391
87.5737	0.412615	1.00388
87.4706	0.412602	1.0039
87.3659	0.412596	1.00385
87.2622	0.412593	1.00381
87.159	0.412586	1.00385
87.0556	0.412593	1.00378
86.9531	0.412576	1.00381
86.8496	0.412575	1.00378
86.7446	0.412564	1.00376
86.644	0.412553	1.00375
86.5402	0.412546	1.00374
86.436	0.412535	1.00375
86.3317	0.412528	1.00371
86.2287	0.412518	1.00371
86.1252	0.412503	1.00368
86.0217	0.412495	1.00366
85.9188	0.412494	1.00364
85.8149	0.41248	1.00361
85.7087	0.412446	1.0036
85.6069	0.412449	1.00357
85.5031	0.412439	1.00353
85.3997	0.412419	1.00352
85.2957	0.412424	1.00351
85.191	0.412413	1.00348
85.0881	0.412408	1.0034
84.9839	0.412422	1.0034
84.8786	0.412399	1.00338
84.7746	0.412392	1.00333
84.6703	0.41238	1.00334
84.5678	0.412382	1.00332
84.4639	0.412357	1.0033
84.3607	0.412367	1.00334
84.2572	0.41235	1.00328
84.154	0.412357	1.00327
84.0503	0.412333	1.00324
83.9481	0.412332	1.00324
83.8449	0.41233	1.00318
83.742	0.412322	1.0032
83.6389	0.412323	1.00316
83.5353	0.412305	1.00318
83.4314	0.412298	1.00312
83.3281	0.412307	1.00312
83.2245	0.412294	1.00311
83.1189	0.412294	1.00309
83.0155	0.412282	1.0031
82.912	0.41228	1.00305
82.8081	0.412273	1.00304
82.7061	0.412251	1.00306
82.6022	0.412253	1.00303
82.498	0.412241	1.00303
82.3949	0.41225	1.003
82.2909	0.412226	1.00299
82.1895	0.412221	1.00297
82.0838	0.41224	1.00292
81.9814	0.412211	1.00293
81.8783	0.412218	1.0029
81.7726	0.412185	1.00292
81.6693	0.41219	1.00286
81.5673	0.412185	1.00285
81.4634	0.412179	1.0029
81.3611	0.412159	1.00282
81.2604	0.412164	1.00284
81.1556	0.412158	1.00276
81.0532	0.412149	1.00277
80.951	0.412132	1.00276
80.8478	0.412143	1.00275
80.7446	0.412144	1.0027
80.6399	0.412107	1.00271
80.5367	0.412125	1.0027
80.4319	0.4121	1.00267
80.3268	0.412081	1.00263
80.2234	0.412069	1.00266
80.1195	0.412079	1.00266
80.0173	0.412069	1.00257
79.9127	0.412067	1.00261
79.807	0.412044	1.00255
79.7031	0.412053	1.00251
79.5994	0.412049	1.00248
79.4945	0.412035	1.0025
79.3897	0.412036	1.00248
79.2857	0.412032	1.00247
79.1804	0.412025	1.00242
79.0762	0.412011	1.00244
78.9711	0.412011	1.00243
78.8671	0.412009	1.0024
78.7626	0.41199	1.0024
78.6582	0.411994	1.00239
78.5545	0.411975	1.00237
78.4513	0.41197	1.00234
78.3466	0.411969	1.00234
78.242	0.411957	1.00233
78.1367	0.411952	1.00229
78.0327	0.411941	1.0023
77.928	0.411943	1.00225
77.8225	0.411937	1.00224
77.7189	0.411919	1.00224
77.6152	0.411912	1.00221
77.5099	0.411898	1.00219
77.4038	0.411896	1.00217
77.299	0.411896	1.00217
77.1923	0.411895	1.00216
77.0888	0.411888	1.00211
76.9851	0.411874	1.0021
76.8791	0.411873	1.00206
76.775	0.411864	1.00206
76.6702	0.411864	1.00206
76.5652	0.411851	1.00206
76.4603	0.411861	1.00204
76.355	0.411845	1.00201
76.2498	0.411832	1.002
76.1454	0.411846	1.00198
76.041	0.411828	1.00198
75.9364	0.411822	1.00195
75.832	0.411819	1.00197
75.7276	0.411805	1.00194
75.6225	0.411809	1.0019
75.5179	0.411808	1.00194
75.412	0.411798	1.00189
75.3059	0.411786	1.00188
75.2028	0.411795	1.00187
75.0961	0.411788	1.00184
74.99	0.411794	1.00185
74.885	0.411769	1.00184
74.7801	0.411773	1.00182
74.6749	0.411779	1.00179
74.5713	0.411762	1.00181
74.4667	0.411772	1.00179
74.3612	0.411745	1.00181
74.2562	0.411724	1.00175
74.1521	0.411716	1.00176
74.0472	0.411716	1.00177
73.9411	0.411698	1.00173
73.8358	0.411704	1.00176
73.7297	0.411707	1.00169
73.6252	0.411715	1.00164
73.52	0.411697	1.00162
73.4159	0.411685	1.00162
73.3115	0.411675	1.00158
73.2054	0.411676	1.00159
73.1015	0.411656	1.0016
72.9947	0.411668	1.00162
72.8905	0.411651	1.00157
72.784	0.411646	1.00154
72.6799	0.411632	1.00152
72.5727	0.411634	1.00152
72.4673	0.411637	1.00147
72.3632	0.411625	1.0015
72.257	0.411629	1.00146
72.1512	0.411617	1.00145
72.0464	0.411615	1.00142
71.9412	0.411599	1.00142
71.8347	0.411599	1.00143
71.7295	0.411588	1.0014
71.6251	0.411592	1.00141
71.5207	0.411594	1.00138
71.4154	0.41157	1.00138
71.3109	0.41159	1.00134
71.2054	0.411584	1.00134
71.0992	0.411584	1.00131
70.9934	0.411576	1.00132
70.8862	0.411573	1.00132
70.7813	0.411556	1.00126
70.6766	0.411549	1.00131
70.5708	0.411556	1.0013
70.4648	0.411565	1.0013
70.3597	0.411551	1.00128
70.2542	0.41153	1.00127
70.1481	0.411539	1.00123
70.0428	0.411513	1.00121
69.9381	0.411541	1.00123
69.8314	0.411528	1.00125
69.7267	0.411503	1.00122
69.6183	0.41152	1.00117
69.5131	0.411513	1.00119
69.4082	0.4115	1.00113
69.3002	0.411505	1.00119
69.194	0.411503	1.00116
69.09	0.411493	1.0011
68.9832	0.411484	1.00114
68.8785	0.411484	1.00113
68.7716	0.411474	1.0011
68.6661	0.411452	1.00111
68.561	0.411457	1.0011
68.4553	0.411459	1.00108
68.3479	0.411455	1.00106
68.2429	0.411458	1.00106
68.1363	0.411458	1.00103
68.0299	0.411453	1.00098
67.9251	0.411438	1.00099
67.8187	0.411428	1.00099
67.7117	0.411431	1.00099
67.6059	0.411433	1.00099
67.5007	0.411427	1.00099
67.3949	0.411424	1.00098
67.2891	0.41141	1.00094
67.1821	0.411417	1.00092
67.0756	0.411406	1.00093
66.9697	0.411398	1.00093
66.8645	0.411391	1.00092
66.7571	0.411401	1.00091
66.6497	0.411381	1.00087
66.5431	0.411386	1.00089
66.4366	0.411376	1.00087
66.3298	0.411376	1.00085
66.2234	0.411361	1.00083
66.1161	0.41138	1.00085
66.0097	0.41136	1.00081
65.9035	0.411354	1.00082
65.7991	0.411363	1.00079
65.6922	0.411362	1.00079
65.5857	0.411342	1.00076
65.4806	0.41134	1.0008
65.373	0.411341	1.00075
65.2679	0.411329	1.00074
65.1619	0.411333	1.00076
65.0565	0.411325	1.00076
64.9511	0.411299	1.00071
64.8447	0.411315	1.00071
64.7381	0.411314	1.00071
64.6308	0.411301	1.00068
64.5266	0.411301	1.00069
64.418	0.411309	1.00067
64.3117	0.411303	1.00061
64.2049	0.411292	1.00065
64.0996	0.411301	1.00064
63.9911	0.411277	1.00061
63.8871	0.411287	1.00061
63.7809	0.411284	1.00063
63.6744	0.411275	1.00062
63.5682	0.411259	1.00059
63.4618	0.411266	1.00061
63.355	0.411262	1.00055
63.2497	0.411259	1.00058
63.1428	0.411248	1.00057
63.0374	0.411245	1.00055
62.9305	0.411236	1.00051
62.824	0.411238	1.00053
62.7182	0.411235	1.00052
62.6105	0.411228	1.00051
62.505	0.411219	1.00048
62.3987	0.411229	1.00048
62.2929	0.411231	1.00045
62.188	0.411223	1.00046
62.0795	0.411219	1.00045
61.9746	0.411206	1.00043
61.87	0.411214	1.00041
61.7642	0.411209	1.00044
61.6574	0.411195	1.00044
61.5517	0.411215	1.00042
61.446	0.411193	1.00041
61.3395	0.411179	1.00038
61.2333	0.411197	1.0004
61.1262	0.41119	1.00039
61.0202	0.411167	1.00035
60.9154	0.411185	1.0004
60.8095	0.41117	1.00035
60.7029	0.411177	1.00031
60.5969	0.411172	1.00036
60.4891	0.411159	1.00034
60.3841	0.411148	1.00028
60.2771	0.411146	1.00033
60.1708	0.411146	1.00029
60.0656	0.411138	1.00031
59.9577	0.411142	1.0003
59.8516	0.411132	1.00027
59.7456	0.411139	1.00024
59.6405	0.411128	1.00023
59.5346	0.411123	1.00023
59.429	0.41111	1.00021
59.3229	0.411106	1.00022
59.2163	0.411106	1.0002
59.1103	0.4111	1.00022
59.0029	0.411098	1.00019
58.8971	0.4111	1.00018
58.7912	0.411096	1.00015
58.684	0.411099	1.00014
58.5774	0.411094	1.00014
58.4708	0.41107	1.00012
58.3648	0.411079	1.00012
58.2586	0.411064	1.00012
58.1534	0.411059	1.00011
58.0472	0.411067	1.00012
57.9406	0.411049	1.00011
57.8349	0.411053	1.00005
57.7298	0.41105	1.00007
57.624	0.411051	1.00003
57.5181	0.41104	1.00002
57.4141	0.411049	1.00004
57.3087	0.411034	0.999998
57.2022	0.411045	1.00001
57.0978	0.411022	0.999999
56.9902	0.411025	1
56.8853	0.411026	0.999976
56.78	0.411018	0.999998
56.6734	0.411018	0.999961
56.5667	0.411004	0.999988
56.4629	0.411017	0.999931
56.3565	0.410996	0.99994
56.2501	0.411001	0.999941
56.1441	0.411005	0.999921
56.0383	0.410983	0.999922
55.9331	0.410982	0.999888
55.8286	0.410972	0.999919
55.7227	0.410979	0.999868
55.6176	0.41099	0.999881
55.5117	0.410962	0.999892
55.4054	0.410954	0.999837
55.2995	0.410946	0.999835
55.1937	0.410955	0.999811
55.0896	0.410969	0.999828
54.9836	0.410953	0.999855
54.8775	0.410944	0.999786
54.7728	0.410945	0.999766
54.6664	0.410948	0.999747
54.5603	0.410947	0.999768
54.455	0.410946	0.999802
54.3482	0.410918	0.999765
54.2427	0.410921	0.999743
54.1369	0.410918	0.999744
54.0299	0.410921	0.999753
53.9249	0.410916	0.999748
53.8182	0.410913	0.999746
53.7131	0.410903	0.99968
53.6061	0.410911	0.999686
53.501	0.410901	0.999679
53.395	0.410904	0.999686
53.2883	0.410883	0.999674
53.1818	0.410876	0.999666
53.0761	0.410888	0.999642
52.9704	0.410892	0.999663
52.8646	0.410877	0.999638
52.758	0.410873	0.999645
52.6525	0.410865	0.999593
52.5448	0.410866	0.999577
52.4388	0.410869	0.999606
52.3332	0.410862	0.999616
52.2278	0.410848	0.999579
52.1226	0.410848	0.999569
52.0165	0.410849	0.999549
51.9104	0.410832	0.999553
51.8043	0.410849	0.999561
51.6995	0.410825	0.999544
51.5936	0.410846	0.99951
51.4873	0.410838	0.999508
51.381	0.410809	0.999512
51.2758	0.410818	0.999469
51.1707	0.41083	0.999512
51.0652	0.410819	0.999452
50.9586	0.410816	0.999503
50.8523	0.410814	0.999484
50.7462	0.410804	0.999414
50.64	0.41081	0.999436
50.533	0.410809	0.999466
50.4278	0.410781	0.999437
50.3211	0.410793	0.999431
50.2154	0.41079	0.999425
50.1078	0.410782	0.999401
50.0008	0.41078	0.999417
49.895	0.410773	0.999414
49.7885	0.410762	0.999346
49.6814	0.41077	0.999375
49.5752	0.410756	0.999368
49.4693	0.410762	0.999349
49.3622	0.410761	0.999342
49.2565	0.410746	0.999326
49.1495	0.410738	0.999299
49.0425	0.410745	0.999319
48.9357	0.410749	0.999286
48.8293	0.410756	0.9993
48.7227	0.410738	0.999297
48.6153	0.410729	0.99926
48.5094	0.410726	0.99924
48.4031	0.410716	0.999259
48.2964	0.410731	0.999269
48.19	0.410713	0.999285
48.0826	0.410727	0.999242
47.9766	0.410709	0.999219
47.87	0.410715	0.999212
47.7636	0.410703	0.999186
47.6564	0.410715	0.999224
47.5499	0.410694	0.999181
47.443	0.410694	0.999215
47.336	0.410702	0.99917
47.2293	0.410697	0.999184
47.1238	0.410697	0.999155
47.0158	0.410684	0.999185
46.9088	0.410662	0.999135
46.8009	0.410663	0.999133
46.6933	0.410674	0.999153
46.5862	0.410675	0.999142
46.4797	0.410672	0.999142
46.3734	0.410678	0.999109
46.267	0.410666	0.999055
46.1606	0.410657	0.999058
46.053	0.410657	0.999084
45.9454	0.410674	0.999087
45.8391	0.410652	0.999081
45.732	0.410641	0.999094
45.623	0.410649	0.999066
45.5172	0.410643	0.999044
45.4098	0.410634	0.999044
45.3013	0.410641	0.999086
45.1944	0.410633	0.999032
45.0868	0.410621	0.999005
44.9804	0.410626	0.999025
44.8725	0.410631	0.999011
44.7653	0.410613	0.998988
44.6591	0.410604	0.999006
44.5515	0.410598	0.998985
44.4441	0.410614	0.998957
44.3366	0.410607	0.998969
44.2291	0.410593	0.998981
44.1223	0.410593	0.998936
44.0151	0.410602	0.998916
43.9083	0.410587	0.998899
43.8015	0.410588	0.998939
43.6927	0.410579	0.998923
43.5862	0.410589	0.998887
43.4779	0.410576	0.998889
43.3702	0.410581	0.998911
43.2627	0.410573	0.998875
43.154	0.410588	0.998876
43.0461	0.410561	0.998855
42.9378	0.410572	0.998878
42.8295	0.410553	0.998848
42.7225	0.410548	0.99886
42.6144	0.410552	0.99884
42.5065	0.410562	0.998877
42.398	0.410555	0.998812
42.2899	0.410546	0.998838
42.1811	0.410559	0.998792
42.0729	0.410534	0.998779
41.965	0.410547	0.998787
41.8573	0.410543	0.998813
41.7497	0.410543	0.998796
41.6412	0.410542	0.998774
41.5329	0.410536	0.998805
41.4253	0.410513	0.998746
41.3181	0.410526	0.998776
41.2094	0.410519	0.998768
41.1012	0.41052	0.998768
40.9928	0.410521	0.998765
40.8845	0.410514	0.998749
40.7771	0.410529	0.998693
40.6669	0.410512	0.998725
40.5583	0.410509	0.998708
40.4505	0.410508	0.99871
40.3421	0.410507	0.998712
40.2338	0.410504	0.998697
40.1249	0.410501	0.998734
40.0151	0.410488	0.998691
39.9057	0.410498	0.998685
39.7968	0.41049	0.998682
39.6874	0.410496	0.998679
39.5792	0.410479	0.998672
39.4701	0.410483	0.998664
39.3605	0.410466	0.998633
39.2522	0.410487	0.998656
39.1427	0.410474	0.998638
39.0335	0.410479	0.998652
38.9248	0.410478	0.998611
38.8162	0.410452	0.998621
38.7069	0.410463	0.998578
38.5979	0.410461	0.998631
38.4888	0.410466	0.998599
38.3799	0.410465	0.998612
38.2706	0.410459	0.998609
38.1606	0.410462	0.998545
38.0498	0.410461	0.998573
37.941	0.410453	0.998567
37.8308	0.410444	0.99858
37.7223	0.41044	0.998577
37.6136	0.410442	0.998563
37.5033	0.410438	0.99857
37.393	0.410431	0.998568
37.2831	0.410439	0.998548
37.1731	0.410441	0.998527
37.0633	0.410431	0.998516
36.9538	0.410441	0.998522
36.8447	0.410427	0.998512
36.7339	0.410425	0.998494
36.6241	0.410417	0.998514
36.5138	0.410429	0.998519
36.4029	0.410426	0.998493
36.2927	0.410415	0.998519
36.1822	0.410433	0.998484
36.0727	0.410415	0.99848
35.962	0.410405	0.99846
35.8528	0.410408	0.99849
35.7428	0.410402	0.998482
35.6337	0.410399	0.998455
35.5231	0.410402	0.998499
35.4119	0.410414	0.998456
35.3019	0.410396	0.998431
35.1904	0.410396	0.998439
35.0807	0.410383	0.998424
34.9708	0.410392	0.998416
34.8603	0.4104	0.998423
34.7499	0.410399	0.998454
34.6381	0.410391	0.998409
34.5281	0.410393	0.99841
34.4183	0.410397	0.998377
34.3093	0.410395	0.998399
34.1994	0.410363	0.998418
34.0885	0.410396	0.998416
33.9782	0.41038	0.998398
33.8691	0.410363	0.998402
33.7588	0.410382	0.998411
33.6483	0.410359	0.998406
33.538	0.410367	0.99833
33.4284	0.410377	0.998408
33.3177	0.410356	0.99837
33.2061	0.410367	0.99833
33.0954	0.410357	0.998375
32.9847	0.410378	0.99832
32.8746	0.410368	0.99834
32.764	0.410359	0.998364
32.6538	0.410351	0.998312
32.5436	0.410361	0.998339
32.4348	0.410367	0.998315
32.3252	0.410346	0.998366
32.2143	0.410341	0.998342
32.1048	0.410346	0.998318
31.9943	0.410349	0.9983
31.8834	0.410364	0.998325
31.771	0.410357	0.998339
31.6609	0.410335	0.998288
31.5505	0.410345	0.998276
31.4406	0.410355	0.998286
31.3315	0.41034	0.998294
31.2205	0.410342	0.998331
31.1104	0.410332	0.998314
31.0004	0.41033	0.998262
30.889	0.410339	0.998285
30.7779	0.41034	0.998309
30.6668	0.410333	0.998272
30.5569	0.410317	0.998279
30.4455	0.410337	0.998254
30.3357	0.410309	0.998248
30.2254	0.410319	0.998271
30.1157	0.410334	0.998274
30.0041	0.410319	0.998256
29.8955	0.410318	0.998217
29.7854	0.410316	0.998267
29.6754	0.410331	0.998198
29.565	0.410315	0.998221
29.4548	0.410322	0.998257
29.3446	0.410321	0.998223
29.2343	0.410316	0.998219
29.1244	0.410309	0.998215
29.0134	0.41031	0.998252
28.9032	0.410307	0.998212
28.7925	0.410313	0.99823
28.6813	0.410306	0.998226
28.5703	0.410313	0.998214
28.461	0.410297	0.998197
28.3508	0.410307	0.9982
28.2411	0.410312	0.998193
28.13	0.410302	0.998207
28.0191	0.410312	0.99819
27.9091	0.410307	0.998208
27.7981	0.410316	0.998169
27.6861	0.410291	0.998192
27.576	0.410304	0.998206
27.4639	0.410325	0.998179
27.3525	0.410303	0.998205
27.2415	0.410306	0.998194
27.1283	0.41033	0.998214
27.0177	0.410313	0.998153
26.9051	0.410306	0.998185
26.7935	0.410303	0.998236
26.6802	0.410304	0.998183
26.5685	0.410297	0.99819
26.4578	0.410291	0.998249
26.345	0.410288	0.998206
26.2331	0.4103	0.99819
26.1197	0.410293	0.998182
26.0079	0.410312	0.998184
25.895	0.410298	0.998169
25.7814	0.4103	0.998154
25.6706	0.410294	0.998146
25.5591	0.410284	0.998176
25.4458	0.410284	0.998158
25.3328	0.410296	0.998206
25.2202	0.410289	0.998171
25.1075	0.410297	0.998176
24.9951	0.410303	0.998161
24.8846	0.410292	0.998137
24.7723	0.410301	0.998137
24.6599	0.4103	0.998166
24.5469	0.410308	0.998149
24.4344	0.410301	0.998168
24.3242	0.410305	0.998182
24.2136	0.410297	0.998157
24.1032	0.410287	0.998178
23.9918	0.410312	0.998175
23.8807	0.410289	0.998195
23.7685	0.410305	0.998179
23.6572	0.4103	0.998187
23.5454	0.410296	0.998168
23.4344	0.410296	0.998143
23.3212	0.410289	0.998205
23.2092	0.410298	0.998148
23.0964	0.410297	0.998187
22.9852	0.410312	0.998176
22.8731	0.410299	0.998165
22.7606	0.410295	0.998166
22.648	0.410307	0.99815
22.5356	0.410292	0.99817
22.4237	0.410293	0.998167
22.3099	0.410312	0.998204
22.1968	0.410297	0.998172
22.0833	0.410311	0.998162
21.9693	0.410303	0.998193
21.8578	0.410288	0.998155
21.7458	0.410309	0.99816
21.6315	0.410314	0.998204
21.5187	0.410314	0.998168
21.4059	0.410317	0.998203
21.293	0.410305	0.998184
21.1812	0.410308	0.998147
21.0675	0.410311	0.998198
20.955	0.410304	0.99821
20.8421	0.410295	0.99821
20.7292	0.410314	0.998218
20.6163	0.410312	0.998187
20.5037	0.410307	0.998194
20.3917	0.410336	0.998202
20.2773	0.410321	0.998185
20.1635	0.410312	0.998163
20.0495	0.410331	0.998209
19.9354	0.410316	0.998205
19.8211	0.41033	0.998193
19.7079	0.410322	0.998262
19.5933	0.410331	0.998228
19.4794	0.410312	0.998205
19.3643	0.410316	0.998252
19.2483	0.410328	0.998215
19.133	0.410325	0.998248
19.0175	0.410321	0.998229
18.9032	0.41032	0.998251
18.7885	0.410339	0.998204
18.6739	0.410329	0.998215
18.557	0.410334	0.998243
18.4418	0.410338	0.998235
18.3262	0.410326	0.998227
18.2109	0.410332	0.998225
18.0932	0.410347	0.998269
17.9757	0.41035	0.998247
17.8595	0.410341	0.998259
17.7414	0.41035	0.998269
17.624	0.410355	0.99824
17.5073	0.41035	0.998253
17.3889	0.41036	0.998291
17.2711	0.410351	0.998298
17.1523	0.410359	0.998276
17.0348	0.410377	0.998297
16.9161	0.410354	0.998308
16.7974	0.410377	0.998298
16.6774	0.410368	0.998322
16.5572	0.410367	0.998299
16.4376	0.410378	0.99832
16.3173	0.410391	0.998363
16.1963	0.410385	0.998306
16.0751	0.410385	0.998363
15.9536	0.410396	0.998342
15.8325	0.410388	0.99834
15.7101	0.4104	0.998366
15.5864	0.410402	0.998398
15.4641	0.410406	0.998383
15.3449	0.410395	0.998382
15.2223	0.410419	0.998409
15.0996	0.410422	0.99839
14.9809	0.410425	0.998418
14.8648	0.410427	0.998425
14.7469	0.410425	0.998434
14.6288	0.410424	0.998406
14.5133	0.410427	0.998465
14.3961	0.410426	0.998472
14.2797	0.410446	0.99848
14.1626	0.410438	0.998483
14.046	0.410451	0.99848
13.9274	0.410452	0.998478
13.8102	0.410451	0.998484
13.6927	0.410461	0.998483
13.5716	0.41047	0.998531
13.4547	0.410463	0.998512
13.3358	0.41048	0.998543
13.216	0.410463	0.998546
13.0968	0.410488	0.998543
12.9746	0.410494	0.998566
12.8536	0.410501	0.99859
12.732	0.410484	0.998572
12.6128	0.410497	0.998612
12.493	0.410504	0.998571
12.3732	0.410515	0.998632
12.2511	0.410527	0.998648
12.129	0.410524	0.998666
12.0063	0.410523	0.998624
11.8861	0.410537	0.998654
11.7632	0.410536	0.998671
11.6388	0.410528	0.998699
11.5173	0.410549	0.998728
11.3951	0.410563	0.998722
11.2707	0.410566	0.998718
11.1433	0.410562	0.998752
11.0174	0.41057	0.998749
10.8916	0.410587	0.998731
10.7659	0.4106	0.998781
10.6408	0.410623	0.998815
10.516	0.410601	0.998823
10.3919	0.41061	0.998813
10.2665	0.410612	0.998832
10.1393	0.410638	0.998874
10.0151	0.410639	0.998905
9.90258	0.410648	0.998962
9.79097	0.410653	0.998908
9.68262	0.410664	0.99893
9.5832	0.410668	0.998935
9.49042	0.410671	0.998998
9.40611	0.410679	0.998999
9.32684	0.410687	0.999023
9.25131	0.410685	0.999033
9.17853	0.410688	0.99906
9.10812	0.410696	0.999072
9.03855	0.410692	0.999078
8.96814	0.4107	0.999097
8.89663	0.410705	0.999118
8.82541	0.410698	0.999111
8.75866	0.410715	0.99912
8.69582	0.410718	0.999139
8.63526	0.410715	0.999129
8.57559	0.410743	0.999148
8.51511	0.41074	0.99916
8.45574	0.410734	0.999144
8.39534	0.410737	0.999185
8.3383	0.410738	0.999193
8.28021	0.410754	0.999186
8.22224	0.410759	0.999253
8.16358	0.410766	0.999247
8.10431	0.410761	0.999232
8.04462	0.410771	0.999239
7.98473	0.410776	0.999242
7.92692	0.410784	0.999279
7.86845	0.410784	0.999293
7.80931	0.410791	0.999309
7.75	0.410798	0.999296
7.68885	0.410804	0.999321
7.63465	0.410793	0.999332
7.5849	0.410802	0.999352
7.54049	0.410801	0.999353
7.49634	0.410803	0.999369
7.4532	0.410816	0.999386
7.40962	0.410822	0.999402
7.36563	0.410815	0.999374
7.32245	0.410818	0.999397
7.27869	0.410817	0.999394
7.23473	0.410832	0.9994
7.19092	0.410835	0.999432
7.14957	0.410832	0.999447
7.10825	0.410833	0.999429
7.06667	0.410839	0.999435
7.02479	0.410857	0.999434
6.98294	0.410853	0.99947
6.9405	0.410869	0.999478
6.89841	0.41086	0.999469
6.85538	0.41086	0.999473
6.81541	0.410877	0.999487
6.77489	0.410882	0.99953
6.7339	0.410878	0.999522
6.69309	0.410883	0.99956
6.65219	0.410875	0.999539
6.61059	0.410912	0.999538
6.56952	0.41089	0.99958
6.52771	0.410888	0.999591
6.48696	0.4109	0.999582
6.44709	0.410895	0.999593
6.4079	0.410916	0.999574
6.36822	0.4109	0.999664
6.32887	0.4109	0.999611
6.28891	0.410931	0.999606
6.24873	0.410925	0.999634
6.20866	0.410922	0.999622
6.16843	0.410934	0.999674
6.12902	0.41094	0.999636
6.09121	0.410921	0.999636
6.05327	0.410949	0.99971
6.01473	0.410941	0.999696
5.97703	0.410953	0.999688
5.93853	0.410968	0.999718
5.89989	0.410953	0.999732
5.86113	0.410966	0.999687
5.82252	0.410958	0.999754
5.78634	0.410965	0.999734
5.74978	0.410969	0.999763
5.71367	0.41099	0.9998
5.67739	0.41099	0.999765
5.64092	0.410994	0.999795
5.60457	0.410994	0.999776
5.56804	0.410987	0.999793
5.53116	0.411008	0.999804
5.49487	0.411005	0.999853
5.4611	0.410996	0.999855
5.42661	0.410998	0.999865
5.39218	0.41101	0.999865
5.3586	0.411002	0.999846
5.32388	0.411016	0.999898
5.28979	0.411017	0.999891
5.25573	0.411033	0.999868
5.22149	0.411024	0.999873
5.18751	0.411013	0.999904
5.15531	0.411025	0.999883
5.124	0.411028	0.999918
5.09284	0.411034	0.999919
5.06114	0.411046	0.999959
5.02963	0.411045	0.999938
4.9982	0.411044	0.99991
4.96689	0.411043	0.999938
4.93579	0.411047	0.999947
4.90472	0.411064	0.99996
4.87388	0.41105	0.99999
4.84539	0.41105	0.999988
4.81697	0.411052	0.999986
4.7893	0.41105	0.999983
4.76146	0.411058	0.999993
4.73351	0.411048	1.00003
4.7064	0.411059	1
4.67882	0.411043	0.999999
4.65156	0.411052	1.00001
4.62465	0.411044	1
4.59751	0.411057	1.00002
4.57213	0.411052	0.999995
4.54627	0.411045	1.00002
4.51975	0.411064	0.999982
4.49408	0.411062	1
4.46771	0.41106	0.999985
4.44205	0.411069	1.00002
4.41625	0.411058	1.00001
4.39107	0.411058	0.999988
4.3651	0.411062	1.00003
4.33929	0.411054	1.00003
4.31428	0.411061	1.00002
4.28927	0.411057	1.00005
4.26417	0.411056	1.00002
4.23885	0.411067	1.00002
4.21396	0.411074	1.00003
4.18921	0.41104	1.00001
4.1643	0.411062	1.00003
4.13387	0.411068	1.00002
4.08521	0.411056	1.00001
4.02797	0.411075	1.00004
3.97128	0.411056	1.00006
3.9131	0.411054	0.999976
3.8533	0.411059	1.00003
3.7963	0.411061	1.00004
3.73888	0.411055	1.00001
3.68243	0.411056	1.00006
3.62633	0.411046	1.00002
3.58961	0.411055	1.00001
3.56447	0.411061	1.00002
3.53621	0.411045	1.00003
3.507	0.41105	1.00001
3.47735	0.411043	1.00001
3.44956	0.411052	0.999991
3.4221	0.411064	1.00001
3.39455	0.411048	1.00003
3.36775	0.411047	0.999987
3.3407	0.411044	1
3.31412	0.411034	0.999983
3.2891	0.411035	1
3.26301	0.411038	1.00003
3.23748	0.411043	0.999995
3.21161	0.411044	0.999994
3.18648	0.411032	0.999986
3.16107	0.411033	0.999961
3.13648	0.411034	0.999964
3.11219	0.411029	0.999971
3.08678	0.411028	0.999984
3.06229	0.411031	0.999985
3.03776	0.411018	0.999956
3.01302	0.411026	0.999959
2.98844	0.411039	0.999961
2.9649	0.411018	0.99995
2.94118	0.411022	0.999946
2.91289	0.411026	0.999955
2.88262	0.411022	0.999922
2.84972	0.411015	0.999941
2.80502	0.411005	0.999973
2.7537	0.411017	0.999923
2.69863	0.411003	0.999933
2.64496	0.411006	0.999942
2.59503	0.411003	0.999933
2.54552	0.410999	0.999914
2.49776	0.410996	0.999892
2.45208	0.410989	0.999919
2.40751	0.410989	0.999886
2.36416	0.410977	0.999892
2.32378	0.410976	0.999885
2.2852	0.410964	0.999876
2.24596	0.410953	0.999869
2.2086	0.410963	0.999851
2.17434	0.410956	0.999851
2.14093	0.410948	0.999823
2.10792	0.410946	0.99982
2.07771	0.410925	0.999791
2.04902	0.410936	0.999764
2.02123	0.410931	0.999788
1.99386	0.41092	0.999771
1.96743	0.410915	0.999752
1.94302	0.410921	0.999747
1.91734	0.410912	0.999695
1.89245	0.410901	0.999722
1.86795	0.410896	0.999711
1.84425	0.41091	0.999685
1.82083	0.410907	0.999671
1.79665	0.410896	0.999686
1.77267	0.410884	0.999663
1.74903	0.410883	0.999637
1.72612	0.41087	0.999625
1.70313	0.410884	0.999658
1.68037	0.410867	0.999652
1.6581	0.410867	0.999626
1.63614	0.410871	0.999595
1.61448	0.410872	0.999594
1.59273	0.41086	0.999562
1.57137	0.410869	0.999595
1.54969	0.410867	0.999554
