# 'Tdn_K_123.5G'	'Rdn_Ohm_123.5G'	'Rdn/R5k_Ohm_123.5G'
292.026	0.445468	1.09435
291.996	0.445473	1.09436
291.967	0.445471	1.09436
291.938	0.445472	1.09423
291.903	0.445471	1.09413
291.876	0.445475	1.08795
291.844	0.445467	1.087
291.814	0.445468	1.08628
291.784	0.445465	1.0864
291.757	0.445465	1.08618
291.729	0.44548	1.08643
291.697	0.445465	1.0864
291.673	0.445462	1.08633
291.642	0.445457	1.08639
291.613	0.445449	1.08645
291.587	0.445447	1.08647
291.556	0.44544	1.0865
291.53	0.445439	1.08654
291.501	0.44544	1.08658
291.474	0.445422	1.08654
291.448	0.445415	1.08658
291.418	0.445416	1.08665
291.388	0.445405	1.08662
291.365	0.445402	1.08665
291.255	0.445374	1.08668
291.149	0.445339	1.08667
291.043	0.445324	1.0867
290.935	0.445282	1.0867
290.83	0.44528	1.08669
290.736	0.445226	1.08672
290.629	0.445194	1.08673
290.524	0.445157	1.08673
290.416	0.445113	1.08672
290.308	0.445074	1.08673
290.205	0.445031	1.08673
290.096	0.444991	1.08673
289.988	0.444943	1.08673
289.878	0.444895	1.08674
289.767	0.44486	1.08672
289.662	0.444802	1.08672
289.554	0.444772	1.08671
289.443	0.444732	1.08671
289.335	0.444676	1.08675
289.23	0.444619	1.08671
289.124	0.444583	1.0867
289.018	0.444532	1.08669
288.911	0.444493	1.08667
288.8	0.444452	1.08667
288.695	0.444385	1.08665
288.589	0.444335	1.08665
288.476	0.444287	1.08665
288.365	0.444236	1.08661
288.263	0.444194	1.08659
288.156	0.444149	1.08659
288.055	0.444095	1.08657
287.95	0.444058	1.08656
287.838	0.443996	1.08649
287.736	0.443934	1.0864
287.627	0.443907	1.08637
287.521	0.443846	1.08626
287.418	0.443806	1.08626
287.308	0.44377	1.08613
287.197	0.443709	1.08605
287.089	0.443667	1.08596
286.976	0.443609	1.08585
286.87	0.443565	1.08576
286.764	0.443528	1.08565
286.656	0.443482	1.08556
286.548	0.443423	1.08544
286.45	0.443382	1.08532
286.339	0.443343	1.08524
286.238	0.443281	1.08509
286.139	0.443251	1.08502
286.031	0.443201	1.08493
285.92	0.443165	1.08479
285.812	0.443115	1.08465
285.706	0.443061	1.08456
285.601	0.443019	1.08443
285.496	0.442985	1.08434
285.389	0.442934	1.08424
285.283	0.442881	1.08408
285.18	0.442856	1.08396
285.073	0.442798	1.08384
284.966	0.442765	1.08371
284.858	0.44273	1.08361
284.755	0.442679	1.0835
284.649	0.44265	1.08337
284.539	0.442601	1.08328
284.435	0.442558	1.08313
284.333	0.442495	1.08298
284.222	0.442462	1.08291
284.113	0.442417	1.08276
284.006	0.442381	1.08267
283.901	0.442318	1.08258
283.797	0.442266	1.08243
283.695	0.442244	1.08233
283.585	0.442209	1.08219
283.479	0.442169	1.08208
283.377	0.442119	1.08199
283.262	0.44207	1.08188
283.158	0.44204	1.08173
283.045	0.441991	1.08163
282.943	0.44196	1.08154
282.834	0.441921	1.08138
282.724	0.441876	1.08131
282.622	0.441819	1.08119
282.51	0.441784	1.0811
282.408	0.441724	1.08098
282.301	0.441703	1.08085
282.192	0.441654	1.08074
282.082	0.441602	1.08066
281.976	0.441567	1.08054
281.871	0.441531	1.08041
281.767	0.441507	1.08035
281.661	0.441472	1.08021
281.549	0.44143	1.08013
281.448	0.441374	1.08004
281.339	0.441336	1.07991
281.233	0.441298	1.07984
281.127	0.441249	1.07972
281.018	0.441213	1.07962
280.913	0.441174	1.07947
280.81	0.441132	1.07939
280.704	0.441098	1.07928
280.596	0.441051	1.07919
280.495	0.441024	1.07904
280.382	0.440971	1.07891
280.279	0.440929	1.07886
280.173	0.440899	1.07877
280.063	0.440859	1.07867
279.954	0.440819	1.07855
279.849	0.440776	1.07843
279.742	0.440749	1.07836
279.627	0.440713	1.07824
279.519	0.440664	1.07816
279.42	0.440617	1.07807
279.315	0.440584	1.07796
279.202	0.440548	1.07782
279.098	0.440503	1.07773
278.991	0.440462	1.07759
278.879	0.44043	1.07753
278.772	0.4404	1.07742
278.667	0.440354	1.07729
278.565	0.440316	1.0772
278.458	0.440292	1.07712
278.354	0.440249	1.07706
278.245	0.44021	1.07697
278.144	0.440171	1.07687
278.031	0.44013	1.07673
277.925	0.440088	1.07664
277.815	0.440054	1.07655
277.709	0.440011	1.07643
277.601	0.439975	1.07634
277.499	0.439949	1.07624
277.392	0.439911	1.07614
277.288	0.439856	1.07606
277.18	0.439829	1.07594
277.075	0.439808	1.07588
276.964	0.439766	1.07575
276.863	0.439709	1.07565
276.754	0.439677	1.07557
276.648	0.439626	1.07547
276.544	0.439599	1.07538
276.435	0.439564	1.07527
276.331	0.439532	1.07521
276.228	0.43949	1.07512
276.114	0.439447	1.075
276.007	0.439422	1.07489
275.901	0.439391	1.0748
275.8	0.439338	1.07472
275.69	0.439307	1.07461
275.58	0.439273	1.07451
275.474	0.439229	1.07443
275.375	0.43919	1.07436
275.269	0.439166	1.07424
275.16	0.439118	1.07415
275.055	0.439076	1.07409
274.949	0.439045	1.07399
274.846	0.439013	1.07389
274.737	0.438967	1.0738
274.634	0.438934	1.0737
274.527	0.438904	1.0736
274.42	0.438866	1.07351
274.31	0.438828	1.07341
274.21	0.438808	1.07332
274.099	0.438755	1.07326
273.995	0.438747	1.07316
273.889	0.438692	1.07303
273.786	0.438645	1.07296
273.68	0.438607	1.07291
273.575	0.438594	1.07281
273.466	0.438558	1.07267
273.365	0.438514	1.07259
273.255	0.438478	1.07247
273.149	0.438446	1.0724
273.047	0.438408	1.07232
272.932	0.438364	1.07224
272.825	0.438334	1.07214
272.721	0.438302	1.07203
272.611	0.438266	1.07197
272.5	0.438225	1.07189
272.392	0.438191	1.07176
272.285	0.438149	1.07169
272.183	0.438115	1.07161
272.075	0.438082	1.0715
271.967	0.438054	1.07141
271.861	0.438025	1.07134
271.756	0.437983	1.07123
271.649	0.437949	1.07113
271.548	0.437911	1.07105
271.443	0.437881	1.07097
271.337	0.437853	1.07086
271.23	0.437812	1.07078
271.12	0.43777	1.07071
271.013	0.437745	1.07061
270.913	0.437701	1.07052
270.805	0.437669	1.07047
270.703	0.437622	1.07034
270.591	0.437604	1.07032
270.484	0.437563	1.07019
270.379	0.437537	1.07008
270.274	0.437517	1.06998
270.17	0.437482	1.06995
270.065	0.437444	1.06986
269.956	0.437395	1.06976
269.853	0.437379	1.06967
269.745	0.437337	1.06959
269.639	0.437289	1.0695
269.529	0.43728	1.06939
269.426	0.43723	1.06932
269.317	0.437207	1.06924
269.208	0.43717	1.06915
269.108	0.437136	1.06905
268.999	0.437094	1.06897
268.896	0.437066	1.06886
268.79	0.437038	1.06878
268.683	0.436996	1.0687
268.575	0.436963	1.06863
268.466	0.436933	1.06856
268.36	0.436911	1.06846
268.255	0.436881	1.06838
268.147	0.436834	1.06828
268.038	0.436797	1.06821
267.93	0.436758	1.06814
267.825	0.436732	1.06804
267.718	0.436692	1.06794
267.614	0.436673	1.06788
267.509	0.436633	1.06777
267.4	0.436607	1.06769
267.297	0.43658	1.06758
267.186	0.436543	1.06753
267.079	0.436515	1.06744
266.978	0.436484	1.06737
266.87	0.436447	1.06732
266.757	0.436419	1.06724
266.652	0.436384	1.06714
266.547	0.436359	1.06703
266.443	0.436318	1.06699
266.336	0.436296	1.06688
266.231	0.436268	1.06677
266.124	0.436224	1.06674
266.019	0.436193	1.06662
265.913	0.436161	1.06657
265.805	0.436126	1.06648
265.7	0.43609	1.06639
265.591	0.43605	1.06629
265.481	0.43602	1.06622
265.375	0.435995	1.06615
265.274	0.435965	1.06605
265.161	0.43594	1.06597
265.052	0.435909	1.0659
264.944	0.435881	1.06584
264.837	0.435841	1.06577
264.736	0.43581	1.06566
264.638	0.435789	1.06557
264.529	0.435753	1.06547
264.425	0.435701	1.06541
264.313	0.435688	1.06531
264.207	0.435654	1.06527
264.104	0.435623	1.06517
263.995	0.435586	1.0651
263.887	0.435563	1.06504
263.779	0.435542	1.06495
263.678	0.435517	1.06488
263.57	0.435475	1.0648
263.466	0.435433	1.06471
263.358	0.435412	1.06464
263.25	0.435374	1.06456
263.138	0.43534	1.0645
263.033	0.435317	1.0644
262.923	0.435284	1.06435
262.82	0.435262	1.06427
262.713	0.435243	1.06417
262.605	0.435201	1.06409
262.5	0.435164	1.06402
262.395	0.435142	1.06393
262.284	0.43511	1.06384
262.176	0.435091	1.06374
262.068	0.435057	1.06367
261.962	0.435008	1.06361
261.858	0.435001	1.06354
261.75	0.434966	1.06348
261.647	0.434939	1.0634
261.539	0.4349	1.06333
261.432	0.434876	1.06323
261.325	0.43486	1.06316
261.219	0.434813	1.06311
261.113	0.434791	1.06302
261.007	0.434769	1.06289
260.902	0.43473	1.06286
260.798	0.43469	1.06278
260.688	0.43467	1.0627
260.579	0.434651	1.06261
260.466	0.434602	1.06255
260.368	0.4346	1.06251
260.258	0.434554	1.06244
260.151	0.43452	1.06234
260.045	0.434493	1.06224
259.938	0.434462	1.06219
259.83	0.434444	1.06209
259.728	0.43441	1.06201
259.618	0.434385	1.06196
259.511	0.434358	1.06188
259.407	0.434326	1.06182
259.3	0.434298	1.06177
259.191	0.434274	1.06167
259.089	0.434238	1.06158
258.979	0.434205	1.06153
258.872	0.434184	1.06145
258.763	0.434147	1.0614
258.652	0.434108	1.06132
258.548	0.434099	1.0612
258.441	0.434063	1.06119
258.334	0.434043	1.0611
258.228	0.434013	1.06103
258.122	0.433989	1.06094
258.009	0.433957	1.06088
257.906	0.43394	1.06084
257.799	0.433911	1.06073
257.692	0.433862	1.06067
257.586	0.433858	1.06062
257.482	0.433832	1.06052
257.379	0.433808	1.06043
257.268	0.433765	1.06038
257.159	0.43375	1.06033
257.054	0.4337	1.06021
256.947	0.433692	1.06021
256.841	0.433671	1.06009
256.735	0.43364	1.06001
256.634	0.433617	1.05995
256.529	0.433571	1.05987
256.421	0.433563	1.05983
256.315	0.433532	1.05974
256.21	0.433508	1.05968
256.103	0.433486	1.05962
255.999	0.43347	1.05954
255.891	0.433429	1.05947
255.785	0.433408	1.05941
255.679	0.433381	1.05932
255.573	0.433358	1.05924
255.469	0.433312	1.05919
255.363	0.433299	1.0591
255.257	0.433268	1.05901
255.156	0.433248	1.05898
255.047	0.433228	1.0589
254.938	0.433203	1.05885
254.833	0.433177	1.05878
254.721	0.433145	1.05872
254.618	0.433125	1.05864
254.512	0.433109	1.0586
254.407	0.433078	1.05853
254.302	0.43304	1.05841
254.196	0.433015	1.0584
254.09	0.433002	1.05833
253.987	0.432972	1.05828
253.881	0.432943	1.05817
253.775	0.432917	1.05813
253.671	0.432903	1.05801
253.565	0.43286	1.05799
253.461	0.432849	1.05794
253.357	0.432829	1.05787
253.252	0.432807	1.05781
253.148	0.432769	1.0577
253.04	0.432759	1.05768
252.931	0.432716	1.0576
252.827	0.432695	1.05754
252.721	0.432665	1.05749
252.613	0.432656	1.05745
252.512	0.432634	1.05735
252.403	0.432604	1.0573
252.295	0.432583	1.05723
252.188	0.432545	1.05718
252.084	0.432526	1.05707
251.984	0.432506	1.05703
251.881	0.432485	1.05696
251.774	0.432465	1.05691
251.665	0.43243	1.05686
251.559	0.432425	1.0568
251.452	0.432391	1.05673
251.343	0.432366	1.05666
251.235	0.432359	1.05661
251.131	0.432321	1.05657
251.025	0.432306	1.05649
250.918	0.432277	1.0564
250.81	0.432273	1.05634
250.707	0.432232	1.05631
250.601	0.4322	1.05623
250.5	0.432188	1.05616
250.395	0.432167	1.0561
250.29	0.432152	1.05607
250.181	0.432122	1.05596
250.075	0.432094	1.05593
249.965	0.43207	1.05589
249.864	0.432056	1.05583
249.756	0.432036	1.05574
249.65	0.432019	1.05572
249.544	0.431991	1.05561
249.437	0.431959	1.05556
249.335	0.431932	1.05549
249.229	0.431906	1.05546
249.123	0.431907	1.05541
249.018	0.431861	1.05534
248.91	0.43186	1.05529
248.801	0.431831	1.05519
248.697	0.431794	1.05515
248.589	0.431787	1.0551
248.483	0.431761	1.05505
248.378	0.431748	1.055
248.273	0.43173	1.05491
248.162	0.431711	1.0549
248.058	0.431682	1.05482
247.953	0.431651	1.05476
247.846	0.431637	1.05474
247.743	0.431613	1.05465
247.634	0.431593	1.05461
247.527	0.431561	1.05454
247.42	0.431542	1.05453
247.314	0.431516	1.05443
247.209	0.431498	1.05435
247.105	0.43148	1.05432
247	0.431463	1.05427
246.897	0.431441	1.05423
246.792	0.431425	1.05416
246.683	0.431396	1.05409
246.577	0.431376	1.05403
246.471	0.431346	1.054
246.364	0.431337	1.05395
246.262	0.431316	1.05391
246.153	0.43129	1.05384
246.047	0.43126	1.05376
245.942	0.431241	1.0537
245.836	0.431225	1.05363
245.73	0.431204	1.05364
245.626	0.431175	1.05352
245.517	0.431152	1.05352
245.418	0.431157	1.05345
245.309	0.431125	1.05336
245.205	0.431114	1.05335
245.102	0.431082	1.05328
244.992	0.431068	1.05325
244.883	0.431052	1.05321
244.784	0.431032	1.05316
244.68	0.431007	1.05309
244.572	0.430999	1.05301
244.467	0.430962	1.05298
244.363	0.430948	1.05292
244.261	0.430924	1.05287
244.154	0.430916	1.05279
244.048	0.430883	1.05275
243.947	0.430867	1.05268
243.836	0.430843	1.05264
243.738	0.430816	1.0526
243.628	0.430789	1.05255
243.524	0.43078	1.0525
243.421	0.430754	1.05246
243.312	0.430742	1.05239
243.207	0.430715	1.05234
243.102	0.430699	1.05227
242.996	0.430683	1.05225
242.891	0.43066	1.0522
242.785	0.430631	1.05213
242.681	0.43062	1.05206
242.577	0.430596	1.05201
242.47	0.430574	1.05197
242.363	0.430552	1.05192
242.258	0.43054	1.05185
242.149	0.430529	1.05179
242.046	0.43051	1.05181
241.946	0.430484	1.05173
241.835	0.430468	1.0517
241.733	0.430439	1.05162
241.631	0.430431	1.05159
241.528	0.430401	1.05155
241.42	0.43038	1.0515
241.316	0.430366	1.05144
241.206	0.430344	1.05142
241.099	0.430331	1.05133
240.994	0.430304	1.0513
240.89	0.43028	1.05124
240.786	0.430275	1.05122
240.676	0.430246	1.05114
240.569	0.430236	1.0511
240.462	0.430219	1.05104
240.356	0.430185	1.05098
240.253	0.430173	1.05091
240.144	0.430156	1.05089
240.042	0.430134	1.05083
239.933	0.430117	1.0508
239.827	0.430094	1.05073
239.719	0.430089	1.05069
239.608	0.430056	1.05065
239.505	0.430026	1.05059
239.395	0.430027	1.05052
239.288	0.430005	1.0505
239.186	0.429974	1.05044
239.076	0.429953	1.05039
238.97	0.429934	1.05033
238.865	0.429916	1.0503
238.76	0.429916	1.05028
238.653	0.429881	1.05023
238.552	0.429871	1.05017
238.447	0.429848	1.05013
238.34	0.429828	1.05006
238.239	0.429797	1.05004
238.133	0.429793	1.04996
238.03	0.429775	1.04991
237.924	0.429759	1.04988
237.821	0.429741	1.04983
237.714	0.429737	1.04979
237.606	0.429696	1.04973
237.503	0.429668	1.04967
237.393	0.429667	1.04966
237.286	0.429652	1.04959
237.18	0.429625	1.04956
237.073	0.429592	1.04952
236.967	0.429591	1.04944
236.859	0.429573	1.04941
236.75	0.429553	1.04937
236.647	0.42952	1.04931
236.537	0.429521	1.04927
236.43	0.429488	1.04921
236.332	0.429475	1.0492
236.22	0.429465	1.04912
236.116	0.42943	1.04905
236.007	0.429422	1.04905
235.903	0.429403	1.049
235.798	0.4294	1.04892
235.692	0.429364	1.04887
235.584	0.429336	1.04882
235.482	0.429327	1.04878
235.379	0.429309	1.04878
235.274	0.429297	1.0487
235.168	0.429269	1.04867
235.085	0.429267	1.04861
234.976	0.429246	1.04857
234.865	0.429232	1.04849
234.761	0.429219	1.04848
234.661	0.429197	1.04844
234.552	0.429181	1.0484
234.448	0.429134	1.04835
234.34	0.42913	1.04834
234.236	0.429118	1.04824
234.131	0.429111	1.04817
234.022	0.429099	1.04817
233.918	0.429074	1.04814
233.807	0.429051	1.04807
233.703	0.429039	1.04799
233.594	0.429022	1.04799
233.488	0.428989	1.04794
233.384	0.428991	1.04789
233.28	0.428965	1.04781
233.173	0.428949	1.04782
233.064	0.428925	1.04774
232.96	0.428916	1.04771
232.851	0.428891	1.04768
232.744	0.428878	1.04759
232.636	0.42886	1.04758
232.535	0.428855	1.04753
232.429	0.428808	1.04752
232.321	0.428817	1.04743
232.22	0.428793	1.04736
232.113	0.428779	1.04734
232.008	0.428752	1.0473
231.898	0.428737	1.04727
231.794	0.428719	1.0472
231.687	0.428715	1.0472
231.581	0.428676	1.04715
231.476	0.428673	1.04711
231.372	0.428663	1.04708
231.267	0.42864	1.04703
231.162	0.428625	1.04699
231.055	0.428589	1.04687
230.951	0.428584	1.04686
230.845	0.428567	1.04683
230.74	0.428554	1.04682
230.636	0.428536	1.04679
230.53	0.428521	1.04673
230.423	0.428502	1.04667
230.317	0.428486	1.04664
230.213	0.428474	1.0466
230.108	0.428454	1.04652
230.001	0.428441	1.04652
229.895	0.42841	1.04646
229.792	0.428396	1.04642
229.684	0.42839	1.04636
229.577	0.428377	1.04634
229.476	0.428355	1.04628
229.369	0.428345	1.04625
229.264	0.428318	1.0462
229.159	0.428299	1.04619
229.059	0.428286	1.04608
228.951	0.428278	1.0461
228.845	0.428248	1.04604
228.744	0.42823	1.04601
228.634	0.428218	1.04594
228.528	0.42821	1.0459
228.422	0.428182	1.04586
228.313	0.428187	1.04585
228.211	0.428164	1.04576
228.101	0.428107	1.04575
227.997	0.428096	1.04572
227.891	0.428093	1.04567
227.786	0.42806	1.04563
227.681	0.42804	1.04554
227.575	0.428037	1.04553
227.466	0.428024	1.04549
227.357	0.427994	1.04546
227.256	0.427981	1.04541
227.154	0.427972	1.04538
227.045	0.427958	1.04533
226.941	0.427936	1.04529
226.835	0.427915	1.04526
226.733	0.4279	1.04521
226.626	0.427884	1.04518
226.52	0.427863	1.04511
226.413	0.427854	1.04507
226.307	0.427828	1.04506
226.202	0.42782	1.04503
226.097	0.427807	1.04497
225.991	0.427797	1.04495
225.885	0.427781	1.04488
225.781	0.427762	1.04484
225.676	0.427744	1.0448
225.57	0.427715	1.04478
225.466	0.427715	1.04471
225.362	0.427715	1.04467
225.251	0.427693	1.04464
225.147	0.427673	1.04462
225.042	0.427652	1.04455
224.935	0.427631	1.04456
224.831	0.427641	1.04451
224.726	0.427602	1.04437
224.618	0.427597	1.04434
224.514	0.427581	1.04433
224.406	0.427565	1.04425
224.299	0.427536	1.0442
224.196	0.427524	1.0442
224.091	0.427497	1.04416
223.983	0.427502	1.04409
223.881	0.427472	1.04406
223.78	0.427466	1.04404
223.675	0.427445	1.044
223.567	0.427436	1.04395
223.465	0.427422	1.0439
223.363	0.427404	1.04386
223.255	0.427389	1.04382
223.151	0.427363	1.04377
223.046	0.427344	1.04375
222.941	0.427337	1.04369
222.837	0.427312	1.04367
222.732	0.427296	1.04363
222.627	0.427285	1.04361
222.523	0.42728	1.04357
222.412	0.427246	1.04353
222.313	0.427239	1.04348
222.206	0.427229	1.04341
222.101	0.427211	1.04341
221.995	0.427199	1.04341
221.891	0.427178	1.04336
221.782	0.427171	1.04331
221.678	0.427151	1.04326
221.571	0.42711	1.04321
221.469	0.427119	1.04323
221.362	0.427094	1.04314
221.256	0.427075	1.04312
221.15	0.42705	1.04308
221.044	0.427037	1.04304
220.937	0.427025	1.04297
220.832	0.427002	1.04294
220.727	0.426989	1.04288
220.623	0.426981	1.04289
220.515	0.426957	1.04282
220.412	0.426961	1.0428
220.308	0.426937	1.04275
220.2	0.426905	1.04273
220.094	0.426902	1.0427
219.988	0.42689	1.04265
219.882	0.42686	1.04261
219.78	0.426847	1.04255
219.676	0.426845	1.04251
219.569	0.426815	1.04249
219.465	0.426815	1.04243
219.363	0.42678	1.04239
219.257	0.426759	1.04236
219.152	0.42675	1.04235
219.046	0.426736	1.04227
218.94	0.42667	1.04225
218.835	0.426656	1.04222
218.73	0.426633	1.04218
218.625	0.426611	1.04215
218.523	0.426591	1.0421
218.416	0.426579	1.04208
218.313	0.42657	1.04203
218.205	0.426551	1.04194
218.099	0.426544	1.04196
217.989	0.426522	1.0419
217.887	0.426501	1.04185
217.785	0.426488	1.04179
217.68	0.426464	1.04176
217.575	0.426457	1.04173
217.47	0.426458	1.04167
217.369	0.426423	1.04164
217.26	0.426401	1.04162
217.156	0.426386	1.04156
217.049	0.426385	1.04157
216.944	0.426358	1.04151
216.837	0.42635	1.04144
216.734	0.426328	1.04143
216.632	0.426323	1.0414
216.523	0.426304	1.04132
216.415	0.426283	1.04129
216.31	0.426274	1.04129
216.205	0.42625	1.04122
216.101	0.42624	1.04121
215.996	0.426235	1.04113
215.889	0.426201	1.04108
215.787	0.426198	1.04106
215.674	0.426155	1.04102
215.571	0.426145	1.04086
215.466	0.426133	1.04083
215.361	0.426126	1.04077
215.257	0.426102	1.04072
215.155	0.426087	1.04067
215.049	0.426068	1.04064
214.945	0.42605	1.04062
214.843	0.426014	1.04057
214.734	0.42602	1.04055
214.631	0.426013	1.0405
214.524	0.425982	1.04045
214.418	0.425963	1.04042
214.312	0.425952	1.04036
214.212	0.425943	1.04034
214.105	0.425924	1.04034
213.998	0.425914	1.04026
213.894	0.425872	1.04021
213.79	0.425862	1.04017
213.684	0.425848	1.04017
213.579	0.425834	1.0401
213.474	0.425818	1.04008
213.369	0.425784	1.04003
213.268	0.425773	1.04002
213.167	0.425759	1.03997
213.061	0.425753	1.03992
212.957	0.42574	1.03989
212.851	0.425711	1.03984
212.746	0.425697	1.03981
212.645	0.425681	1.0398
212.54	0.425661	1.03972
212.431	0.425662	1.03971
212.327	0.425625	1.03961
212.222	0.425603	1.03958
212.119	0.425609	1.03955
212.01	0.425579	1.03953
211.905	0.425564	1.03948
211.799	0.425555	1.03944
211.695	0.425539	1.03939
211.588	0.425515	1.03935
211.482	0.425494	1.03926
211.376	0.425478	1.03928
211.274	0.42547	1.03926
211.167	0.425451	1.03918
211.064	0.425423	1.03914
210.958	0.425418	1.03911
210.852	0.425397	1.03909
210.75	0.425379	1.03904
210.653	0.425354	1.03902
210.545	0.425356	1.03892
210.439	0.425328	1.03889
210.333	0.425313	1.03886
210.229	0.425284	1.03882
210.122	0.42528	1.03878
210.017	0.425262	1.0387
209.912	0.425235	1.03867
209.808	0.42522	1.03864
209.702	0.425202	1.03863
209.595	0.425194	1.03859
209.488	0.42516	1.03852
209.382	0.42515	1.03849
209.28	0.425137	1.03845
209.177	0.425126	1.0384
209.068	0.425095	1.0384
208.959	0.425081	1.03831
208.853	0.425059	1.03826
208.75	0.425047	1.03827
208.645	0.425032	1.0382
208.538	0.425013	1.03816
208.435	0.424982	1.03814
208.331	0.424966	1.0381
208.227	0.424959	1.03804
208.12	0.424931	1.03799
208.015	0.424925	1.03795
207.914	0.424903	1.03794
207.809	0.424887	1.03789
207.703	0.424859	1.03782
207.596	0.424849	1.03781
207.492	0.424826	1.03776
207.386	0.424805	1.03771
207.28	0.424779	1.03765
207.177	0.424777	1.03766
207.071	0.424757	1.03759
206.967	0.42473	1.03755
206.86	0.424718	1.03748
206.756	0.424712	1.03747
206.651	0.424676	1.03743
206.542	0.424662	1.03736
206.438	0.424634	1.03732
206.333	0.424611	1.03728
206.232	0.424609	1.03726
206.127	0.424576	1.03718
206.024	0.424566	1.03715
205.922	0.424551	1.03712
205.817	0.424535	1.03709
205.711	0.424509	1.03702
205.606	0.424504	1.03699
205.504	0.424472	1.03693
205.4	0.424459	1.0369
205.295	0.424436	1.03687
205.19	0.424425	1.03682
205.085	0.424399	1.03674
204.977	0.424373	1.0367
204.873	0.42436	1.03669
204.769	0.424327	1.03662
204.664	0.424323	1.0366
204.556	0.424312	1.03655
204.45	0.424281	1.03651
204.345	0.424271	1.03644
204.24	0.424242	1.03642
204.137	0.424236	1.03636
204.032	0.424216	1.03631
203.928	0.424191	1.03625
203.824	0.424176	1.03624
203.72	0.424164	1.03619
203.613	0.42414	1.03613
203.509	0.424111	1.0361
203.405	0.424103	1.03609
203.298	0.424092	1.036
203.191	0.424073	1.03596
203.088	0.424042	1.0359
202.983	0.424028	1.03584
202.88	0.424031	1.03583
202.774	0.423999	1.03575
202.668	0.423969	1.03573
202.563	0.423942	1.03569
202.458	0.423934	1.03565
202.351	0.423925	1.03559
202.247	0.423897	1.03558
202.142	0.423902	1.0355
202.035	0.423867	1.03547
201.934	0.423837	1.03541
201.826	0.423824	1.03539
201.725	0.423789	1.03532
201.619	0.423787	1.03526
201.514	0.423783	1.03523
201.411	0.42375	1.03515
201.309	0.423731	1.03514
201.204	0.423708	1.03511
201.097	0.423693	1.03503
200.993	0.423676	1.03501
200.889	0.423661	1.03494
200.784	0.423635	1.03492
200.677	0.42363	1.03487
200.571	0.423593	1.03481
200.465	0.423582	1.03478
200.357	0.423579	1.03475
200.255	0.423569	1.03469
200.149	0.423571	1.03462
200.043	0.423545	1.0346
199.941	0.423524	1.03457
199.836	0.423519	1.03453
199.732	0.423492	1.03445
199.63	0.423474	1.03442
199.524	0.423447	1.03442
199.418	0.423435	1.03435
199.315	0.423409	1.03427
199.208	0.423386	1.03421
199.105	0.423383	1.03419
199	0.42336	1.03416
198.894	0.42334	1.0341
198.788	0.423318	1.03411
198.681	0.423286	1.03402
198.577	0.423273	1.03395
198.472	0.423261	1.03392
198.369	0.423234	1.03383
198.265	0.423238	1.03383
198.16	0.42322	1.03382
198.06	0.423188	1.03374
197.953	0.42317	1.03369
197.845	0.42315	1.03364
197.743	0.423127	1.0336
197.641	0.423144	1.03356
197.536	0.423102	1.03352
197.429	0.423092	1.03346
197.328	0.423072	1.03345
197.223	0.423045	1.03336
197.118	0.423031	1.03333
197.016	0.422999	1.03332
196.911	0.423003	1.0333
196.81	0.422992	1.0333
196.702	0.422959	1.03324
196.595	0.422938	1.03319
196.492	0.422938	1.03318
196.386	0.422906	1.03311
196.278	0.422865	1.03306
196.172	0.422844	1.033
196.067	0.422827	1.03297
195.963	0.422811	1.03291
195.856	0.422784	1.03285
195.751	0.422779	1.03284
195.645	0.422752	1.03279
195.539	0.42274	1.03274
195.434	0.422721	1.03269
195.329	0.422715	1.03261
195.223	0.422685	1.03257
195.119	0.422677	1.03255
195.01	0.422646	1.03248
194.905	0.422624	1.03249
194.802	0.422615	1.03244
194.696	0.422612	1.03237
194.593	0.422579	1.03232
194.489	0.422691	1.03227
194.383	0.422555	1.03222
194.278	0.422528	1.03226
194.176	0.422511	1.03216
194.071	0.422503	1.03213
193.969	0.422481	1.03208
193.829	0.42246	1.03202
193.721	0.422455	1.03198
193.619	0.422428	1.03191
193.518	0.422416	1.03192
193.411	0.422391	1.03189
193.305	0.422382	1.03181
193.2	0.422376	1.03176
193.095	0.422351	1.03176
192.991	0.422338	1.03168
192.885	0.42231	1.03158
192.782	0.422303	1.03153
192.674	0.422284	1.03149
192.569	0.422266	1.03145
192.464	0.422246	1.03138
192.359	0.422235	1.03137
192.25	0.42222	1.0313
192.147	0.422195	1.03127
192.041	0.422169	1.03123
191.935	0.422161	1.03121
191.831	0.422137	1.03114
191.725	0.422107	1.03112
191.617	0.422099	1.03105
191.513	0.422069	1.03099
191.407	0.422048	1.03097
191.301	0.422028	1.03096
191.196	0.422016	1.03088
191.088	0.421983	1.03116
190.982	0.421956	1.03082
190.875	0.421962	1.03076
190.768	0.421925	1.03072
190.661	0.421913	1.0307
190.555	0.421894	1.03064
190.45	0.421864	1.03059
190.344	0.421861	1.03058
190.238	0.421828	1.03051
190.135	0.421811	1.03048
190.034	0.421812	1.03042
189.923	0.421798	1.0304
189.819	0.421759	1.03039
189.712	0.421721	1.03032
189.605	0.421706	1.03029
189.494	0.421691	1.03022
189.386	0.42166	1.03021
189.279	0.421643	1.03016
186.031	0.421001	1.03012
185.925	0.420953	1.03007
185.811	0.420949	1.03004
185.701	0.420953	1.03001
185.595	0.420939	1.02995
185.486	0.420917	1.02988
185.379	0.420912	1.02986
185.27	0.420901	1.0298
185.167	0.420904	1.02973
185.06	0.420901	1.02971
184.952	0.420902	1.02964
184.845	0.420883	1.02959
184.738	0.420868	1.02954
184.63	0.420851	1.02951
184.52	0.420834	1.02943
184.413	0.42084	1.02936
184.304	0.420838	1.02938
184.2	0.420816	1.02929
184.091	0.420795	1.02926
183.982	0.420793	1.02921
183.876	0.420772	1.02914
183.768	0.420751	1.02913
183.661	0.420737	1.02905
183.55	0.420718	1.02901
183.444	0.420685	1.02901
183.339	0.420678	1.02898
183.23	0.420655	1.02888
183.121	0.420635	1.02879
183.013	0.420625	1.02875
182.906	0.420607	1.02872
182.797	0.420591	1.02864
182.689	0.42058	1.0286
182.581	0.420559	1.02703
182.472	0.420537	1.02692
182.363	0.42052	1.02691
182.256	0.420502	1.02691
182.149	0.420484	1.02688
182.036	0.420463	1.02683
181.931	0.420433	1.02681
181.821	0.420429	1.02679
181.713	0.420413	1.0268
181.607	0.420389	1.02679
181.499	0.420368	1.02679
181.39	0.420335	1.02674
181.282	0.420327	1.02671
181.174	0.420322	1.02667
181.065	0.420293	1.02662
180.956	0.420278	1.02664
180.845	0.420239	1.02663
180.736	0.420233	1.02658
180.625	0.420205	1.02653
180.516	0.42021	1.02653
180.409	0.420177	1.02647
180.302	0.420156	1.02642
180.194	0.420142	1.02639
180.084	0.420131	1.02634
179.975	0.4201	1.02626
179.867	0.420074	1.02625
179.76	0.420072	1.02619
179.65	0.42005	1.02614
179.543	0.420032	1.02612
179.435	0.420018	1.02607
179.322	0.419983	1.02603
179.214	0.419972	1.02601
179.105	0.419967	1.02595
178.995	0.419954	1.0259
178.887	0.419924	1.02586
178.777	0.419898	1.02581
178.672	0.419886	1.02577
178.561	0.419853	1.02572
178.452	0.419826	1.02565
178.342	0.419814	1.02564
178.232	0.419802	1.0256
178.121	0.419795	1.02554
178.011	0.419774	1.02549
177.903	0.419762	1.02541
177.8	0.419739	1.02539
177.69	0.419723	1.02538
177.582	0.419701	1.02531
177.473	0.419685	1.02527
177.363	0.419682	1.02517
177.255	0.41966	1.02516
177.143	0.419652	1.02509
177.036	0.419608	1.0251
176.929	0.419616	1.02502
176.818	0.419607	1.02497
176.709	0.419579	1.02494
176.598	0.419578	1.02491
176.489	0.419556	1.02484
176.379	0.419538	1.02477
176.27	0.419526	1.02477
176.162	0.419497	1.02471
176.052	0.419487	1.02467
175.946	0.419465	1.02463
175.833	0.41944	1.02455
175.73	0.419431	1.02452
175.62	0.419421	1.02451
175.509	0.419402	1.02448
175.4	0.419395	1.02441
175.291	0.419372	1.02434
175.179	0.419363	1.02431
175.072	0.419339	1.02423
174.961	0.419337	1.02417
174.853	0.41933	1.02414
174.743	0.419292	1.02411
174.632	0.419281	1.02409
174.523	0.419268	1.02404
174.412	0.419257	1.02401
174.304	0.419235	1.02395
174.194	0.419216	1.02391
174.084	0.419151	1.02386
173.973	0.419128	1.02382
173.865	0.419102	1.02381
173.757	0.419066	1.02376
173.648	0.41906	1.02374
173.539	0.419043	1.02363
173.432	0.419037	1.02365
173.322	0.419014	1.02363
173.214	0.419015	1.02356
173.103	0.419001	1.02356
172.994	0.418973	1.02351
172.886	0.418963	1.02346
172.779	0.418939	1.02343
172.671	0.418935	1.02336
172.56	0.418923	1.02334
172.451	0.418909	1.02328
172.34	0.418894	1.02322
172.231	0.418867	1.0232
172.123	0.418862	1.02318
172.012	0.418853	1.02313
171.903	0.41883	1.02312
171.794	0.418815	1.02306
171.684	0.418818	1.02304
171.573	0.418797	1.02298
171.464	0.418777	1.02297
171.356	0.41878	1.02296
171.247	0.41876	1.02286
171.137	0.418735	1.02284
171.029	0.418721	1.0228
170.918	0.418708	1.02278
170.81	0.418699	1.02273
170.7	0.418687	1.02268
170.589	0.418683	1.02252
170.478	0.418667	1.02246
170.368	0.418639	1.0224
170.259	0.418633	1.02231
170.148	0.418611	1.0223
170.04	0.41859	1.02225
169.932	0.418588	1.02224
169.819	0.418577	1.02218
169.712	0.41857	1.02219
169.603	0.418554	1.02215
169.49	0.418535	1.02209
169.378	0.418521	1.02206
169.271	0.4185	1.022
169.159	0.418499	1.02199
169.049	0.418493	1.02196
168.94	0.418473	1.02193
168.827	0.418455	1.02189
168.719	0.418455	1.02183
168.609	0.418434	1.02181
168.501	0.418409	1.02179
168.388	0.418395	1.02174
168.279	0.418389	1.0217
168.166	0.418373	1.02171
168.057	0.41837	1.02165
167.947	0.418355	1.02161
167.838	0.418342	1.02161
167.728	0.418325	1.02157
167.621	0.418313	1.0215
167.512	0.418291	1.02147
167.403	0.418284	1.02144
167.292	0.418269	1.02142
167.184	0.418254	1.02139
167.072	0.418231	1.02138
166.965	0.418227	1.02134
166.855	0.418208	1.02127
166.739	0.418204	1.02126
166.636	0.418199	1.0212
166.528	0.418189	1.02115
166.417	0.418162	1.02115
166.309	0.418147	1.02112
166.197	0.418147	1.0211
166.089	0.418117	1.02106
165.982	0.418096	1.02102
165.87	0.418094	1.02098
165.764	0.418082	1.02093
165.651	0.418077	1.02093
165.542	0.418064	1.02091
165.433	0.418034	1.02086
165.325	0.418029	1.02082
165.213	0.418008	1.02082
165.102	0.418003	1.02077
164.994	0.417996	1.02071
164.883	0.41798	1.02068
164.774	0.417961	1.02066
164.663	0.417963	1.02062
164.552	0.417963	1.02061
164.442	0.41791	1.02058
164.334	0.417937	1.02055
164.223	0.417897	1.0205
164.113	0.417902	1.02047
164.005	0.417808	1.02042
163.893	0.417798	1.0204
163.786	0.417784	1.02037
163.677	0.417783	1.02033
163.568	0.417756	1.02027
163.457	0.418055	1.02027
163.346	0.417728	1.02022
163.238	0.417726	1.02021
163.127	0.417717	1.0202
163.017	0.41769	1.02017
162.907	0.417689	1.02011
162.799	0.417672	1.02007
162.69	0.41768	1.02007
162.582	0.41766	1.02
162.472	0.417641	1.01995
162.365	0.417638	1.01994
162.257	0.417619	1.01991
162.148	0.417608	1.0199
162.037	0.417595	1.01987
161.93	0.41758	1.0198
161.821	0.417572	1.01978
161.713	0.417548	1.01973
161.603	0.417536	1.01972
161.493	0.417526	1.0197
161.383	0.417525	1.01966
161.275	0.4175	1.01962
161.165	0.417487	1.01962
161.056	0.417485	1.01962
160.947	0.417468	1.01949
160.839	0.417461	1.01956
160.731	0.417435	1.01946
160.62	0.417441	1.01947
160.512	0.417422	1.01924
160.4	0.417408	1.01922
160.292	0.417407	1.01918
160.184	0.417391	1.01918
160.074	0.417377	1.01912
159.965	0.417365	1.01985
159.856	0.417352	1.01905
159.748	0.417346	1.01904
159.639	0.417311	1.01902
159.532	0.417307	1.01895
159.423	0.417311	1.01895
159.314	0.417291	1.01891
159.206	0.417272	1.01893
159.095	0.41727	1.01888
158.988	0.417211	1.01884
158.878	0.417201	1.01883
158.768	0.417205	1.01878
158.659	0.417184	1.01875
158.549	0.417168	1.01872
158.44	0.417163	1.01869
158.331	0.417142	1.01867
158.222	0.417134	1.01861
158.113	0.417126	1.01858
158.002	0.417111	1.01856
157.894	0.417101	1.01855
157.785	0.41709	1.01849
157.675	0.417081	1.01846
157.565	0.417064	1.01846
157.457	0.417059	1.01841
157.346	0.417048	1.0184
157.236	0.417042	1.01833
157.127	0.417011	1.01835
157.018	0.417003	1.0183
156.91	0.416986	1.01827
156.8	0.416979	1.01826
156.691	0.416971	1.01823
156.582	0.416951	1.01819
156.473	0.41696	1.01816
156.365	0.416951	1.01813
156.255	0.416927	1.01811
156.145	0.416912	1.01803
156.037	0.416905	1.01802
155.93	0.416893	1.01803
155.821	0.416894	1.01798
155.71	0.416865	1.01794
155.599	0.416849	1.01793
155.49	0.416852	1.01779
155.381	0.416834	1.01776
155.27	0.416834	1.01777
155.162	0.416807	1.01772
155.054	0.41681	1.01768
154.941	0.416793	1.01767
154.833	0.416784	1.01762
154.723	0.416766	1.0176
154.613	0.416768	1.01758
154.504	0.416754	1.01754
154.395	0.416737	1.01752
154.286	0.41671	1.01749
154.178	0.41672	1.01747
154.069	0.416701	1.01743
153.962	0.41669	1.01742
153.851	0.41667	1.01739
153.744	0.416657	1.01737
153.632	0.416662	1.0173
153.524	0.416639	1.01728
153.415	0.416628	1.01724
153.306	0.416617	1.01722
153.196	0.416601	1.0172
153.089	0.416606	1.01715
152.981	0.416581	1.01717
152.871	0.416579	1.01715
152.762	0.416582	1.01709
152.653	0.416546	1.01706
152.543	0.416544	1.01704
152.435	0.41655	1.01701
152.325	0.416524	1.01701
152.215	0.416504	1.01694
152.107	0.416499	1.0169
151.999	0.416491	1.01691
151.887	0.416478	1.01687
151.78	0.416455	1.01687
151.669	0.41644	1.0168
151.56	0.416436	1.01681
151.45	0.416445	1.01677
151.343	0.416377	1.01674
151.232	0.416376	1.0167
151.124	0.416371	1.0167
151.013	0.416361	1.01667
150.905	0.416341	1.01663
150.797	0.416338	1.01657
150.686	0.416326	1.01659
150.578	0.416305	1.01654
150.471	0.416313	1.01652
150.361	0.416311	1.01647
150.252	0.416296	1.01643
150.143	0.416258	1.01645
150.034	0.416275	1.01639
149.925	0.41624	1.01636
149.819	0.416235	1.01634
149.707	0.416236	1.0163
149.597	0.416203	1.01631
149.488	0.416201	1.01625
149.378	0.416178	1.01624
149.268	0.416179	1.01625
149.158	0.416168	1.01616
149.048	0.416156	1.01616
148.94	0.416147	1.01617
148.832	0.416123	1.01611
148.721	0.416109	1.01606
148.612	0.41609	1.01605
148.504	0.41608	1.01603
148.395	0.416092	1.016
148.287	0.416058	1.01594
148.179	0.41605	1.01591
148.07	0.416046	1.0159
147.958	0.416032	1.01592
147.851	0.416029	1.01575
147.744	0.415995	1.01575
147.637	0.415993	1.01574
147.527	0.415989	1.01571
147.42	0.415974	1.01567
147.311	0.415959	1.01566
147.202	0.415946	1.01563
147.093	0.415939	1.01558
146.983	0.415936	1.0156
146.876	0.415927	1.01559
146.767	0.415895	1.01555
146.656	0.415899	1.01546
146.547	0.415899	1.0155
146.439	0.415871	1.01542
146.327	0.415858	1.0154
146.217	0.415856	1.01541
146.109	0.415847	1.01533
146	0.415822	1.01532
145.89	0.415824	1.01527
145.782	0.415822	1.01527
145.673	0.415813	1.01524
145.565	0.415797	1.01521
145.456	0.415768	1.01519
145.344	0.415765	1.01513
145.236	0.415766	1.0151
145.127	0.415748	1.01505
145.016	0.415731	1.01503
144.908	0.415726	1.01506
144.798	0.415729	1.01497
144.689	0.415711	1.01495
144.581	0.415677	1.01495
144.474	0.415677	1.01491
144.366	0.415679	1.0149
144.257	0.415661	1.01482
144.148	0.415649	1.01482
144.039	0.415647	1.01481
143.929	0.415615	1.01477
143.821	0.415608	1.01473
143.712	0.415617	1.0147
143.605	0.415602	1.01468
143.495	0.415587	1.01468
143.387	0.415576	1.01465
143.278	0.415577	1.01458
143.168	0.415568	1.01459
143.061	0.415531	1.01459
142.952	0.41554	1.01452
142.844	0.415532	1.01449
142.736	0.415521	1.01448
142.629	0.415481	1.01446
142.518	0.415475	1.0144
142.411	0.415456	1.0144
142.303	0.415462	1.0144
142.194	0.415431	1.01438
142.084	0.415421	1.01434
141.976	0.415425	1.01427
141.865	0.415406	1.01426
141.758	0.415398	1.01426
141.649	0.415378	1.01422
141.54	0.415362	1.01418
141.43	0.415371	1.01416
141.319	0.415345	1.01417
141.21	0.41532	1.01413
141.101	0.415322	1.01404
140.993	0.415321	1.01405
140.883	0.415299	1.01405
140.773	0.415256	1.014
140.665	0.415251	1.01398
140.554	0.415252	1.01397
140.447	0.415237	1.01389
140.338	0.415222	1.01388
140.228	0.415223	1.0139
140.12	0.415208	1.01386
140.012	0.415201	1.01382
139.904	0.4152	1.0138
139.794	0.415178	1.0138
139.684	0.415168	1.01378
139.573	0.415157	1.01369
139.466	0.415146	1.01371
139.357	0.415146	1.01369
139.248	0.415131	1.01366
139.142	0.415118	1.01357
139.033	0.415103	1.01355
138.924	0.415104	1.0135
138.815	0.415097	1.01352
138.708	0.415075	1.01344
138.597	0.415067	1.01342
138.488	0.415075	1.01343
138.379	0.415059	1.01338
138.27	0.41505	1.01336
138.161	0.415041	1.01331
138.052	0.415012	1.01328
137.945	0.415016	1.0133
137.833	0.415024	1.01323
137.727	0.415	1.01317
137.617	0.414992	1.01318
137.507	0.414965	1.01317
137.399	0.414983	1.01312
137.291	0.414967	1.01302
137.184	0.414927	1.013
137.075	0.414912	1.01301
136.967	0.414914	1.01297
136.858	0.414901	1.01293
136.749	0.414896	1.01294
136.64	0.414876	1.0129
136.53	0.414866	1.01288
136.422	0.414859	1.01288
136.313	0.414847	1.01283
136.202	0.414832	1.0128
136.094	0.414824	1.01278
135.986	0.414785	1.01275
135.876	0.414795	1.01275
135.768	0.414782	1.01271
135.66	0.414778	1.01268
135.549	0.414761	1.01264
135.44	0.414757	1.01265
135.332	0.414726	1.01263
135.222	0.414745	1.01257
135.113	0.414718	1.01256
135.002	0.414673	1.01257
134.894	0.414659	1.01254
134.786	0.414639	1.01252
134.675	0.414623	1.01249
134.567	0.414627	1.01242
134.458	0.41463	1.01243
134.347	0.414618	1.01245
134.24	0.414587	1.01239
134.132	0.414582	1.01237
134.024	0.414575	1.01231
133.915	0.414569	1.01235
133.806	0.414547	1.01231
133.696	0.414554	1.01222
133.587	0.414534	1.01218
133.478	0.414544	1.01218
133.368	0.414519	1.01215
133.26	0.414513	1.01214
133.152	0.414503	1.01209
133.043	0.414511	1.01206
132.934	0.414488	1.01205
132.826	0.414458	1.01202
132.718	0.414476	1.01198
132.608	0.414455	1.01196
132.501	0.414442	1.01187
132.393	0.414444	1.01189
132.284	0.414415	1.01186
132.172	0.41443	1.01185
132.064	0.414428	1.01181
131.957	0.414395	1.0118
131.845	0.414391	1.01172
131.738	0.414363	1.01177
131.629	0.414371	1.01171
131.52	0.414365	1.01159
131.411	0.414345	1.01156
131.303	0.414339	1.01151
131.194	0.41432	1.01147
131.085	0.414311	1.01148
130.978	0.414323	1.01149
130.868	0.414289	1.01146
130.759	0.414279	1.01139
130.652	0.41429	1.01137
130.543	0.414268	1.01135
130.434	0.414249	1.01134
130.327	0.414251	1.01129
130.218	0.414247	1.0113
130.107	0.414237	1.01126
129.999	0.41418	1.01128
129.891	0.414168	1.01122
129.78	0.414162	1.0112
129.674	0.41415	1.01118
129.566	0.41415	1.0112
129.458	0.414155	1.01114
129.349	0.414121	1.01107
129.24	0.414125	1.01111
129.131	0.414115	1.01106
129.02	0.4141	1.01103
128.911	0.414102	1.01104
128.802	0.414075	1.01097
128.692	0.41407	1.011
128.584	0.414068	1.011
128.476	0.414058	1.01092
128.365	0.414045	1.01091
128.256	0.41404	1.01084
128.149	0.414013	1.01086
128.039	0.414027	1.01084
127.933	0.413995	1.0108
127.825	0.413992	1.01078
127.716	0.413987	1.01073
127.606	0.413975	1.01071
127.498	0.413961	1.01074
127.391	0.413963	1.01066
127.281	0.413956	1.01063
127.172	0.413954	1.01066
127.064	0.413947	1.01061
126.954	0.413894	1.01056
126.847	0.413892	1.01057
126.737	0.413873	1.01056
126.629	0.413878	1.01053
126.522	0.41387	1.01039
126.413	0.413865	1.01036
126.305	0.413858	1.01035
126.198	0.41384	1.01032
126.088	0.413831	1.01032
125.979	0.413826	1.01033
125.87	0.413808	1.01025
125.763	0.413809	1.01026
125.654	0.413792	1.01023
125.546	0.413789	1.0102
125.436	0.413782	1.0102
125.326	0.41376	1.01014
125.218	0.413763	1.01012
125.109	0.413751	1.01012
125	0.413745	1.0101
124.889	0.413731	1.01006
124.783	0.413721	1.01005
124.674	0.413704	1.00998
124.564	0.413696	1.01002
124.456	0.413688	1.00994
124.347	0.413678	1.00993
124.24	0.413673	1.00992
124.129	0.41366	1.00989
124.02	0.413659	1.00986
123.911	0.413638	1.00986
123.803	0.413631	1.00984
123.695	0.413619	1.00984
123.588	0.413605	1.00982
123.478	0.413606	1.00969
123.368	0.413595	1.00969
123.26	0.413557	1.00964
123.15	0.413564	1.00965
123.042	0.413571	1.00964
122.933	0.413549	1.00962
122.826	0.413542	1.00961
122.718	0.413535	1.00956
122.61	0.413527	1.00954
122.501	0.413525	1.00953
122.393	0.413514	1.00949
122.284	0.4135	1.00949
122.177	0.413503	1.00945
122.067	0.413464	1.00944
121.959	0.413459	1.00942
121.849	0.413439	1.00937
121.74	0.413444	1.00938
121.632	0.413411	1.00935
121.523	0.413415	1.00933
121.415	0.413413	1.0093
121.306	0.413407	1.00927
121.197	0.41339	1.00923
121.089	0.413388	1.00921
120.981	0.413363	1.00919
120.873	0.413365	1.00917
120.763	0.413347	1.00916
120.654	0.413348	1.00912
120.546	0.413332	1.00912
120.437	0.413316	1.00907
120.329	0.413327	1.00905
120.221	0.413331	1.00902
120.112	0.413291	1.00899
120.003	0.41329	1.00899
119.894	0.413278	1.00897
119.785	0.413271	1.00887
119.677	0.413255	1.00889
119.567	0.413258	1.00891
119.459	0.413247	1.00885
119.349	0.413246	1.00884
119.24	0.413233	1.00882
119.132	0.413224	1.0088
119.022	0.41322	1.00879
118.913	0.413216	1.00877
118.805	0.413187	1.00873
118.696	0.413178	1.00874
118.588	0.413186	1.00864
118.48	0.413161	1.00863
118.374	0.413157	1.00858
118.265	0.413127	1.0086
118.156	0.41312	1.00852
118.049	0.413116	1.00853
117.94	0.413092	1.00852
117.831	0.413107	1.00851
117.724	0.413091	1.00846
117.615	0.413065	1.00846
117.506	0.413073	1.0084
117.397	0.413048	1.0084
117.289	0.41305	1.00836
117.18	0.413023	1.00836
117.071	0.413023	1.00832
116.962	0.413037	1.00828
116.853	0.413027	1.00831
116.745	0.413027	1.00832
116.635	0.413001	1.00822
116.527	0.412991	1.00822
116.421	0.412992	1.00819
116.313	0.412979	1.00817
116.204	0.412963	1.00814
116.094	0.412954	1.00814
115.984	0.412957	1.00812
115.876	0.412938	1.00811
115.767	0.412931	1.00808
115.66	0.412932	1.00806
115.55	0.412906	1.00805
115.441	0.412881	1.00804
115.332	0.412874	1.00797
115.224	0.412867	1.00795
115.115	0.41285	1.00797
115.007	0.412832	1.00791
114.898	0.412833	1.0079
114.788	0.412821	1.00782
114.68	0.412826	1.00781
114.571	0.412783	1.0078
114.463	0.412809	1.00774
114.355	0.412791	1.00777
114.246	0.412789	1.00773
114.137	0.412771	1.00767
114.031	0.412759	1.00769
113.921	0.412749	1.00763
113.812	0.412758	1.00764
113.705	0.412741	1.00757
113.597	0.412739	1.00757
113.487	0.412724	1.0076
113.379	0.412725	1.00758
113.27	0.412716	1.00758
113.162	0.412695	1.00752
113.054	0.412709	1.00749
112.947	0.412689	1.00749
112.838	0.412663	1.00746
112.731	0.412667	1.00742
112.622	0.412649	1.0074
112.513	0.412668	1.00741
112.405	0.412653	1.00736
112.297	0.412641	1.00735
112.189	0.412644	1.00735
112.079	0.412624	1.00728
111.971	0.412619	1.00722
111.862	0.41261	1.00721
111.755	0.412594	1.00719
111.647	0.412588	1.00715
111.54	0.412583	1.0071
111.43	0.412572	1.00711
111.323	0.412574	1.00708
111.213	0.412565	1.00709
111.105	0.412555	1.00698
110.996	0.412556	1.00705
110.888	0.412543	1.007
110.779	0.412529	1.007
110.672	0.41252	1.00696
110.564	0.412495	1.00693
110.456	0.412494	1.0069
110.347	0.412485	1.00692
110.24	0.412474	1.00688
110.132	0.412452	1.00688
110.025	0.412461	1.00684
109.916	0.412467	1.00684
109.806	0.41245	1.00682
109.7	0.412421	1.00677
109.592	0.412406	1.0068
109.484	0.412427	1.00675
109.376	0.412386	1.00669
109.266	0.412383	1.0067
109.158	0.412321	1.00666
109.049	0.412298	1.0067
108.939	0.412287	1.00667
108.832	0.41228	1.00664
108.724	0.412288	1.00664
108.616	0.412285	1.0066
108.508	0.412264	1.00658
108.399	0.412273	1.00656
108.29	0.412263	1.00652
108.181	0.412234	1.00651
108.073	0.412228	1.0065
107.963	0.412241	1.00647
107.856	0.412218	1.00647
107.749	0.412206	1.00645
107.639	0.412214	1.00643
107.531	0.412199	1.00643
107.424	0.412201	1.0064
107.316	0.412175	1.00636
107.207	0.412187	1.00634
107.1	0.412189	1.00628
106.994	0.412149	1.00628
106.885	0.412155	1.00626
106.777	0.412132	1.00623
106.668	0.412125	1.00618
106.561	0.4121	1.0062
106.453	0.412119	1.00621
106.345	0.41209	1.00617
106.237	0.412087	1.0061
106.13	0.412091	1.00606
106.022	0.412082	1.00612
105.913	0.412043	1.00602
105.805	0.412024	1.00601
105.697	0.412005	1.00586
105.588	0.412008	1.0058
105.481	0.411997	1.00577
105.374	0.411994	1.00576
105.266	0.411973	1.00578
105.158	0.411969	1.00577
105.05	0.411962	1.00572
104.944	0.411922	1.00574
104.835	0.41192	1.00572
104.728	0.41192	1.00564
104.618	0.411922	1.00563
104.51	0.411909	1.00566
104.402	0.411903	1.00561
104.294	0.411889	1.00558
104.187	0.411887	1.0056
104.079	0.411872	1.00556
103.971	0.411884	1.00556
103.864	0.411845	1.0055
103.755	0.411856	1.00553
103.647	0.411832	1.00554
103.537	0.411836	1.00544
103.43	0.411836	1.00545
103.322	0.41182	1.0054
103.214	0.411816	1.00538
103.106	0.411815	1.00532
102.998	0.411812	1.00536
102.891	0.411813	1.00529
102.782	0.4118	1.00529
102.674	0.411795	1.0053
102.567	0.411775	1.00527
102.457	0.411756	1.00518
102.352	0.411764	1.00513
102.243	0.411728	1.00509
102.136	0.411741	1.00509
102.027	0.411743	1.00507
101.919	0.411703	1.00506
101.811	0.41169	1.00501
101.703	0.411688	1.005
101.595	0.411674	1.00498
101.488	0.411677	1.00488
101.382	0.411664	1.00488
101.272	0.411658	1.00488
101.165	0.41165	1.00488
101.057	0.411637	1.00485
100.95	0.411633	1.00484
100.841	0.411633	1.0048
100.734	0.411627	1.0048
100.626	0.411608	1.00476
100.519	0.411605	1.00479
100.409	0.411598	1.0047
100.302	0.411588	1.00472
100.193	0.411579	1.00466
100.085	0.411589	1.00467
99.9789	0.411535	1.00467
99.871	0.411522	1.00464
99.7621	0.411524	1.00462
99.6543	0.411516	1.00462
99.5466	0.411528	1.00462
99.439	0.411502	1.00462
99.3311	0.411505	1.00459
99.2244	0.411492	1.00458
99.1161	0.41148	1.00453
99.0092	0.411477	1.00448
98.9009	0.411458	1.0045
98.7931	0.411461	1.00441
98.6851	0.411445	1.00444
98.5779	0.411434	1.00445
98.4691	0.411441	1.00435
98.3596	0.411424	1.00432
98.2519	0.411434	1.00431
98.1432	0.411399	1.00428
98.0353	0.411384	1.00429
97.9279	0.411386	1.00425
97.8207	0.411387	1.00424
97.7125	0.411373	1.00422
97.6046	0.411357	1.00419
97.4963	0.411346	1.00418
97.3874	0.411357	1.00418
97.2795	0.411336	1.00416
97.1721	0.411324	1.00412
97.0643	0.411319	1.00411
96.9569	0.411315	1.00409
96.8488	0.411311	1.00407
96.742	0.411289	1.00405
96.635	0.411298	1.00407
96.5264	0.411284	1.00394
96.4189	0.411266	1.00391
96.3108	0.411254	1.00391
96.2028	0.411244	1.00389
96.0941	0.411254	1.00392
95.986	0.411241	1.00386
95.8772	0.411236	1.00387
95.7697	0.411216	1.00384
95.6618	0.411222	1.00381
95.5531	0.411208	1.0038
95.4446	0.411214	1.00375
95.3363	0.411174	1.00376
95.2285	0.411184	1.00372
95.1213	0.411185	1.00369
95.0118	0.411172	1.00371
94.9035	0.411152	1.00367
94.7952	0.411136	1.00369
94.6873	0.41114	1.00361
94.5794	0.411139	1.00357
94.4714	0.411135	1.00358
94.3628	0.411121	1.00358
94.2544	0.411127	1.00354
94.1457	0.411113	1.0035
94.0376	0.411091	1.00348
93.9304	0.411084	1.00351
93.8224	0.411076	1.00346
93.7139	0.411084	1.00343
93.6067	0.411075	1.00341
93.4994	0.411049	1.0034
93.3908	0.411042	1.00339
93.2827	0.411041	1.00334
93.1737	0.411029	1.00336
93.0656	0.411038	1.00333
92.9564	0.411023	1.00328
92.8482	0.41101	1.00325
92.7399	0.410997	1.00323
92.6321	0.411003	1.00325
92.5238	0.411003	1.00322
92.4152	0.410983	1.00321
92.3067	0.410969	1.00316
92.1989	0.410984	1.00318
92.0901	0.410958	1.00314
91.9822	0.410951	1.00316
91.8749	0.410944	1.00306
91.7669	0.410925	1.00308
91.6601	0.410921	1.00309
91.5512	0.410926	1.00306
91.4444	0.410916	1.003
91.3356	0.41089	1.00297
91.2274	0.410894	1.00298
91.1203	0.410898	1.00297
91.0115	0.410886	1.00296
90.9031	0.410878	1.00293
90.7956	0.41087	1.00294
90.6874	0.410859	1.00291
90.5797	0.410858	1.00286
90.4707	0.410868	1.00284
90.3631	0.410861	1.00282
90.2538	0.410846	1.00284
90.145	0.410842	1.00282
90.0363	0.410845	1.00275
89.9279	0.410831	1.00274
89.8201	0.410839	1.00274
89.711	0.410832	1.00271
89.603	0.410824	1.00273
89.4949	0.410823	1.00269
89.3863	0.410804	1.00266
89.2789	0.410817	1.00263
89.171	0.410811	1.00264
89.0627	0.410801	1.00264
88.9549	0.410796	1.00259
88.8457	0.41077	1.00256
88.7372	0.410767	1.0026
88.6282	0.410757	1.00253
88.5187	0.410761	1.00252
88.4098	0.410743	1.0025
88.3011	0.410749	1.00245
88.1922	0.410744	1.00244
88.0835	0.410738	1.00246
87.9754	0.410717	1.00243
87.8661	0.410702	1.00237
87.7569	0.410717	1.00238
87.6476	0.410718	1.00239
87.5391	0.410701	1.00236
87.431	0.410692	1.00234
87.3213	0.410697	1.00232
87.2118	0.410687	1.00229
87.104	0.410678	1.00229
86.9946	0.410684	1.00231
86.8867	0.410674	1.0023
86.7785	0.410674	1.00226
86.6697	0.410674	1.00225
86.561	0.410651	1.00226
86.4514	0.410661	1.00222
86.3435	0.410661	1.00224
86.2339	0.410655	1.00222
86.1252	0.410646	1.00221
86.0164	0.41064	1.0022
85.9077	0.410648	1.00216
85.7986	0.410621	1.00219
85.6903	0.410623	1.00217
85.5818	0.410631	1.00215
85.4729	0.410621	1.00214
85.3645	0.410618	1.00207
85.2548	0.410599	1.00207
85.1459	0.41061	1.00204
85.0372	0.410598	1.00205
84.928	0.410595	1.00201
84.8186	0.410591	1.00202
84.7092	0.410587	1.00201
84.6016	0.410567	1.00199
84.4929	0.410581	1.00194
84.384	0.410578	1.00191
84.2755	0.410563	1.00195
84.1663	0.410563	1.00195
84.0572	0.410569	1.00191
83.9484	0.410559	1.00188
83.84	0.410555	1.0019
83.7308	0.410559	1.00187
83.6221	0.410547	1.00185
83.5139	0.410538	1.00186
83.4049	0.410529	1.00184
83.2956	0.410536	1.00184
83.1864	0.41053	1.00184
83.0766	0.410533	1.00178
82.9677	0.410525	1.00181
82.8582	0.410516	1.00181
82.7495	0.410514	1.00179
82.6406	0.410516	1.00177
82.5315	0.410493	1.00176
82.4219	0.410503	1.00178
82.3119	0.410481	1.00171
82.2019	0.410497	1.00171
82.0935	0.41049	1.00173
81.9851	0.410491	1.00171
81.8769	0.410482	1.0017
81.7669	0.410474	1.00166
81.6579	0.410467	1.00168
81.5493	0.410457	1.00165
81.44	0.410471	1.00165
81.3317	0.410454	1.00164
81.2235	0.410465	1.00163
81.1154	0.410452	1.00158
81.0062	0.410444	1.00161
80.8976	0.410435	1.0016
80.7889	0.41045	1.00157
80.6804	0.41042	1.00157
80.5701	0.410431	1.00158
80.4608	0.410424	1.00156
80.3521	0.410425	1.00155
80.2431	0.410416	1.00156
80.1337	0.410422	1.00153
80.025	0.410414	1.00151
79.9156	0.410405	1.00148
79.8057	0.410396	1.0015
79.6972	0.410407	1.00149
79.588	0.410399	1.00149
79.4801	0.410388	1.00148
79.3714	0.410393	1.00145
79.2626	0.410391	1.00145
79.1534	0.410387	1.00145
79.045	0.410377	1.0014
78.9347	0.410378	1.00142
78.8253	0.410373	1.00137
78.7156	0.410369	1.00141
78.6073	0.410365	1.00139
78.4982	0.410347	1.00139
78.3889	0.410354	1.00137
78.2793	0.410356	1.00135
78.1705	0.410353	1.00133
78.0605	0.410338	1.00131
77.953	0.410342	1.00134
77.8435	0.410328	1.0013
77.7343	0.41034	1.00133
77.6239	0.410327	1.0013
77.5153	0.410326	1.00128
77.4052	0.410325	1.00126
77.2963	0.410328	1.00129
77.1881	0.410305	1.00122
77.0793	0.410312	1.00125
76.9711	0.410301	1.00123
76.8619	0.410294	1.00123
76.753	0.41031	1.00121
76.6431	0.410292	1.00123
76.5341	0.410286	1.0012
76.4253	0.410272	1.00118
76.3153	0.410288	1.00116
76.2065	0.410283	1.00119
76.0978	0.410267	1.00117
75.9879	0.410271	1.00114
75.8792	0.410258	1.00115
75.771	0.410253	1.00115
75.6617	0.410247	1.00114
75.5518	0.410249	1.00112
75.4434	0.410246	1.00112
75.3334	0.410245	1.0011
75.225	0.410251	1.00109
75.1154	0.410231	1.00109
75.0061	0.410235	1.00104
74.8958	0.41022	1.00106
74.7863	0.41023	1.00106
74.6784	0.410212	1.00106
74.5685	0.410215	1.00102
74.4602	0.410198	1.00103
74.352	0.410216	1.001
74.2421	0.410193	1.00103
74.1328	0.4102	1.00099
74.0242	0.410182	1.00099
73.9163	0.410192	1.00099
73.8071	0.410191	1.001
73.6988	0.410184	1.00094
73.5902	0.410178	1.00096
73.4809	0.410186	1.00093
73.3717	0.410169	1.00091
73.2627	0.410167	1.00095
73.1538	0.41016	1.00091
73.0451	0.410153	1.00089
72.937	0.410164	1.00086
72.8281	0.410157	1.0009
72.719	0.410143	1.00089
72.6099	0.410141	1.00085
72.5005	0.410133	1.00086
72.3905	0.410142	1.00082
72.2809	0.410125	1.00081
72.1721	0.410135	1.0008
72.0619	0.410127	1.0008
71.9531	0.410119	1.0008
71.8447	0.410121	1.00079
71.7364	0.410106	1.00081
71.6276	0.410106	1.00076
71.5194	0.410095	1.00077
71.4107	0.410103	1.00073
71.3012	0.410085	1.00076
71.1924	0.410089	1.00071
71.0835	0.410085	1.00072
70.9745	0.410077	1.00068
70.8655	0.410078	1.00072
70.7559	0.410072	1.00067
70.6476	0.410076	1.00068
70.5395	0.410056	1.00064
70.4306	0.410064	1.00066
70.3215	0.410056	1.00066
70.213	0.410062	1.00064
70.1041	0.410046	1.00063
69.9958	0.410039	1.00065
69.8873	0.410039	1.00061
69.7782	0.41002	1.0006
69.6783	0.410031	1.00058
69.5666	0.410028	1.00057
69.4561	0.410016	1.00059
69.3486	0.410034	1.00058
69.2386	0.410024	1.00054
69.1321	0.410017	1.00054
69.0234	0.410011	1.00052
68.9151	0.409998	1.00054
68.8072	0.409994	1.0005
68.7001	0.410008	1.00052
68.5928	0.409997	1.00051
68.4854	0.409998	1.00049
68.375	0.410004	1.00049
68.2675	0.409975	1.00045
68.1609	0.409982	1.00045
68.0521	0.409988	1.00043
67.9463	0.409978	1.00045
67.8382	0.409967	1.0004
67.7298	0.409975	1.00041
67.6218	0.409962	1.0004
67.5142	0.409972	1.00038
67.4073	0.409959	1.00038
67.2977	0.409944	1.00037
67.1904	0.409946	1.00038
67.0824	0.409949	1.00033
66.9749	0.409945	1.00035
66.8683	0.409933	1.00033
66.7588	0.409931	1.00035
66.6509	0.409931	1.00031
66.5434	0.409915	1.00029
66.4356	0.409945	1.00029
66.3281	0.409923	1.00024
66.2212	0.409922	1.00027
66.1128	0.409905	1.00026
66.0033	0.409913	1.00023
65.8975	0.409928	1.00028
65.7913	0.409905	1.00025
65.6838	0.409894	1.00024
65.5789	0.409891	1.00022
65.4737	0.409896	1.00019
65.3666	0.409891	1.00018
65.2596	0.409887	1.00021
65.1503	0.409884	1.00019
65.0426	0.409887	1.00019
64.9365	0.409884	1.0002
64.8289	0.409871	1.00013
64.7199	0.409876	1.00015
64.6116	0.409872	1.00016
64.5049	0.409875	1.00014
64.4	0.409852	1.00011
64.2915	0.409864	1.00014
64.1848	0.409871	1.0001
64.0767	0.409855	1.00013
63.9708	0.40984	1.00009
63.8631	0.409839	1.00006
63.7561	0.409827	1.00006
63.6493	0.409849	1.00007
63.542	0.409843	1.00006
63.4346	0.409823	1.00003
63.3265	0.409826	1.00003
63.2194	0.409817	1.00003
63.1121	0.40981	0.999988
63.0048	0.409823	1.00006
62.8976	0.409814	1.00001
62.7919	0.409816	1
62.6853	0.409804	0.999963
62.5787	0.409804	0.999982
62.47	0.409804	1.00002
62.3631	0.409782	0.999963
62.2559	0.409793	0.999935
62.1482	0.409798	0.99993
62.0423	0.409796	0.999941
61.9353	0.409797	0.999929
61.8278	0.409781	0.999919
61.721	0.409771	0.999913
61.6157	0.40977	0.999918
61.5085	0.409765	0.999912
61.4042	0.409749	0.999881
61.2978	0.409775	0.999892
61.1895	0.409747	0.999883
61.0821	0.409744	0.999889
60.974	0.409756	0.999834
60.8665	0.409746	0.999863
60.761	0.409737	0.999881
60.653	0.409726	0.999842
60.5466	0.409739	0.999805
60.4388	0.409724	0.999801
60.3327	0.409734	0.999772
60.2253	0.409722	0.999827
60.1167	0.409728	0.999812
60.0106	0.409712	0.999763
59.9043	0.409711	0.99977
59.7978	0.409726	0.999749
59.6921	0.409703	0.999731
59.5838	0.40971	0.999762
59.4769	0.409696	0.999741
59.3708	0.409703	0.999747
59.2626	0.409687	0.999716
59.1553	0.409685	0.999716
59.0485	0.409696	0.999717
58.941	0.409678	0.999662
58.8332	0.409683	0.99969
58.7264	0.409673	0.999702
58.6197	0.409669	0.999698
58.5129	0.409674	0.9997
58.4056	0.409653	0.99966
58.2974	0.409657	0.999636
58.1898	0.409653	0.999635
58.0825	0.40964	0.999622
57.9746	0.409654	0.999583
57.8674	0.40965	0.999646
57.7608	0.409636	0.999578
57.6532	0.409632	0.99957
57.5466	0.409628	0.999599
57.4389	0.409629	0.999575
57.3323	0.409645	0.999554
57.2239	0.409628	0.999526
57.1168	0.409613	0.999558
57.0088	0.409622	0.999521
56.9022	0.409611	0.999545
56.7936	0.409613	0.999517
56.6846	0.409605	0.99953
56.5788	0.409603	0.999494
56.4716	0.409611	0.99949
56.3641	0.409602	0.999526
56.2563	0.409598	0.99947
56.1503	0.409594	0.999489
56.0431	0.409591	0.999454
55.9349	0.409577	0.999471
55.827	0.409582	0.999431
55.7208	0.409582	0.999426
55.614	0.409572	0.999452
55.5058	0.409553	0.999411
55.3987	0.409571	0.999422
55.2903	0.409561	0.999398
55.1829	0.409565	0.999387
55.0752	0.409572	0.999399
54.9679	0.409555	0.999349
54.8599	0.409564	0.999359
54.7521	0.409552	0.999347
54.6446	0.409549	0.999317
54.5363	0.409548	0.99935
54.4288	0.409542	0.999341
54.3216	0.409547	0.999306
54.2135	0.409545	0.999297
54.1076	0.409538	0.999288
53.9995	0.40954	0.999289
53.8925	0.409519	0.99933
53.7861	0.409523	0.999287
53.6784	0.409524	0.999251
53.5714	0.409517	0.999274
53.4624	0.40951	0.999246
53.3573	0.409503	0.99925
53.2501	0.409514	0.999232
53.1403	0.409513	0.999226
53.033	0.409513	0.999246
52.9257	0.409493	0.999224
52.8195	0.409488	0.999214
52.7117	0.409486	0.999204
52.6045	0.40948	0.999198
52.4963	0.409491	0.999163
52.3885	0.409477	0.999176
52.2803	0.409486	0.999174
52.1718	0.409475	0.999151
52.0633	0.409468	0.999103
51.9554	0.409492	0.999149
51.8475	0.409469	0.999125
51.7405	0.409465	0.999135
51.6317	0.409455	0.999151
51.5247	0.409466	0.99911
51.4169	0.409451	0.999132
51.3118	0.409455	0.999102
51.2037	0.409467	0.999096
51.0962	0.40944	0.999092
50.9885	0.409445	0.999078
50.8784	0.409433	0.999091
50.7701	0.409436	0.999085
50.6621	0.409442	0.999069
50.5543	0.409447	0.999072
50.4468	0.409426	0.999022
50.3373	0.409425	0.999031
50.2286	0.409433	0.999033
50.1218	0.409427	0.999017
50.0133	0.409422	0.999
49.9051	0.409415	0.998982
49.7968	0.409421	0.999009
49.6887	0.409414	0.999006
49.5817	0.409403	0.999006
49.4727	0.409408	0.998959
49.364	0.409408	0.998945
49.2565	0.409399	0.998941
49.1482	0.409413	0.998927
49.0397	0.409392	0.998952
48.9318	0.409386	0.998918
48.8225	0.409387	0.99894
48.7133	0.409396	0.998914
48.6065	0.409372	0.998896
48.4973	0.40937	0.998955
48.3899	0.409398	0.998899
48.2796	0.409384	0.998889
48.1717	0.409383	0.998866
48.0626	0.409371	0.998891
47.9545	0.40938	0.998856
47.8456	0.409371	0.998865
47.7366	0.409367	0.998894
47.629	0.40937	0.99883
47.5204	0.409358	0.998842
47.4124	0.409359	0.998811
47.3053	0.409358	0.99882
47.1961	0.409367	0.998835
47.0862	0.409346	0.998847
46.9781	0.409334	0.998794
46.8681	0.409352	0.998791
46.7595	0.409338	0.998812
46.6497	0.409348	0.998796
46.5406	0.409331	0.998785
46.4323	0.409334	0.998768
46.3233	0.409346	0.998784
46.215	0.40934	0.998766
46.1048	0.409339	0.99874
45.9963	0.409324	0.998752
45.8862	0.409315	0.998751
45.7776	0.409318	0.998728
45.6691	0.409305	0.998764
45.5598	0.409312	0.998711
45.4504	0.40931	0.998697
45.3403	0.409313	0.9987
45.2313	0.409314	0.998721
45.1219	0.409298	0.998664
45.0117	0.409306	0.998657
44.9031	0.409302	0.998726
44.7943	0.409294	0.998693
44.6855	0.409299	0.99869
44.5752	0.40929	0.99866
44.466	0.409289	0.998683
44.3568	0.409281	0.99866
44.2477	0.409287	0.99865
44.1384	0.409289	0.998659
44.0279	0.409297	0.998628
43.9181	0.409291	0.998632
43.8085	0.409285	0.998629
43.6996	0.40927	0.99865
43.5889	0.409283	0.998599
43.4791	0.409267	0.998569
43.3674	0.409281	0.998614
43.2576	0.409272	0.998579
43.1476	0.40925	0.998605
43.0386	0.409272	0.998562
42.928	0.40927	0.998571
42.8173	0.409257	0.9986
42.7077	0.409245	0.998585
42.5969	0.409254	0.998582
42.4865	0.409249	0.998546
42.3765	0.409257	0.998524
42.2668	0.409245	0.998531
42.1568	0.409243	0.998499
42.0455	0.409238	0.998517
41.9361	0.40925	0.998512
41.824	0.409244	0.998518
41.7133	0.40924	0.998522
41.6035	0.409245	0.998483
41.4922	0.409238	0.998501
41.3821	0.409233	0.998491
41.2724	0.409216	0.998474
41.1617	0.409232	0.998486
41.0513	0.409228	0.998462
40.9412	0.409225	0.99846
40.8302	0.409221	0.99844
40.7197	0.409231	0.998455
40.6088	0.409229	0.99846
40.4972	0.409229	0.998481
40.3869	0.409222	0.998466
40.2753	0.409213	0.99845
40.1619	0.409212	0.998415
40.051	0.409225	0.998446
39.94	0.409207	0.998406
39.828	0.409214	0.998441
39.7166	0.409216	0.998418
39.6058	0.409205	0.998366
39.4926	0.4092	0.998419
39.3809	0.409202	0.998413
39.2709	0.409204	0.998382
39.1607	0.409205	0.998353
39.0496	0.409204	0.998376
38.9372	0.4092	0.998363
38.8257	0.409203	0.998383
38.7132	0.409198	0.998354
38.6016	0.409187	0.998348
38.4898	0.409177	0.998337
38.3778	0.409187	0.998366
38.2662	0.409182	0.998351
38.1538	0.40918	0.998342
38.0423	0.409186	0.998352
37.9288	0.409178	0.998336
37.8152	0.409169	0.998324
37.7022	0.409183	0.998281
37.5898	0.409182	0.998321
37.4771	0.409161	0.998312
37.3648	0.409179	0.998305
37.2518	0.409181	0.998294
37.1398	0.409164	0.998318
37.0273	0.409161	0.998315
36.9158	0.409161	0.998315
36.8013	0.409178	0.998297
36.6881	0.409156	0.998276
36.5744	0.409163	0.998273
36.4606	0.40915	0.998306
36.3471	0.409184	0.99826
36.2337	0.409162	0.998277
36.12	0.409155	0.998284
36.0071	0.409156	0.998257
35.8948	0.409142	0.998244
35.7809	0.40915	0.998249
35.6686	0.409173	0.998252
35.5543	0.409155	0.998255
35.4416	0.409161	0.998253
35.3283	0.40915	0.998243
35.2144	0.409152	0.99825
35.101	0.40915	0.998239
34.987	0.409146	0.998211
34.872	0.409145	0.998188
34.7593	0.409154	0.998211
34.6454	0.409136	0.998199
34.5307	0.409145	0.998194
34.4172	0.409145	0.99821
34.3053	0.409133	0.99819
34.1905	0.409144	0.998168
34.0765	0.409135	0.998202
33.964	0.409131	0.9982
33.8517	0.409136	0.998149
33.7387	0.409144	0.998193
33.6249	0.409138	0.998197
33.5127	0.40915	0.998155
33.3996	0.409137	0.998149
33.2864	0.409144	0.998148
33.1724	0.409134	0.998189
33.0587	0.409123	0.998136
32.9453	0.409119	0.998152
32.8319	0.409135	0.998123
32.7188	0.409141	0.998205
32.6063	0.409142	0.998151
32.4933	0.409126	0.998135
32.3805	0.409128	0.998135
32.2672	0.409132	0.998102
32.1534	0.409132	0.998121
32.0391	0.409124	0.998177
31.9252	0.40913	0.998133
31.8126	0.409126	0.998147
31.6983	0.409115	0.998122
31.5844	0.409136	0.998127
31.4698	0.409129	0.998121
31.358	0.409128	0.998111
31.2442	0.409121	0.998109
31.13	0.409124	0.998132
31.0168	0.40912	0.998088
30.9048	0.40911	0.998109
30.7924	0.409108	0.998109
30.6788	0.409113	0.99808
30.5654	0.409132	0.998106
30.4511	0.409117	0.998085
30.3373	0.409112	0.998075
30.2236	0.409118	0.998087
30.1099	0.409113	0.998106
29.9958	0.409112	0.998093
29.8834	0.409105	0.998122
29.7694	0.409117	0.998089
29.6573	0.409105	0.998106
29.5434	0.409123	0.998082
29.4303	0.409118	0.998056
29.3172	0.409124	0.998046
29.2026	0.409116	0.998084
29.0893	0.409115	0.9981
28.9756	0.40911	0.998102
28.862	0.409087	0.998063
28.7478	0.409113	0.998068
28.6349	0.409127	0.998077
28.5205	0.409105	0.998079
28.4079	0.40911	0.998058
28.2936	0.4091	0.998073
28.1783	0.409124	0.998064
28.0656	0.409103	0.998036
27.9508	0.409108	0.998087
27.8377	0.40911	0.99807
27.7242	0.409125	0.998067
27.6093	0.409107	0.998052
27.4949	0.409111	0.998059
27.38	0.409113	0.998049
27.2664	0.409117	0.998023
27.1516	0.409122	0.998019
27.0388	0.409127	0.998032
26.9248	0.409107	0.998079
26.812	0.409109	0.99804
26.6978	0.409107	0.99803
26.5836	0.409103	0.998042
26.469	0.409105	0.99803
26.3545	0.40912	0.99803
26.2392	0.409115	0.998011
26.1251	0.409111	0.998042
26.0095	0.40912	0.998012
25.8958	0.409107	0.998055
25.7806	0.409114	0.998042
25.6665	0.409114	0.998057
25.5525	0.409117	0.998038
25.4377	0.409116	0.998037
25.3229	0.409127	0.998023
25.2083	0.40911	0.997969
25.0926	0.409115	0.998032
24.9777	0.40912	0.998066
24.8622	0.409107	0.998012
24.7465	0.409116	0.998024
24.6306	0.409125	0.997999
24.512	0.409116	0.998058
24.3965	0.409117	0.998007
24.2818	0.40911	0.998019
24.1664	0.409122	0.998024
24.0486	0.409116	0.998061
23.9325	0.409119	0.998017
23.8168	0.409128	0.998027
23.6985	0.409134	0.998032
23.5818	0.409129	0.998041
23.4633	0.409119	0.998052
23.3461	0.409114	0.998065
23.2291	0.409131	0.998016
23.1114	0.409144	0.998021
22.996	0.409124	0.998016
22.877	0.409123	0.998006
22.7584	0.409147	0.998012
22.6404	0.409134	0.998049
22.5207	0.409128	0.998036
22.4003	0.409135	0.998027
22.2831	0.409145	0.998049
22.1641	0.409137	0.998016
22.0448	0.409138	0.998033
21.9223	0.409137	0.998034
21.8056	0.409147	0.998042
21.6851	0.409146	0.998039
21.5643	0.409144	0.998065
21.4431	0.409147	0.998023
21.3241	0.409162	0.998035
21.2069	0.409144	0.998048
21.0861	0.409148	0.998017
20.9681	0.409146	0.998039
20.8468	0.409157	0.998061
20.7296	0.409161	0.998038
20.6095	0.409162	0.998042
20.492	0.409163	0.998024
20.4144	0.409147	0.998054
20.3363	0.40917	0.998038
20.2577	0.409169	0.998046
20.1801	0.409157	0.998067
20.1043	0.409158	0.998082
20.0282	0.409159	0.99807
19.9547	0.409164	0.998046
19.8818	0.409148	0.998033
17.4212	0.409206	0.998076
17.2914	0.409211	0.998106
17.1753	0.409213	0.998057
17.0583	0.409204	0.998055
16.9407	0.409217	0.998113
16.8219	0.409228	0.998082
16.704	0.40922	0.998068
16.585	0.409214	0.998085
16.4635	0.409233	0.99811
16.3442	0.40924	0.99809
16.2243	0.409252	0.998092
16.103	0.409241	0.998089
15.982	0.409238	0.998113
15.8602	0.409257	0.998111
15.7604	0.409249	0.998106
15.6768	0.409256	0.998114
15.5948	0.409258	0.998152
15.5118	0.409262	0.998108
15.4306	0.409269	0.998118
15.3493	0.409269	0.998111
15.2676	0.409261	0.99814
15.1913	0.409282	0.998149
15.1165	0.409263	0.998151
15.0412	0.409273	0.998152
14.9642	0.409272	0.998114
14.8874	0.409285	0.99817
14.8096	0.409289	0.998168
14.7309	0.409289	0.998138
14.6504	0.409289	0.998141
14.5755	0.409284	0.998143
14.4996	0.409296	0.998155
14.4226	0.409289	0.998116
14.3445	0.409298	0.998257
14.2639	0.409298	0.998271
14.1831	0.4093	0.998275
14.1012	0.409307	0.998253
14.022	0.409321	0.998286
13.9412	0.409319	0.998312
13.8601	0.409302	0.998292
13.7765	0.40932	0.998278
13.6919	0.409324	0.998325
13.6052	0.409323	0.99834
13.5176	0.409333	0.998371
13.4327	0.409343	0.998343
13.3443	0.409327	0.998336
13.2534	0.409347	0.998383
13.1613	0.409351	0.998364
13.069	0.409355	0.998381
12.9731	0.409356	0.998386
12.8781	0.409371	0.998394
12.7812	0.409373	0.998413
12.6807	0.409376	0.998411
12.58	0.409377	0.998392
12.4751	0.409371	0.998443
12.3704	0.409385	0.998398
12.2639	0.409406	0.998423
12.1534	0.409393	0.998418
12.0401	0.409418	0.998452
11.9256	0.409416	0.998462
11.8079	0.409416	0.998462
11.6887	0.409432	0.998461
11.5631	0.409422	0.998448
11.4384	0.409452	0.998478
11.3096	0.409447	0.998461
11.177	0.409447	0.998481
11.0412	0.40947	0.998482
10.9029	0.409474	0.998486
10.7619	0.409486	0.998506
10.6166	0.409486	0.998538
10.4674	0.409508	0.998534
10.3185	0.409509	0.998493
10.1653	0.409494	0.998537
10.0091	0.409513	0.998545
9.84822	0.409538	0.998543
9.6842	0.409535	0.998569
9.52079	0.409545	0.998593
9.3529	0.409572	0.998554
9.17867	0.409582	0.998602
9.00705	0.409588	0.998612
8.82795	0.409597	0.998621
8.6534	0.409618	0.998623
8.47856	0.409617	0.998659
8.32827	0.409643	0.998665
8.19468	0.409635	0.998672
8.06409	0.409646	0.998676
7.93696	0.409654	0.998661
7.81144	0.409667	0.998695
7.68527	0.409682	0.998747
7.5582	0.409698	0.998713
7.4393	0.409698	0.998774
7.33392	0.409715	0.99877
7.23555	0.40972	0.998771
7.14522	0.409721	0.998809
7.05633	0.409723	0.998786
6.9672	0.409736	0.998857
6.87686	0.409747	0.998846
6.78899	0.409773	0.998846
6.69963	0.409769	0.998903
6.61029	0.409769	0.998912
6.51921	0.409779	0.998941
6.43022	0.409802	0.99894
6.34122	0.409805	0.998994
6.2502	0.409816	0.998998
6.15726	0.409816	0.998961
6.06707	0.40982	0.999007
5.9748	0.409832	0.999068
5.88166	0.409849	0.99906
5.78742	0.409874	0.999086
5.69536	0.409872	0.99915
5.60193	0.409875	0.999176
5.50583	0.409874	0.999191
5.41435	0.409888	0.999212
5.3209	0.409889	0.999263
5.23898	0.409912	0.999262
5.17539	0.409915	0.999324
5.12294	0.409913	0.999304
5.07192	0.409917	0.999332
5.02183	0.40992	0.999352
4.97254	0.40993	0.999384
4.92355	0.409935	0.999418
4.8746	0.409936	0.999458
4.82969	0.409933	0.999459
4.78418	0.40994	0.9995
4.73964	0.409934	0.999512
4.69476	0.409943	0.999515
4.65009	0.409933	0.999519
4.60588	0.409936	0.99955
4.5646	0.409929	0.999577
4.52383	0.409943	0.999641
4.48327	0.409948	0.999632
4.44238	0.409938	0.99963
4.402	0.409947	0.999656
4.36221	0.409934	0.999711
4.32246	0.409937	0.999718
4.28573	0.409943	0.999746
4.2497	0.409935	0.999745
4.21361	0.409943	0.999756
4.17785	0.409934	0.999786
4.14249	0.409943	0.999826
4.10694	0.409944	0.999889
4.07235	0.409957	0.999884
4.03796	0.409947	0.999889
4.0063	0.409945	0.999889
3.97454	0.409943	0.999921
3.94291	0.40994	0.999924
3.91204	0.409945	0.99998
3.88124	0.409936	0.999988
3.85012	0.409935	0.999982
3.82096	0.409927	0.999993
3.79325	0.409936	1
3.76581	0.409941	1.00002
3.73811	0.409943	1.00004
3.71115	0.40994	1.00004
3.68471	0.40995	1.00003
3.6574	0.409941	1.00005
3.63217	0.409937	1.00003
3.60609	0.409936	1.00006
3.57961	0.40993	1.00003
3.55468	0.409927	1.00004
3.529	0.409939	1.00002
3.50344	0.40994	1.00005
3.47805	0.409925	1.00007
3.45399	0.409938	1.00004
3.42894	0.409925	1.00007
3.40381	0.409925	1.00003
3.37954	0.40994	1.00004
3.35514	0.409925	1.00006
3.33046	0.409922	1.00004
3.30667	0.40992	1.00006
3.28316	0.409921	1.00003
3.25969	0.409927	1.00005
3.23607	0.409931	1.00006
3.2123	0.409934	1.00009
3.18871	0.409908	1.00006
3.16544	0.409917	1.00006
3.14206	0.409921	1.00006
3.11965	0.409921	1.00005
3.09672	0.409912	1.00006
3.07426	0.409913	1.00004
3.05164	0.40992	1.00004
3.0292	0.409908	1.00002
3.00679	0.409897	1.00004
2.98448	0.409899	1.00005
2.96275	0.409919	1.00006
2.94089	0.409902	1.00005
2.91911	0.409916	1.00007
2.8936	0.409894	1.00005
2.85285	0.409907	1.00004
2.80208	0.409909	1.00004
2.74993	0.409884	1.00002
2.69737	0.409875	1.00002
2.64622	0.409895	1.00005
2.59845	0.409887	1.00005
2.55151	0.409862	1.00001
2.50551	0.409879	1.00004
2.46318	0.409874	1.00001
2.42195	0.409871	1.00001
2.38081	0.409875	1.00005
2.34296	0.40986	1.00001
2.30636	0.409864	1.00001
2.27037	0.409847	1
2.23553	0.409852	1
2.20341	0.409846	1.00002
2.17236	0.409839	1.00003
2.14227	0.409822	1.00003
2.11243	0.409821	0.99997
2.08461	0.409819	0.999993
2.05863	0.409807	1
2.03265	0.409808	1
2.00665	0.409809	0.99998
1.9809	0.409807	0.999983
1.95631	0.409795	1
1.93167	0.409786	0.99997
1.90698	0.409784	0.999945
1.88224	0.409793	0.999949
1.85589	0.409787	0.999998
1.83282	0.40977	0.999955
1.8089	0.409778	0.99999
1.77495	0.409758	0.999937
1.7262	0.409755	0.999967
1.67418	0.409748	0.999972
1.6239	0.409743	0.999913
1.58466	0.409741	0.999891
1.55626	0.409732	0.999938
1.5327	0.409744	0.999919
1.5169	0.409734	0.999859
