# 'Tdn_K_68.4G'	'Rdn_Ohm_68.4G'
292.662	6.7285
292.551	6.70437
292.44	6.68442
292.332	6.6598
292.22	6.64178
292.111	6.6225
292	6.59335
291.887	6.57566
291.847	6.57315
291.805	6.56116
291.764	6.55362
291.723	6.54533
291.683	6.53712
291.64	6.52775
291.601	6.51927
291.56	6.5134
291.518	6.50847
291.477	6.50236
291.433	6.49206
291.39	6.48301
291.347	6.48007
291.305	6.46826
291.264	6.46491
291.22	6.45318
291.178	6.45083
291.135	6.44001
291.091	6.43291
290.979	6.41254
290.87	6.3911
290.76	6.37315
290.648	6.35297
290.539	6.3347
290.426	6.31592
290.317	6.29412
290.206	6.2778
290.093	6.25879
289.984	6.2416
289.875	6.21797
289.762	6.19803
289.65	6.1786
289.542	6.16251
289.433	6.1413
289.319	6.12345
289.207	6.1047
289.098	6.08996
288.986	6.07
288.875	6.04981
288.763	6.03464
288.654	6.01729
288.543	5.99694
288.432	5.98527
288.322	5.95973
288.211	5.94625
288.098	5.92488
287.986	5.9067
287.873	5.89288
287.762	5.87645
287.651	5.85398
287.539	5.83304
287.433	5.82373
287.322	5.80798
287.211	5.78947
287.098	5.77046
286.99	5.7536
286.88	5.7355
286.772	5.72436
286.661	5.70527
286.55	5.68859
286.437	5.6699
286.329	5.65223
286.221	5.64108
286.11	5.62003
286	5.60606
285.891	5.58864
285.783	5.56827
285.673	5.55362
285.565	5.53266
285.455	5.518
285.344	5.50433
285.237	5.48641
285.128	5.47006
285.02	5.45296
284.911	5.43822
284.802	5.42103
284.695	5.40044
284.584	5.38141
284.48	5.36684
284.368	5.35342
284.258	5.33373
284.149	5.32008
284.041	5.30507
283.932	5.28924
283.821	5.2687
283.711	5.25162
283.601	5.23914
283.495	5.21887
283.385	5.20654
283.276	5.19297
283.166	5.17563
283.059	5.15745
282.948	5.14614
282.839	5.12996
282.732	5.1133
282.627	5.10121
282.515	5.0796
282.409	5.07256
282.298	5.05329
282.189	5.03871
282.084	5.01935
281.974	5.00696
281.866	4.99137
281.757	4.98099
281.65	4.96255
281.541	4.94906
281.435	4.937
281.325	4.91847
281.219	4.90759
281.108	4.88563
281	4.87399
280.892	4.85672
280.781	4.84942
280.673	4.83083
280.565	4.81416
280.459	4.80218
280.347	4.79153
280.24	4.77185
280.132	4.76154
280.022	4.74982
279.913	4.73699
279.804	4.71721
279.696	4.70163
279.587	4.69309
279.476	4.67591
279.368	4.66342
279.263	4.64993
279.153	4.63401
279.046	4.62796
278.94	4.61122
278.832	4.59732
278.724	4.58139
278.615	4.57292
278.506	4.56254
278.399	4.54712
278.291	4.53346
278.182	4.52243
278.074	4.50489
277.964	4.49401
277.858	4.48002
277.751	4.47322
277.642	4.45588
277.53	4.44515
277.422	4.43191
277.313	4.42018
277.207	4.40946
277.099	4.3963
276.988	4.38776
276.88	4.37268
276.77	4.36195
276.66	4.3508
276.549	4.34008
276.439	4.32341
276.329	4.30925
276.221	4.29987
276.11	4.29225
276.002	4.28168
275.892	4.26569
275.783	4.25638
275.675	4.24632
275.567	4.23401
275.457	4.22243
275.346	4.2114
275.24	4.19631
275.13	4.19085
275.021	4.17509
274.913	4.16454
274.804	4.14829
274.697	4.14109
274.588	4.13003
274.48	4.12349
274.372	4.10958
274.264	4.09525
274.157	4.08008
274.047	4.07522
273.938	4.06367
273.829	4.04924
273.721	4.03668
273.612	4.02269
273.502	4.01012
273.392	3.99757
273.288	3.98616
273.173	3.97988
273.065	3.96438
272.957	3.95725
272.849	3.94233
272.739	3.93672
272.63	3.91594
272.522	3.90622
272.412	3.8955
272.305	3.88537
272.197	3.87816
272.091	3.86291
271.98	3.85051
271.871	3.83836
271.767	3.8273
271.659	3.81917
271.55	3.80695
271.44	3.79857
271.329	3.7849
271.221	3.77411
271.113	3.76003
271.006	3.74905
270.896	3.74125
270.784	3.73313
270.676	3.71955
270.567	3.70958
270.459	3.69685
270.348	3.68997
270.238	3.67539
270.13	3.66407
270.021	3.65293
269.913	3.64154
269.804	3.63937
269.695	3.61925
269.587	3.61146
269.478	3.60418
269.37	3.59118
269.261	3.58247
269.151	3.56697
269.043	3.55851
268.932	3.54887
268.824	3.53378
268.713	3.52601
268.604	3.51811
268.494	3.50807
268.384	3.49978
268.276	3.48879
268.166	3.47799
268.057	3.46625
267.949	3.45494
267.837	3.44548
267.728	3.43626
267.616	3.42369
267.505	3.41405
267.397	3.40535
267.286	3.39488
267.175	3.3849
267.065	3.372
266.957	3.35976
266.846	3.35456
266.738	3.34704
266.63	3.33162
266.52	3.32172
266.409	3.31494
266.3	3.30698
266.19	3.29868
266.079	3.28612
265.973	3.27782
265.862	3.2655
265.752	3.25712
265.64	3.24858
265.532	3.2402
265.421	3.2319
265.312	3.22336
265.2	3.2128
265.089	3.2035
264.98	3.19043
264.872	3.18389
264.762	3.17711
264.653	3.16328
264.544	3.15524
264.435	3.14518
264.324	3.13706
264.218	3.12994
264.108	3.12273
263.998	3.10823
263.89	3.10271
263.779	3.09249
263.671	3.08536
263.563	3.0738
263.454	3.06601
263.344	3.05754
263.235	3.05176
263.124	3.03693
263.015	3.02797
262.906	3.01858
262.796	3.01089
262.687	3.00568
262.579	2.99505
262.467	2.9895
262.361	2.97686
262.252	2.96655
262.144	2.96053
262.036	2.9482
261.923	2.9394
261.817	2.93304
261.709	2.92851
261.599	2.91637
261.49	2.90924
261.382	2.90246
261.269	2.89006
261.161	2.88671
261.053	2.87481
260.942	2.86551
260.833	2.86065
260.724	2.84951
260.615	2.84255
260.507	2.83359
260.397	2.82831
260.293	2.82194
260.183	2.80987
260.072	2.8004
259.964	2.79009
259.857	2.78767
259.749	2.77862
259.64	2.77468
259.532	2.75935
259.421	2.75783
259.313	2.74561
259.202	2.73857
259.094	2.7275
258.983	2.72282
258.873	2.71527
258.764	2.71058
258.654	2.70379
258.546	2.69349
258.44	2.68369
258.329	2.67581
258.222	2.6671
258.115	2.66241
258.005	2.65319
257.897	2.6423
257.788	2.63349
257.683	2.62562
257.576	2.61674
257.466	2.61221
257.36	2.60552
257.252	2.59446
257.142	2.58105
257.036	2.57971
256.927	2.56856
256.82	2.5606
256.71	2.55835
256.601	2.54259
256.494	2.53924
256.385	2.52834
256.277	2.52391
256.171	2.51519
256.064	2.50631
255.957	2.5017
255.848	2.49324
255.739	2.48361
255.631	2.47858
255.526	2.47371
255.419	2.46274
255.31	2.45562
255.203	2.44615
255.094	2.44137
254.983	2.43342
254.879	2.42654
254.773	2.41925
254.664	2.41029
254.555	2.40602
254.446	2.39538
254.337	2.3885
254.231	2.38591
254.124	2.37996
254.013	2.36865
253.905	2.36446
253.798	2.35608
253.689	2.34603
253.578	2.34142
253.473	2.33765
253.363	2.32692
253.255	2.32072
253.145	2.31176
253.038	2.30799
252.923	2.30322
252.81	2.29693
252.704	2.29274
252.591	2.28713
252.481	2.27816
252.369	2.27489
252.257	2.27028
252.147	2.264
252.037	2.25587
251.927	2.25528
251.818	2.24858
251.708	2.24423
251.601	2.23878
251.492	2.22965
251.381	2.22713
251.268	2.22026
251.16	2.22127
251.049	2.21155
250.938	2.20636
250.827	2.19973
250.717	2.19772
250.607	2.19152
250.497	2.18189
250.387	2.18147
250.275	2.18163
250.167	2.17502
250.056	2.17217
249.949	2.15952
249.839	2.15708
249.731	2.15449
249.621	2.14369
249.508	2.14176
249.397	2.13723
249.288	2.13262
249.177	2.13161
249.067	2.12366
248.957	2.11896
248.845	2.11402
248.736	2.10741
248.625	2.10288
248.507	2.10029
248.402	2.09634
248.293	2.08964
248.183	2.08872
248.076	2.08486
247.965	2.08009
247.852	2.07414
247.747	2.06752
247.637	2.06535
247.525	2.05663
247.419	2.05504
247.31	2.04649
247.201	2.04372
247.093	2.04096
246.984	2.03451
246.876	2.03006
246.765	2.02722
246.656	2.01675
246.544	2.0175
246.436	2.01164
246.326	2.00619
246.215	1.99932
246.107	1.99697
245.998	1.9942
245.887	1.98474
245.778	1.97929
245.669	1.97686
245.56	1.97494
245.448	1.97091
245.34	1.96513
245.232	1.96002
245.122	1.95164
245.012	1.94938
244.901	1.94528
244.792	1.94251
244.683	1.93748
244.572	1.93807
244.464	1.92843
244.353	1.9229
244.244	1.92173
244.137	1.91428
244.028	1.90707
243.919	1.90313
243.809	1.89844
243.698	1.89802
243.589	1.89274
243.478	1.88872
243.369	1.88461
243.259	1.87899
243.149	1.87531
243.04	1.87238
242.93	1.86643
242.82	1.86459
242.714	1.85889
242.602	1.85076
242.494	1.84858
242.383	1.84649
242.275	1.83887
242.168	1.83409
242.056	1.82638
241.952	1.81833
241.841	1.81423
241.732	1.80418
241.623	1.80192
241.515	1.79253
241.405	1.78968
241.294	1.78315
241.186	1.78013
241.08	1.7751
240.97	1.7674
240.862	1.76631
240.756	1.75776
240.647	1.74913
240.538	1.74988
240.431	1.74888
240.321	1.74243
240.212	1.73305
240.105	1.73204
239.994	1.72533
239.884	1.72064
239.774	1.71822
239.664	1.71151
239.554	1.70975
239.445	1.7074
239.337	1.70171
239.23	1.69585
239.121	1.69291
239.013	1.68755
238.905	1.6862
238.797	1.67959
238.688	1.67431
238.581	1.67464
238.47	1.66518
238.36	1.66408
238.251	1.66191
238.142	1.65512
238.035	1.65261
237.927	1.65043
237.816	1.64591
237.708	1.64004
237.599	1.63376
237.488	1.63116
237.379	1.62781
237.269	1.62404
237.16	1.62395
237.05	1.62035
236.944	1.61524
236.834	1.61339
236.725	1.60712
236.617	1.60594
236.508	1.59857
236.399	1.59454
236.293	1.59178
236.185	1.59111
236.074	1.5865
235.968	1.58382
235.859	1.57745
235.751	1.57678
235.643	1.57292
235.535	1.56932
235.427	1.55969
235.32	1.56228
235.21	1.55709
235.105	1.55734
234.995	1.55106
234.887	1.54603
234.781	1.54427
234.674	1.53715
234.565	1.53715
234.456	1.53438
234.347	1.52944
234.238	1.53161
234.131	1.52324
234.024	1.52425
233.915	1.51771
233.804	1.51486
233.698	1.51226
233.589	1.51025
233.481	1.50548
233.372	1.50045
233.264	1.49794
233.155	1.49768
233.046	1.49257
232.936	1.4904
232.828	1.48587
232.72	1.4857
232.611	1.48009
232.503	1.47917
232.397	1.4764
232.288	1.47741
232.18	1.47481
232.071	1.47138
231.964	1.46568
231.855	1.464
231.747	1.463
231.638	1.45856
231.53	1.45521
231.423	1.44624
231.313	1.448
231.206	1.44825
231.098	1.44749
230.988	1.43903
230.88	1.44163
230.774	1.43912
230.665	1.43266
230.558	1.43158
230.448	1.43191
230.343	1.43116
230.233	1.42722
230.124	1.42479
230.014	1.42018
229.907	1.41197
229.8	1.41692
229.692	1.41231
229.586	1.40987
229.479	1.41013
229.37	1.40912
229.262	1.40435
229.154	1.40485
229.046	1.39857
228.94	1.40125
228.832	1.39538
228.724	1.39529
228.615	1.39027
228.507	1.38885
228.399	1.38926
228.291	1.38432
228.182	1.38633
228.077	1.3798
227.969	1.37745
227.86	1.37377
227.752	1.37972
227.644	1.37435
227.536	1.37192
227.429	1.36698
227.321	1.37159
227.214	1.36614
227.106	1.36363
226.997	1.36338
226.891	1.35952
226.78	1.35902
226.67	1.3571
226.563	1.35751
226.454	1.34938
226.347	1.35357
226.238	1.34696
226.132	1.34779
226.024	1.341
225.919	1.34787
225.809	1.34335
225.701	1.33665
225.592	1.33757
225.483	1.33967
225.375	1.33346
225.268	1.33346
225.157	1.33204
225.049	1.3312
224.94	1.3281
224.831	1.32818
224.724	1.32282
224.613	1.32232
224.505	1.31871
224.397	1.31746
224.288	1.3183
224.18	1.31428
224.071	1.31386
223.964	1.31017
223.854	1.3126
223.747	1.30355
223.637	1.30087
223.53	1.30824
223.422	1.29944
223.315	1.29911
223.208	1.30347
223.099	1.2966
222.993	1.29911
222.88	1.29383
222.774	1.29442
222.667	1.29191
222.559	1.29132
222.451	1.28813
222.343	1.28361
222.236	1.28554
222.126	1.28504
222.018	1.28277
221.91	1.28168
221.802	1.28194
221.693	1.27641
221.585	1.27598
221.478	1.27984
221.37	1.27322
221.263	1.27205
221.155	1.27037
221.047	1.27045
220.939	1.2687
220.831	1.26819
220.724	1.2671
220.614	1.26434
220.506	1.26476
220.398	1.25906
220.29	1.25596
220.182	1.25973
220.074	1.25605
219.968	1.25378
219.857	1.25453
219.751	1.25403
219.643	1.2568
219.535	1.24867
219.427	1.24976
219.32	1.24716
219.212	1.24473
219.102	1.24842
218.994	1.24147
218.887	1.24373
218.778	1.24205
218.669	1.24029
218.56	1.23585
218.453	1.2335
218.345	1.23594
218.236	1.23233
218.127	1.23359
218.019	1.22974
217.913	1.2299
217.806	1.22622
217.698	1.22823
217.59	1.22186
217.482	1.22286
217.374	1.22211
217.265	1.22077
217.156	1.21951
217.049	1.2129
216.941	1.21692
216.833	1.21558
216.725	1.20871
216.617	1.21331
216.51	1.20845
216.401	1.21105
216.294	1.20653
216.187	1.19974
216.079	1.20451
215.972	1.20569
215.865	1.20141
215.757	1.20058
215.65	1.19756
215.543	1.19714
215.434	1.19773
215.326	1.19312
215.22	1.19831
215.112	1.18876
215.003	1.1886
214.898	1.19186
214.789	1.1865
214.681	1.18834
214.573	1.18801
214.464	1.18474
214.358	1.17904
214.252	1.17938
214.143	1.17829
214.036	1.17393
213.929	1.17435
213.819	1.17687
213.712	1.17511
213.603	1.17201
213.496	1.16387
213.388	1.16765
213.28	1.17184
213.172	1.16296
213.064	1.16304
212.956	1.15559
212.846	1.16036
212.739	1.15827
212.632	1.16002
212.525	1.15692
212.418	1.15559
212.31	1.15349
212.201	1.15517
212.095	1.1545
211.984	1.14897
211.877	1.155
211.768	1.14754
211.661	1.15047
211.553	1.14997
211.444	1.14511
211.336	1.1457
211.228	1.14159
211.121	1.13983
211.014	1.13899
210.906	1.14042
210.798	1.14059
210.69	1.13908
210.582	1.13689
210.475	1.13707
210.367	1.13254
210.26	1.13246
210.154	1.12994
210.044	1.13045
209.935	1.13011
209.827	1.12676
209.72	1.12341
209.613	1.12467
209.506	1.12215
209.397	1.12299
209.289	1.12366
209.181	1.12089
209.073	1.11721
208.966	1.11872
208.857	1.11863
208.75	1.11746
208.644	1.11176
208.537	1.11244
208.429	1.11051
208.321	1.10657
208.212	1.10866
208.106	1.10891
207.999	1.10816
207.89	1.10431
207.781	1.10774
207.673	1.10054
207.565	1.10179
207.458	1.10087
207.35	1.09928
207.242	1.0976
207.136	1.09392
207.028	1.09534
206.921	1.09752
206.813	1.08981
206.704	1.0878
206.597	1.09434
206.489	1.08747
206.381	1.08654
206.274	1.08378
206.167	1.08319
206.059	1.08118
205.953	1.08051
205.846	1.08478
205.739	1.07749
205.631	1.07984
205.523	1.08219
205.416	1.07766
205.307	1.07255
205.2	1.06845
205.091	1.07222
204.984	1.06853
204.877	1.06979
204.77	1.06853
204.663	1.06627
204.555	1.0656
204.448	1.06216
204.343	1.06543
204.233	1.06124
204.125	1.05964
204.019	1.05873
203.912	1.0568
203.805	1.05479
203.698	1.04901
203.59	1.05454
203.482	1.05202
203.375	1.05328
203.267	1.04549
203.161	1.04859
203.052	1.04582
202.945	1.04457
202.836	1.04214
202.73	1.04683
202.622	1.0418
202.516	1.04222
202.407	1.04147
202.302	1.03502
202.192	1.03367
202.087	1.03736
201.978	1.03191
201.871	1.03216
201.766	1.02756
201.658	1.02907
201.552	1.0284
201.442	1.0284
201.333	1.02027
201.225	1.02513
201.118	1.02153
201.011	1.01767
200.903	1.01717
200.796	1.02169
200.689	1.017
200.582	1.01466
200.475	1.016
200.369	1.01407
200.26	1.01457
200.153	1.01114
200.044	1.01105
199.938	1.00778
199.83	1.00611
199.722	1.00058
199.614	1.00016
199.505	1.00377
199.399	1.00326
199.291	1.00117
199.185	0.99907
199.077	1.00158
198.968	1.00033
198.859	0.998316
198.754	0.994294
198.645	0.993204
198.538	0.988764
198.429	0.990944
198.322	0.990527
198.213	0.987506
198.105	0.989518
197.996	0.985412
197.89	0.982647
197.781	0.980219
197.675	0.982983
197.569	0.980134
197.462	0.981811
197.354	0.979883
197.246	0.980471
197.139	0.981727
197.032	0.97402
196.923	0.974773
196.817	0.972426
196.708	0.971589
196.6	0.967234
196.49	0.972006
196.385	0.968071
196.277	0.968487
196.17	0.968322
196.064	0.968822
195.958	0.961869
195.851	0.964216
195.744	0.965306
195.637	0.960446
195.529	0.957512
195.422	0.959941
195.313	0.960612
195.205	0.953408
195.096	0.957261
194.989	0.951478
194.882	0.951898
194.774	0.951145
194.667	0.949216
194.559	0.949638
194.452	0.947207
194.345	0.948381
194.239	0.944024
194.132	0.94218
194.024	0.942934
193.917	0.939501
193.809	0.939496
193.701	0.941175
193.594	0.938492
193.486	0.935141
193.379	0.9333
193.273	0.934976
193.165	0.9338
193.057	0.926846
192.952	0.932125
192.845	0.93397
192.738	0.925001
192.63	0.925338
192.522	0.923995
192.415	0.922909
192.308	0.928186
192.201	0.919221
192.094	0.92115
191.986	0.920228
191.88	0.918803
191.773	0.91964
191.666	0.918216
191.557	0.917965
191.451	0.917627
191.344	0.915367
191.236	0.914278
191.129	0.914697
191.022	0.912518
190.914	0.911681
190.808	0.906655
190.7	0.906067
190.593	0.905983
190.485	0.906402
190.379	0.902967
190.269	0.907911
190.163	0.901209
190.055	0.902463
189.949	0.901289
189.841	0.897355
189.734	0.897437
189.626	0.894001
189.518	0.898107
189.411	0.896182
189.304	0.896598
189.197	0.892075
189.09	0.893415
188.982	0.891572
188.876	0.888806
188.768	0.886042
188.662	0.890736
188.554	0.888138
188.448	0.881351
188.34	0.882355
188.233	0.881688
188.125	0.883697
188.018	0.882691
187.911	0.878001
187.804	0.879003
187.696	0.878588
187.59	0.876238
187.482	0.875484
187.375	0.874564
187.268	0.871464
187.16	0.87046
187.052	0.874231
186.945	0.871633
186.838	0.872637
186.731	0.867443
186.622	0.866686
186.516	0.864341
186.408	0.865348
186.3	0.865096
186.192	0.864004
186.084	0.864006
185.979	0.861911
185.872	0.861574
185.766	0.857555
185.659	0.863001
185.552	0.857806
185.446	0.853786
185.338	0.855963
185.232	0.853365
185.125	0.85169
185.018	0.853534
184.911	0.850347
184.804	0.84968
184.697	0.850434
184.591	0.852193
184.484	0.847668
184.377	0.847751
184.271	0.845319
184.165	0.841885
184.059	0.845658
183.951	0.840125
183.845	0.84063
183.738	0.840628
183.632	0.838872
183.525	0.841467
183.419	0.840965
183.311	0.838199
183.204	0.836104
183.099	0.833676
182.993	0.834679
182.885	0.832922
182.778	0.83158
182.669	0.830576
182.562	0.836693
182.454	0.829489
182.348	0.82756
182.243	0.829736
182.134	0.82932
182.028	0.82865
181.92	0.82429
181.812	0.828232
181.706	0.823203
181.599	0.822447
181.492	0.823289
181.386	0.821945
181.28	0.820104
181.172	0.815496
181.066	0.819349
180.959	0.818009
180.853	0.817673
180.746	0.816415
180.639	0.816249
180.532	0.814908
180.427	0.808791
180.317	0.809545
180.212	0.810885
180.105	0.813819
179.993	0.810047
179.891	0.807868
179.785	0.809042
179.675	0.80988
179.571	0.807955
179.466	0.805271
179.359	0.803175
179.248	0.804601
179.143	0.799825
179.032	0.803177
178.925	0.802759
178.82	0.802506
178.713	0.798652
178.607	0.797981
178.5	0.798989
178.391	0.796894
178.285	0.799826
178.178	0.796728
178.072	0.794465
177.967	0.794463
177.86	0.791279
177.75	0.795636
177.644	0.793794
177.536	0.790944
177.432	0.793041
177.326	0.786338
177.216	0.793793
177.111	0.790609
177.001	0.790275
176.899	0.787594
176.79	0.786169
176.684	0.787761
176.577	0.781896
176.471	0.782985
176.364	0.783487
176.258	0.782648
176.153	0.777875
176.045	0.778377
175.94	0.784408
175.834	0.782232
175.726	0.778376
175.619	0.775779
175.51	0.77888
175.405	0.773349
175.298	0.775444
175.192	0.771842
175.085	0.775359
174.978	0.773767
174.875	0.771004
174.766	0.769413
174.662	0.772512
174.556	0.7705
174.45	0.765304
174.343	0.768154
174.236	0.765977
174.13	0.765728
174.024	0.768994
173.918	0.765807
173.81	0.762791
173.704	0.760277
173.596	0.765305
173.49	0.761285
173.382	0.761536
173.278	0.758769
173.172	0.758771
173.065	0.757599
172.962	0.7581
172.854	0.757848
172.748	0.757932
172.641	0.759355
172.535	0.756173
172.43	0.753743
172.321	0.754246
172.213	0.753744
172.108	0.753407
172	0.751816
171.891	0.751313
171.78	0.748546
171.673	0.750307
171.566	0.749304
171.458	0.746204
171.353	0.746289
171.247	0.743858
171.14	0.741426
171.033	0.745282
170.93	0.745282
170.822	0.742936
170.714	0.745617
170.606	0.743607
170.504	0.745868
170.394	0.743104
170.29	0.742265
170.183	0.739753
170.078	0.734807
169.97	0.73372
169.862	0.74218
169.756	0.736904
169.649	0.734223
169.542	0.737406
169.435	0.736232
169.327	0.739333
169.22	0.734637
169.114	0.733802
169.007	0.734136
168.899	0.732293
168.791	0.729615
168.684	0.73305
168.58	0.729529
168.474	0.72718
168.366	0.729529
168.26	0.729112
168.151	0.728272
168.047	0.727015
167.94	0.724419
167.833	0.726598
167.732	0.722238
167.622	0.728859
167.518	0.724419
167.41	0.720985
167.303	0.72048
167.198	0.719895
167.093	0.719809
166.987	0.718971
166.881	0.721904
166.775	0.718719
166.67	0.717716
166.561	0.717462
166.456	0.714112
166.351	0.714028
166.242	0.71562
166.133	0.714867
166.03	0.713023
165.923	0.712186
165.816	0.716709
165.709	0.710509
165.604	0.712018
165.5	0.712606
165.395	0.707911
165.288	0.706823
165.185	0.710761
165.077	0.708834
164.971	0.708748
164.863	0.707159
164.756	0.709168
164.649	0.70523
164.542	0.712353
164.44	0.702886
164.333	0.705985
164.228	0.704812
164.122	0.705984
164.013	0.703722
163.906	0.705064
163.8	0.704893
163.696	0.70406
163.587	0.702213
163.478	0.698696
163.375	0.698947
163.266	0.702886
163.157	0.696518
163.053	0.698945
162.945	0.69677
162.84	0.695762
162.732	0.695847
162.625	0.696098
162.519	0.691237
162.411	0.694756
162.303	0.687552
162.196	0.691741
162.093	0.695427
161.986	0.68797
161.878	0.692495
161.769	0.690986
161.663	0.688139
161.555	0.691656
161.448	0.686043
161.343	0.686797
161.237	0.688138
161.13	0.687804
161.023	0.683194
160.917	0.68529
160.808	0.68462
160.7	0.687551
160.595	0.689061
160.487	0.683947
160.381	0.686547
160.276	0.681187
160.172	0.684117
160.064	0.683279
159.958	0.677331
159.852	0.679761
159.748	0.681351
159.641	0.680264
159.531	0.6811
159.428	0.67599
159.318	0.681184
159.212	0.675069
159.107	0.673727
158.999	0.676995
158.894	0.673728
158.788	0.677245
158.682	0.675068
158.574	0.673474
158.473	0.670374
158.363	0.670709
158.257	0.674313
158.149	0.676156
158.044	0.666521
157.938	0.669537
157.83	0.669791
157.721	0.670877
157.617	0.665431
157.51	0.668113
157.407	0.666607
157.299	0.66426
157.194	0.665516
157.088	0.665263
156.982	0.666187
156.875	0.662165
156.771	0.667694
156.667	0.665516
156.559	0.662165
156.453	0.665348
156.348	0.661075
156.241	0.657305
156.136	0.660238
156.031	0.65915
155.924	0.66141
155.816	0.660322
155.71	0.663088
155.606	0.657471
155.501	0.660906
155.397	0.658812
155.289	0.656383
155.183	0.653451
155.077	0.658144
154.97	0.654792
154.865	0.653533
154.755	0.651858
154.65	0.651774
154.546	0.656802
154.44	0.649514
154.335	0.650016
154.229	0.653953
154.124	0.652026
154.018	0.654957
153.911	0.651691
153.804	0.651523
153.7	0.652193
153.591	0.651103
153.485	0.650686
153.377	0.646076
153.273	0.648506
153.166	0.650601
153.058	0.645826
152.954	0.644401
152.847	0.644569
152.739	0.646663
152.633	0.6475
152.53	0.645744
152.422	0.643897
152.32	0.640462
152.214	0.641888
152.109	0.641971
152.004	0.641887
151.897	0.639961
151.793	0.640298
151.685	0.642391
151.577	0.638872
151.472	0.644821
151.364	0.640715
151.261	0.634178
151.154	0.635436
151.048	0.635267
150.941	0.636274
150.834	0.635855
150.729	0.634347
150.621	0.638535
150.516	0.636777
150.411	0.635854
150.304	0.636528
150.2	0.634012
150.089	0.630827
149.985	0.632254
149.875	0.63309
149.769	0.630828
149.664	0.632673
149.556	0.632756
149.455	0.632754
149.345	0.62999
149.24	0.627561
149.132	0.631581
149.025	0.629738
148.919	0.627142
148.814	0.629403
148.712	0.629655
148.602	0.626639
148.498	0.626641
148.394	0.627727
148.287	0.622869
148.179	0.626471
148.071	0.628231
147.965	0.626134
147.857	0.624796
147.751	0.624041
147.648	0.622198
147.538	0.621946
147.432	0.625297
147.326	0.619014
147.221	0.619014
147.116	0.620103
147.009	0.617757
146.901	0.620103
146.794	0.619434
146.69	0.618092
146.582	0.617087
146.475	0.616752
146.37	0.617674
146.262	0.617758
146.156	0.615244
146.048	0.61474
145.939	0.615245
145.835	0.617505
145.728	0.616584
145.62	0.614157
145.515	0.615661
145.409	0.615914
145.302	0.614237
145.195	0.615245
145.088	0.611641
144.982	0.616753
144.874	0.609714
144.769	0.609796
144.662	0.611976
144.559	0.612144
144.452	0.612814
144.347	0.608961
144.24	0.609127
144.135	0.611725
144.03	0.613653
143.92	0.60762
143.815	0.610383
143.711	0.608625
143.603	0.605441
143.495	0.605356
143.39	0.605944
143.282	0.606865
143.175	0.607452
143.07	0.609462
142.964	0.605274
142.857	0.603766
142.752	0.602089
142.647	0.607703
142.539	0.602509
142.435	0.604687
142.329	0.603348
142.226	0.601336
142.119	0.601838
142.017	0.605356
141.912	0.602926
141.806	0.601419
141.699	0.604353
141.593	0.601837
141.488	0.598317
141.384	0.599659
141.277	0.602424
141.169	0.600162
141.062	0.600748
140.957	0.595135
140.848	0.599491
140.744	0.599658
140.639	0.595302
140.533	0.594968
140.426	0.596978
140.322	0.597147
140.211	0.593123
140.107	0.594549
140.002	0.596056
139.897	0.589104
139.792	0.598486
139.688	0.595805
139.581	0.595807
139.474	0.58994
139.369	0.594548
139.263	0.59522
139.156	0.590194
139.052	0.59078
138.949	0.592705
138.846	0.594632
138.74	0.593962
138.635	0.59011
138.529	0.584245
138.423	0.58818
138.319	0.589521
138.212	0.588264
138.107	0.588516
138.002	0.587007
137.897	0.589772
137.792	0.589521
137.689	0.58726
137.582	0.589018
137.477	0.587257
137.367	0.586085
137.262	0.587847
137.159	0.589437
137.053	0.587845
136.946	0.581562
136.838	0.586254
136.733	0.581309
136.625	0.583321
136.522	0.586084
136.414	0.583406
136.309	0.58265
136.202	0.583155
136.096	0.582567
135.989	0.583657
135.883	0.579886
135.776	0.582568
135.67	0.578043
135.565	0.583657
135.46	0.58022
135.353	0.583406
135.247	0.579216
135.143	0.581394
135.037	0.579885
134.934	0.57645
134.823	0.576116
134.72	0.57821
134.613	0.578294
134.507	0.572595
134.404	0.576701
134.298	0.573518
134.194	0.575696
134.088	0.576284
133.982	0.574691
133.875	0.575781
133.769	0.574774
133.665	0.573936
133.56	0.572932
133.456	0.575529
133.349	0.574691
133.243	0.570419
133.135	0.568827
133.029	0.573351
132.924	0.574691
132.818	0.570167
132.712	0.574273
132.606	0.572596
132.499	0.574356
132.394	0.572429
132.288	0.570586
132.183	0.57025
132.078	0.569579
131.973	0.567736
131.867	0.569664
131.76	0.569246
131.655	0.567234
131.548	0.569328
131.442	0.569245
131.334	0.56933
131.227	0.569497
131.123	0.56916
131.017	0.563045
130.912	0.565391
130.805	0.566647
130.701	0.565978
130.593	0.566396
130.488	0.565224
130.38	0.565223
130.274	0.563716
130.167	0.562208
130.061	0.561286
129.959	0.560951
129.853	0.564218
129.749	0.565895
129.643	0.560699
129.538	0.564973
129.431	0.560112
129.327	0.5612
129.22	0.563464
129.117	0.560448
129.012	0.562459
128.906	0.561787
128.8	0.560197
128.696	0.560531
128.589	0.560865
128.485	0.562627
128.381	0.560197
128.276	0.559274
128.172	0.561287
128.065	0.558437
127.96	0.553242
127.855	0.557851
127.749	0.558604
127.642	0.558688
127.536	0.556256
127.429	0.557012
127.323	0.553409
127.218	0.556927
127.11	0.555169
127.006	0.556845
126.898	0.554164
126.793	0.555085
126.688	0.555923
126.581	0.554835
126.475	0.553579
126.368	0.555088
126.263	0.550979
126.157	0.555504
126.049	0.556426
125.942	0.554919
125.837	0.552488
125.731	0.554497
125.626	0.552572
125.519	0.555001
125.413	0.549556
125.308	0.553577
125.203	0.552823
125.098	0.548297
124.993	0.554917
124.887	0.553158
124.782	0.550812
124.677	0.550477
124.57	0.545616
124.466	0.548298
124.358	0.548886
124.252	0.548131
124.147	0.547882
124.041	0.549305
123.936	0.548968
123.829	0.550645
123.722	0.549303
123.615	0.547963
123.508	0.547127
123.404	0.548467
123.297	0.549304
123.193	0.55123
123.085	0.548633
122.981	0.548215
122.875	0.548132
122.77	0.544613
122.662	0.549639
122.556	0.545033
122.451	0.544695
122.345	0.544444
122.24	0.54637
122.133	0.543021
122.028	0.543272
121.923	0.547293
121.817	0.544194
121.713	0.540423
121.605	0.544948
121.499	0.544612
121.394	0.544528
121.287	0.545199
121.183	0.542601
121.077	0.543606
120.971	0.542267
120.865	0.544529
120.758	0.539919
120.653	0.541933
120.546	0.541011
120.439	0.538159
120.334	0.541513
120.227	0.542685
120.123	0.537071
120.016	0.540674
119.912	0.542517
119.805	0.541425
119.7	0.538998
119.593	0.540758
119.489	0.542349
119.383	0.53883
119.278	0.535395
119.171	0.537575
119.064	0.538829
118.96	0.538999
118.854	0.537742
118.749	0.537154
118.641	0.540842
118.535	0.537909
118.429	0.539082
118.325	0.531456
118.218	0.535813
118.112	0.539418
118.005	0.538831
117.898	0.537071
117.796	0.537909
117.691	0.53464
117.585	0.534808
117.48	0.535396
117.374	0.5333
117.269	0.535311
117.164	0.533384
117.058	0.53439
116.953	0.537156
116.847	0.533217
116.742	0.534056
116.635	0.533217
116.53	0.528609
116.424	0.536149
116.317	0.534221
116.213	0.534305
116.107	0.532127
116.001	0.533132
115.894	0.535479
115.79	0.532211
115.683	0.530537
115.576	0.530202
115.473	0.529112
115.366	0.530285
115.26	0.53573
115.152	0.531457
115.047	0.531876
114.942	0.53439
114.838	0.527519
114.731	0.529949
114.626	0.529362
114.52	0.529446
114.415	0.528358
114.308	0.529279
114.204	0.528524
114.099	0.528358
113.991	0.52886
113.885	0.527187
113.781	0.525005
113.674	0.526095
113.566	0.529027
113.46	0.526012
113.354	0.527351
113.25	0.528775
113.144	0.528776
113.037	0.529949
112.933	0.525173
112.828	0.529948
112.721	0.527771
112.616	0.528944
112.509	0.524755
112.403	0.527351
112.299	0.526178
112.191	0.528945
112.086	0.529782
111.981	0.52174
111.876	0.523834
111.772	0.525759
111.666	0.52375
111.562	0.531961
111.456	0.522492
111.35	0.525425
111.244	0.526262
111.137	0.524084
111.032	0.521403
110.926	0.523666
110.82	0.524085
110.714	0.524252
110.609	0.524671
110.504	0.524252
110.397	0.526767
110.291	0.52023
110.187	0.524
110.082	0.520817
109.978	0.523162
109.873	0.519392
109.766	0.527351
109.659	0.520397
109.555	0.521822
109.448	0.520398
109.344	0.517717
109.238	0.520147
109.132	0.521906
109.025	0.516628
108.919	0.521151
108.813	0.516962
108.709	0.522744
108.603	0.518554
108.498	0.522241
108.391	0.519811
108.286	0.517716
108.18	0.515371
108.073	0.521906
107.968	0.518805
107.861	0.522827
107.754	0.516378
107.649	0.51847
107.543	0.517046
107.437	0.518052
107.331	0.51755
107.225	0.520147
107.12	0.517129
107.014	0.517046
106.91	0.518304
106.803	0.516796
106.697	0.518136
106.591	0.516543
106.486	0.51512
106.379	0.513945
106.275	0.516041
106.171	0.514952
106.064	0.515454
105.96	0.515035
105.853	0.514113
105.748	0.51294
105.641	0.516627
105.538	0.517045
105.433	0.514281
105.328	0.516041
105.222	0.515203
105.118	0.511935
105.011	0.515204
104.906	0.516209
104.801	0.510427
104.694	0.512773
104.588	0.514449
104.483	0.512606
104.378	0.508249
104.273	0.513695
104.168	0.510846
104.061	0.512019
103.958	0.509925
103.853	0.512354
103.746	0.512773
103.639	0.513023
103.534	0.509841
103.428	0.511516
103.324	0.5116
103.219	0.512522
103.112	0.511097
103.007	0.511684
102.903	0.508331
102.797	0.510512
102.692	0.513025
102.587	0.511264
102.481	0.510761
102.375	0.511349
102.269	0.509338
102.163	0.508584
102.058	0.509756
101.954	0.510176
101.849	0.508751
101.743	0.511683
101.637	0.511768
101.531	0.504981
101.425	0.509337
101.32	0.513694
101.215	0.504982
101.108	0.506658
101.002	0.510007
100.898	0.508837
100.793	0.507997
100.687	0.503976
100.579	0.512102
100.475	0.510679
100.37	0.502887
100.263	0.507999
100.158	0.507998
100.053	0.508165
99.9485	0.51269
99.8431	0.505231
99.7371	0.508918
99.6328	0.505903
99.5262	0.51051
99.4219	0.506908
99.317	0.508081
99.2117	0.505818
99.1067	0.505484
99.0004	0.50808
98.8959	0.505903
98.7896	0.506154
98.6851	0.504562
98.579	0.505817
98.4728	0.504395
98.3671	0.508499
98.2614	0.505652
98.1563	0.505148
98.0518	0.506154
97.9467	0.502048
97.8414	0.509086
97.7353	0.503725
97.6312	0.505399
97.5257	0.510009
97.4203	0.504981
97.3169	0.50649
97.2122	0.502467
97.1072	0.505567
97.002	0.501043
96.8975	0.502469
96.7913	0.50096
96.6855	0.503725
96.5807	0.503138
96.4759	0.499368
96.3714	0.50607
96.2643	0.503473
96.159	0.499536
96.0538	0.503473
95.9488	0.501881
95.8436	0.502718
95.7387	0.503304
95.6326	0.503724
95.5281	0.504646
95.4223	0.504059
95.3174	0.5054
95.2133	0.498697
95.1085	0.502886
95.002	0.502133
94.8978	0.498949
94.7935	0.499704
94.6877	0.501881
94.5828	0.500289
94.4784	0.498279
94.3731	0.506657
94.2662	0.504226
94.1612	0.499284
94.0563	0.502803
93.9514	0.497859
93.8462	0.500707
93.7422	0.500625
93.6362	0.503976
93.5307	0.501713
93.4259	0.49786
93.3209	0.501128
93.2164	0.498783
93.1102	0.496184
93.0058	0.497105
92.8991	0.50029
92.7943	0.498529
92.6893	0.499452
92.5842	0.497358
92.4792	0.499368
92.374	0.498194
92.2688	0.499535
92.1639	0.498697
92.0589	0.502133
91.9523	0.49853
91.8479	0.493334
91.7434	0.498362
91.6385	0.497273
91.5327	0.49853
91.4273	0.49945
91.3226	0.496435
91.2185	0.499536
91.1135	0.498781
91.0088	0.495178
90.903	0.495513
90.797	0.497776
90.6924	0.499702
90.5877	0.497106
90.4822	0.497608
90.3772	0.495933
90.2726	0.496688
90.1666	0.495429
90.0622	0.498278
89.9567	0.500122
89.8527	0.498026
89.7474	0.496685
89.6423	0.493586
89.5375	0.494926
89.4317	0.497524
89.3264	0.495095
89.2215	0.494172
89.1159	0.490822
89.0107	0.496936
88.9052	0.496435
88.8005	0.494845
88.6955	0.49392
88.5892	0.495933
88.4844	0.49568
88.3795	0.495763
88.2738	0.491995
88.1687	0.494844
88.0627	0.496184
87.9584	0.494089
87.8541	0.497356
87.7485	0.496435
87.644	0.49233
87.5378	0.493503
87.4315	0.496016
87.3273	0.493502
87.222	0.493588
87.1159	0.49543
87.0111	0.488308
86.9055	0.492833
86.8001	0.494173
86.6941	0.492917
86.5898	0.494592
86.4865	0.494509
86.3809	0.491659
86.2759	0.491408
86.1696	0.495932
86.0646	0.497441
85.9584	0.494424
85.8537	0.491576
85.748	0.490067
85.6427	0.489313
85.5383	0.490989
85.4337	0.492079
85.328	0.491323
85.2227	0.491575
85.1167	0.490319
85.0108	0.491576
84.9059	0.492664
84.7999	0.491072
84.6945	0.492246
84.5904	0.493336
84.485	0.493083
84.3791	0.495178
84.2743	0.489481
84.1693	0.492832
84.063	0.491744
83.9577	0.494422
83.853	0.487385
83.7471	0.488727
83.6422	0.488978
83.5361	0.489732
83.4311	0.490235
83.3259	0.489229
83.2218	0.491325
83.1155	0.490905
83.0101	0.49099
82.9041	0.487051
82.7985	0.486716
82.6936	0.488979
82.5874	0.490822
82.4818	0.489063
82.3756	0.488727
82.2701	0.485626
82.1644	0.492665
82.0597	0.488895
81.9534	0.490569
81.8485	0.489648
81.7428	0.490403
81.6375	0.489397
81.532	0.487386
81.4268	0.490569
81.3213	0.491408
81.2167	0.486045
81.1119	0.485542
81.006	0.4899
80.9009	0.486631
80.7969	0.486799
80.691	0.48814
80.586	0.486715
80.4801	0.484871
80.3747	0.486297
80.2697	0.48638
80.1648	0.486799
80.059	0.487637
79.9539	0.485793
79.8486	0.489061
79.7434	0.484035
79.6376	0.489817
79.5319	0.488977
79.4272	0.484202
79.3221	0.486633
79.2165	0.485459
79.1111	0.484119
79.0066	0.488557
78.9019	0.486549
78.7963	0.485124
78.6907	0.483364
78.5856	0.484287
78.4797	0.485626
78.3747	0.483783
78.2691	0.485963
78.1634	0.484706
78.0576	0.487889
77.952	0.485877
77.8458	0.484287
77.7399	0.482442
77.6339	0.485125
77.5292	0.484705
77.4236	0.485627
77.3184	0.485039
77.2131	0.484119
77.1067	0.48638
77.0015	0.484202
76.8968	0.480516
76.791	0.483951
76.6859	0.4868
76.5808	0.484117
76.4748	0.484286
76.3695	0.483448
76.2643	0.486882
76.1583	0.486716
76.0532	0.481354
75.9468	0.48261
75.8408	0.481522
75.7348	0.485878
75.6302	0.483447
75.5238	0.482778
75.4189	0.487554
75.3131	0.483615
75.2068	0.483951
75.1009	0.48127
74.9941	0.481102
74.8885	0.482609
74.7827	0.486045
74.6762	0.482276
74.5705	0.480599
74.4646	0.48328
74.3593	0.483363
74.2542	0.482191
74.1486	0.483111
74.0427	0.480348
73.938	0.479846
73.8328	0.485878
73.7266	0.482694
73.6213	0.480433
73.5163	0.482778
73.4111	0.480012
73.3056	0.482191
73.2	0.479678
73.095	0.482862
72.9893	0.479929
72.8845	0.479844
72.7785	0.482694
72.6719	0.48018
72.5667	0.480767
72.4609	0.483448
72.3552	0.476913
72.2504	0.48127
72.1442	0.4837
72.0389	0.479928
71.9338	0.482778
71.8283	0.4806
71.7224	0.484118
71.6171	0.47909
71.5121	0.48152
71.4063	0.48194
71.3003	0.48328
71.1954	0.481019
71.0883	0.479761
70.9823	0.48219
70.8769	0.479259
70.7711	0.482609
70.6651	0.480347
70.5598	0.476158
70.455	0.477248
70.3487	0.479762
70.2429	0.479342
70.1363	0.478337
70.0309	0.476242
69.9257	0.48303
69.8199	0.480934
69.7133	0.480431
69.6077	0.4806
69.5015	0.482694
69.3952	0.478757
69.2891	0.479426
69.183	0.478589
69.0767	0.480097
68.9708	0.47817
68.8649	0.480348
68.7592	0.479593
68.6534	0.478757
68.548	0.477667
68.4423	0.479092
68.3364	0.481187
68.2306	0.472723
68.1248	0.480515
68.0189	0.47884
67.9136	0.478504
67.8066	0.475573
67.701	0.474818
67.5949	0.481687
67.4888	0.479259
67.3829	0.475823
67.2772	0.478923
67.1705	0.479846
67.0653	0.47666
66.9586	0.480601
66.8529	0.476411
66.7464	0.476746
66.6401	0.478085
66.5339	0.479174
66.4282	0.476409
66.3216	0.476997
66.2148	0.477667
66.1085	0.475069
66.0024	0.477416
65.8971	0.479176
65.7913	0.475405
65.6856	0.474734
65.5793	0.478169
65.4732	0.480264
65.3662	0.474398
65.2604	0.479342
65.155	0.477834
65.0482	0.476241
64.9416	0.473478
64.8355	0.478085
64.729	0.477751
64.6226	0.477667
64.5168	0.474901
64.4102	0.474482
64.3043	0.473813
64.1976	0.475404
64.0914	0.476493
63.9862	0.477333
63.8803	0.47465
63.7739	0.477751
63.6679	0.47683
63.5628	0.475992
63.4562	0.47574
63.3503	0.477834
63.2442	0.473728
63.1382	0.472639
63.0322	0.475823
62.9261	0.476745
62.8201	0.475404
62.7135	0.474064
62.6078	0.476745
62.501	0.476661
62.3948	0.470543
62.2884	0.475069
62.182	0.476326
62.0754	0.476074
61.971	0.471802
61.864	0.4775
61.7575	0.477416
61.6505	0.475153
61.5441	0.47398
61.4384	0.476998
61.3315	0.473897
61.2255	0.474148
61.1192	0.475405
61.0129	0.476577
60.9064	0.474985
60.8002	0.478337
60.6941	0.473812
60.5872	0.476159
60.4803	0.472807
60.3749	0.47574
60.2675	0.475069
60.1607	0.47222
60.0542	0.47599
59.9473	0.472808
59.8413	0.472136
59.7353	0.474986
59.629	0.472723
59.5224	0.473394
59.4164	0.476158
59.3095	0.476744
59.2032	0.472221
59.0962	0.473476
58.9883	0.475656
58.8818	0.473561
58.7752	0.473143
58.6683	0.470964
58.5622	0.474147
58.4556	0.475488
58.3486	0.476911
58.2424	0.471969
58.1355	0.473059
58.0281	0.47264
57.9211	0.471298
57.8142	0.477164
57.7079	0.473059
57.6007	0.476159
57.4939	0.47264
57.3871	0.47599
57.2798	0.471633
57.1733	0.472389
57.0668	0.472725
56.9603	0.476494
56.8536	0.473392
56.7469	0.471467
56.6402	0.470881
56.5334	0.473729
56.426	0.474902
56.3197	0.473814
56.2127	0.473142
56.1054	0.474063
55.9993	0.473142
55.8926	0.472471
55.7857	0.469959
55.6793	0.470127
55.5723	0.472472
55.465	0.474568
55.3584	0.472891
55.2515	0.472975
55.1444	0.473058
55.0378	0.474231
54.931	0.470797
54.8245	0.47331
54.718	0.472388
54.6111	0.473896
54.5038	0.468703
54.3972	0.474986
54.2897	0.471465
54.182	0.47641
54.075	0.472053
53.9674	0.469791
53.8601	0.474483
53.7537	0.469372
53.6467	0.474985
53.5399	0.469037
53.4329	0.469373
53.3254	0.472137
53.2189	0.471467
53.1112	0.47172
53.004	0.474148
52.8971	0.470712
52.7898	0.47155
52.6826	0.468367
52.5748	0.469959
52.4674	0.470378
52.3599	0.47021
52.2524	0.471383
52.1449	0.470713
52.0378	0.47197
51.9308	0.469121
51.8228	0.47398
51.7149	0.471467
51.607	0.4713
51.4997	0.473059
51.392	0.469205
51.285	0.470881
51.1773	0.469791
51.0692	0.470963
50.962	0.469372
50.8545	0.467278
50.7471	0.468869
50.6394	0.471635
50.5306	0.471633
50.4228	0.472723
50.3145	0.474064
50.2073	0.470043
50.1007	0.468198
49.9931	0.470294
49.8856	0.47021
49.7775	0.471801
49.6698	0.467697
49.5616	0.466188
49.4547	0.470965
49.3473	0.469876
49.2392	0.468116
49.132	0.46845
49.0234	0.470879
48.9156	0.471635
48.8083	0.47021
48.7	0.469122
48.5912	0.468784
48.4833	0.469959
48.3752	0.467863
48.2674	0.470209
48.1591	0.470377
48.0505	0.472304
47.9421	0.469205
47.8343	0.470042
47.7259	0.469457
47.6178	0.47222
47.5093	0.470963
47.4004	0.466607
47.2929	0.468954
47.1844	0.469623
47.0761	0.469875
46.9683	0.467027
46.8582	0.467362
46.7497	0.469623
46.6401	0.467613
46.5334	0.466439
46.4248	0.468701
46.3148	0.466377
46.2073	0.46621
46.1001	0.46864
45.9904	0.4673
45.8824	0.466461
45.773	0.470903
45.6643	0.46822
45.5558	0.466042
45.4459	0.465706
45.3368	0.4704
45.2268	0.469311
45.1179	0.468724
45.0093	0.470483
44.8989	0.464953
44.79	0.467718
44.6811	0.468808
44.5734	0.466963
44.4639	0.465037
44.3535	0.467717
44.2443	0.471238
44.1355	0.467719
44.0264	0.464619
43.9181	0.468221
43.8078	0.46822
43.7	0.466712
43.59	0.468136
43.4793	0.469813
43.3695	0.465036
43.261	0.468723
43.1497	0.464367
43.0402	0.467215
42.9305	0.468555
42.8203	0.46688
42.7109	0.464198
42.6018	0.464284
42.4923	0.465035
42.3834	0.466711
42.2726	0.470736
42.1634	0.468639
42.0534	0.468723
41.9427	0.46931
41.8321	0.467132
41.7211	0.469978
41.612	0.467132
41.5016	0.466796
41.3917	0.469812
41.2818	0.463948
41.1716	0.467131
41.0608	0.466964
40.9505	0.462523
40.8417	0.468807
40.7309	0.466545
40.6206	0.467718
40.5098	0.464953
40.4001	0.466042
40.2886	0.465791
40.179	0.465455
40.0675	0.469562
39.9573	0.464702
39.8447	0.465119
39.7358	0.465037
39.6255	0.462356
39.5145	0.466461
39.4044	0.46646
39.2931	0.467634
39.1835	0.466042
39.073	0.467131
38.9613	0.466461
38.8507	0.465287
38.7405	0.466376
38.6293	0.465959
38.518	0.466712
38.4062	0.464618
38.294	0.468135
38.182	0.461433
38.0713	0.46621
37.9603	0.46512
37.8484	0.460595
37.7371	0.462857
37.6257	0.469142
37.514	0.463613
37.4004	0.464702
37.2883	0.468472
37.1753	0.464116
37.064	0.469477
36.953	0.464619
36.8409	0.46026
36.7272	0.462691
36.6151	0.464701
36.5012	0.466041
36.3889	0.465037
36.2769	0.466043
36.1634	0.46688
36.05	0.466042
35.9377	0.463781
35.8237	0.463613
35.7125	0.46813
35.5994	0.46193
35.4863	0.466706
35.3725	0.464443
35.2597	0.466035
35.1455	0.466706
35.0323	0.467292
34.9207	0.461846
34.8064	0.46503
34.693	0.466537
34.5798	0.46771
34.4659	0.467292
34.3537	0.466286
34.242	0.463522
34.1315	0.463522
34.0181	0.464445
33.9059	0.464946
33.7934	0.465198
33.6802	0.466205
33.5671	0.462684
33.456	0.460926
33.3435	0.464193
33.2316	0.460925
33.1198	0.464026
33.0078	0.460339
32.8965	0.461595
32.7834	0.464361
32.6701	0.460338
32.5568	0.464528
32.4441	0.465031
32.3323	0.463106
32.2203	0.462685
32.1065	0.46193
31.9929	0.463273
31.8805	0.461178
31.7688	0.465869
31.6562	0.463272
31.5429	0.45724
31.4306	0.462686
31.3164	0.463188
31.2027	0.463523
31.0888	0.461427
30.9751	0.460254
30.8615	0.465618
30.7489	0.46344
30.6342	0.461178
30.5233	0.458915
30.4106	0.462602
30.2974	0.461179
30.1831	0.46235
30.0697	0.459252
29.9574	0.460171
29.8424	0.460842
29.7293	0.459751
29.6153	0.462098
29.5	0.461848
29.3848	0.464612
29.2684	0.464612
29.1546	0.462434
29.0395	0.463524
28.9248	0.460255
28.8087	0.459837
28.6944	0.458245
28.579	0.457909
28.4623	0.460508
28.3456	0.461764
28.2308	0.461261
28.1154	0.459083
28.0001	0.461932
27.8825	0.459333
27.7676	0.465702
27.652	0.460088
27.535	0.459838
27.4189	0.460508
27.3014	0.461345
27.1834	0.463188
27.0651	0.459836
26.9485	0.459919
26.8307	0.461428
26.714	0.461596
26.595	0.461345
26.4774	0.45749
26.3612	0.459083
26.2445	0.461512
26.1248	0.460842
26.0066	0.463271
25.8883	0.460591
25.7693	0.460004
25.6521	0.45347
25.5325	0.459752
25.4127	0.461512
25.2934	0.460591
25.1747	0.460171
25.0561	0.464193
24.9341	0.460926
24.8154	0.459501
24.6958	0.458245
24.5741	0.458747
24.4529	0.466288
24.3328	0.462602
24.2122	0.461345
24.0894	0.45992
23.9657	0.456234
23.8453	0.46344
23.7241	0.460591
23.6029	0.459586
23.4778	0.45967
23.3549	0.459501
23.2313	0.457239
23.1083	0.458663
22.9858	0.457994
22.86	0.459
22.7367	0.45682
22.615	0.460173
22.4904	0.458915
22.3656	0.460592
22.2381	0.456486
22.1124	0.456905
21.985	0.462016
21.8578	0.457491
21.7318	0.457994
21.6011	0.45992
21.4725	0.459334
21.3486	0.460674
21.2205	0.459586
21.0878	0.455481
20.9593	0.457911
20.8283	0.458246
20.6971	0.456736
20.5668	0.460927
20.4413	0.458413
20.3206	0.456652
20.1967	0.457155
20.073	0.455898
19.9491	0.457491
19.8252	0.457071
19.6992	0.45506
19.5759	0.454139
19.4509	0.455314
19.3246	0.455816
19.1991	0.456736
19.0723	0.451962
18.9445	0.456905
18.8201	0.459837
18.6929	0.46059
18.5681	0.449448
18.4384	0.455899
18.3099	0.46034
18.1847	0.455731
18.0569	0.455397
17.9276	0.458581
17.8001	0.463272
17.6687	0.454473
17.5368	0.44308
17.4064	0.456987
17.2723	0.449364
17.1375	0.458831
17.0084	0.463021
16.8831	0.457657
16.7514	0.45305
16.6206	0.456821
16.4863	0.457324
16.3668	0.454142
16.237	0.448275
16.106	0.455314
15.9751	0.459502
15.8402	0.458833
15.6732	0.458496
15.5071	0.458077
15.3361	0.446933
15.1684	0.460507
15.0002	0.453804
14.8296	0.4559
14.6603	0.457575
14.5071	0.461596
14.3524	0.453804
14.1886	0.456739
14.0266	0.447103
13.861	0.449111
13.692	0.456234
13.5206	0.462434
13.3473	0.462769
13.1715	0.455899
13.0054	0.45414
12.8429	0.45724
12.6805	0.456903
12.5232	0.453636
12.3665	0.458832
12.2055	0.447352
12.0441	0.450034
11.8821	0.462183
11.7163	0.454307
11.5472	0.450789
11.3802	0.451124
11.2064	0.452213
11.0299	0.453806
10.8501	0.446096
10.6662	0.458664
10.4809	0.462433
10.2926	0.460089
10.1011	0.453468
9.90499	0.451626
9.70636	0.46168
9.5	0.444839
9.28705	0.453803
9.07311	0.45615
8.8605	0.448944
8.63434	0.452129
8.4099	0.460676
8.18073	0.451541
7.94705	0.447771
7.70488	0.45791
7.46258	0.454977
7.21443	0.454391
6.96474	0.452212
6.7132	0.45925
6.45866	0.449697
6.20284	0.456485
5.94649	0.454808
5.6821	0.452296
5.41938	0.457071
5.15918	0.453385
4.91416	0.457155
4.67643	0.455564
4.4382	0.451626
4.21401	0.453971
3.98934	0.452799
3.77747	0.454642
3.57429	0.452128
3.38142	0.455144
3.19758	0.454976
3.02622	0.450033
2.87085	0.452631
2.72611	0.454223
2.59002	0.456317
2.46555	0.454894
2.34315	0.45372
2.22088	0.454977
2.10213	0.452379
1.98643	0.449697
1.87143	0.447268
1.75755	0.453804
1.64494	0.452295
1.54584	0.452044
1.46775	0.454055
1.67257	0.450619
1.80263	0.452464
1.92585	0.454222
