# 'Tdn_K_76.8G'	'Rdn_Ohm_76.8G'
294.779	0.999446
294.678	0.998489
294.575	0.997561
294.476	0.996915
294.371	0.996863
294.283	0.997535
294.241	0.995572
294.138	0.995391
294.038	0.994513
293.931	0.994876
293.832	0.994823
293.723	0.994823
293.623	0.995004
293.519	0.992911
293.42	0.992655
293.317	0.991749
293.21	0.990199
293.107	0.989685
293.003	0.989762
292.892	0.989632
292.789	0.98865
292.688	0.986792
292.585	0.98692
292.483	0.986094
292.38	0.984028
292.279	0.985371
292.173	0.984776
292.072	0.982608
291.966	0.982814
291.866	0.980593
291.762	0.980904
291.667	0.98018
291.565	0.978528
291.455	0.979689
291.361	0.9785
291.253	0.977005
291.149	0.976125
291.05	0.974499
290.949	0.974293
290.842	0.972511
290.741	0.973388
290.636	0.972459
290.534	0.970909
290.429	0.970547
290.328	0.970108
290.233	0.968353
290.125	0.96719
290.024	0.967552
289.918	0.967397
289.816	0.965434
289.714	0.965356
289.61	0.964039
289.505	0.962516
289.408	0.963032
289.305	0.962387
289.204	0.961018
289.103	0.963007
289.002	0.959417
288.899	0.958462
288.796	0.956756
288.694	0.958152
288.594	0.955828
288.496	0.957945
288.389	0.954691
288.286	0.955465
288.179	0.954201
288.082	0.954562
287.977	0.953297
287.873	0.951696
287.773	0.950843
287.672	0.951567
287.57	0.949862
287.468	0.947744
287.365	0.947797
287.262	0.947538
287.161	0.947048
287.055	0.946581
286.952	0.944491
286.848	0.943431
286.744	0.943844
286.642	0.944284
286.538	0.941365
286.433	0.941056
286.332	0.940874
286.23	0.939326
286.128	0.939481
286.027	0.938009
285.927	0.937103
285.822	0.936796
285.721	0.93806
285.618	0.934806
285.515	0.934986
285.414	0.933385
285.313	0.93287
285.211	0.93217
285.106	0.930184
285.004	0.930621
284.903	0.93026
284.8	0.929073
284.699	0.929125
284.598	0.928944
284.494	0.92804
284.392	0.926904
284.287	0.926285
284.184	0.925561
284.084	0.925355
283.981	0.924553
283.879	0.924348
283.774	0.922668
283.67	0.921583
283.565	0.92166
283.466	0.921222
283.365	0.919543
283.26	0.919053
283.159	0.918563
283.055	0.917761
282.957	0.91771
282.851	0.91709
282.744	0.915721
282.642	0.914817
282.54	0.912778
282.436	0.913501
282.334	0.913062
282.235	0.911435
282.132	0.911409
282.031	0.911254
281.928	0.911667
281.826	0.909447
281.724	0.908465
281.623	0.908077
281.519	0.906684
281.416	0.906554
281.313	0.906528
281.211	0.905805
281.106	0.904926
281.002	0.902782
280.899	0.903325
280.801	0.902679
280.695	0.9002
280.594	0.90175
280.493	0.900949
280.392	0.898961
280.289	0.899064
280.181	0.897877
280.08	0.897465
279.976	0.898574
279.872	0.897128
279.772	0.897257
279.67	0.895553
279.569	0.893796
279.466	0.8931
279.363	0.894183
279.262	0.892196
279.159	0.892556
279.062	0.890413
278.956	0.889251
278.851	0.890335
278.75	0.889225
278.651	0.889638
278.548	0.888243
278.445	0.887677
278.344	0.88641
278.242	0.885301
278.14	0.886411
278.035	0.883855
277.935	0.882408
277.834	0.88419
277.731	0.883209
277.633	0.882692
277.527	0.880987
277.426	0.879567
277.324	0.880058
277.218	0.879568
277.116	0.878198
277.017	0.877477
276.915	0.878999
276.813	0.876907
276.711	0.873345
276.608	0.874919
276.507	0.875669
276.406	0.876597
276.303	0.874172
276.202	0.874298
276.1	0.87156
275.996	0.871537
275.893	0.870916
275.791	0.870451
275.689	0.870632
275.587	0.87058
275.486	0.86805
275.384	0.868618
275.279	0.868309
275.18	0.866681
275.078	0.865337
274.976	0.865209
274.873	0.865545
274.769	0.864899
274.672	0.863944
274.567	0.862963
274.466	0.861438
274.365	0.861981
274.26	0.860018
274.154	0.86056
274.054	0.860819
273.95	0.859554
273.844	0.858986
273.747	0.859734
273.642	0.857048
273.543	0.857488
273.438	0.856687
273.333	0.856016
273.231	0.85519
273.129	0.854465
273.027	0.85519
272.926	0.853665
272.824	0.853561
272.721	0.851574
272.62	0.850671
272.52	0.852426
272.416	0.850721
272.317	0.850334
272.214	0.849301
272.111	0.849585
272.007	0.847958
271.908	0.847623
271.803	0.847701
271.698	0.845789
271.598	0.845272
271.5	0.844807
271.397	0.844343
271.293	0.844343
271.19	0.843851
271.086	0.842794
270.983	0.842949
270.881	0.841837
270.779	0.841501
270.678	0.84083
270.573	0.838791
270.474	0.839436
270.37	0.839928
270.272	0.839488
270.163	0.838327
270.06	0.837344
269.961	0.836622
269.859	0.836441
269.757	0.835252
269.654	0.83564
269.555	0.834065
269.452	0.833523
269.348	0.833496
269.25	0.833238
269.147	0.831766
269.046	0.831431
268.947	0.830966
268.844	0.830036
268.738	0.830425
268.64	0.829029
268.537	0.828202
268.436	0.827738
268.333	0.828823
268.233	0.82655
268.131	0.827299
268.033	0.825388
267.93	0.827635
267.827	0.826472
267.724	0.823708
267.62	0.825336
267.519	0.82345
267.414	0.820843
267.316	0.822495
267.209	0.82198
267.113	0.821152
267.01	0.819499
266.906	0.822495
266.805	0.820893
266.702	0.818725
266.603	0.818156
266.5	0.817847
266.394	0.816555
266.292	0.816529
266.19	0.816246
266.087	0.816247
265.983	0.815989
265.882	0.814362
265.781	0.815291
265.68	0.812269
265.577	0.812916
265.474	0.813019
265.371	0.812657
265.267	0.811598
265.163	0.812322
265.063	0.809894
264.964	0.810436
264.858	0.809739
264.757	0.808421
264.656	0.808395
264.553	0.808111
264.448	0.808396
264.348	0.80566
264.245	0.806768
264.14	0.804653
264.04	0.805554
263.94	0.804547
263.835	0.804393
263.728	0.804134
263.632	0.80447
263.526	0.802973
263.426	0.802379
263.324	0.802896
263.22	0.801605
263.121	0.800287
263.021	0.801139
262.918	0.800158
262.817	0.79972
262.716	0.799486
262.614	0.79866
262.512	0.797964
262.408	0.797343
262.308	0.796052
262.202	0.796233
262.104	0.794606
262	0.795044
261.899	0.795122
261.799	0.793341
261.697	0.793961
261.596	0.793081
261.491	0.792668
261.392	0.79192
261.286	0.791945
261.187	0.79236
261.083	0.789726
260.978	0.791378
260.875	0.789441
260.775	0.790938
260.676	0.788847
260.572	0.788588
260.473	0.788381
260.368	0.787582
260.269	0.785413
260.164	0.786497
260.061	0.786058
259.961	0.784715
259.86	0.785903
259.757	0.783708
259.656	0.784017
259.558	0.783449
259.451	0.784224
259.353	0.783707
259.248	0.78221
259.147	0.780739
259.045	0.780918
258.942	0.781461
258.838	0.780583
258.74	0.779912
258.635	0.77986
258.533	0.778699
258.428	0.776451
258.329	0.777975
258.227	0.777124
258.127	0.777743
258.022	0.776736
257.921	0.776245
257.818	0.775856
257.715	0.776012
257.615	0.774153
257.512	0.773637
257.405	0.773301
257.304	0.771803
257.201	0.774257
257.096	0.772293
256.996	0.771958
256.888	0.770848
256.791	0.771544
256.688	0.771751
256.587	0.769917
256.484	0.768472
256.383	0.76966
256.28	0.768602
256.179	0.768833
256.077	0.766999
255.974	0.76736
255.875	0.767773
255.773	0.765812
255.673	0.765708
255.569	0.765115
255.469	0.765553
255.368	0.764135
255.265	0.764804
255.163	0.763307
255.063	0.764056
254.959	0.762584
254.857	0.763151
254.755	0.763617
254.653	0.761706
254.553	0.761267
254.453	0.759975
254.347	0.759019
254.25	0.759691
254.148	0.757599
254.047	0.759225
253.945	0.757884
253.843	0.758814
253.74	0.757419
253.637	0.7584
253.537	0.757341
253.435	0.757212
253.332	0.755534
253.228	0.755121
253.128	0.754965
253.025	0.755224
252.92	0.755249
252.821	0.753958
252.718	0.752151
252.619	0.754165
252.516	0.753054
252.414	0.75135
252.314	0.752255
252.21	0.752254
252.105	0.750034
252.005	0.75104
251.901	0.750265
251.8	0.750163
251.696	0.748304
251.595	0.749387
251.494	0.749775
251.389	0.745902
251.285	0.747451
251.183	0.746083
251.079	0.747555
250.98	0.745075
250.88	0.746676
250.779	0.744946
250.676	0.744791
250.572	0.744403
250.47	0.744508
250.369	0.744457
250.266	0.744223
250.161	0.742053
250.063	0.742725
249.962	0.742414
249.859	0.742285
249.759	0.741485
249.654	0.74102
249.552	0.741433
249.451	0.741382
249.352	0.740711
249.249	0.740608
249.148	0.738129
249.044	0.738826
248.94	0.737225
248.836	0.739574
248.737	0.737922
248.642	0.736372
248.535	0.736011
248.434	0.735003
248.33	0.734668
248.228	0.735391
248.126	0.736268
248.024	0.736037
247.923	0.733195
247.822	0.733918
247.717	0.73397
247.613	0.734358
247.513	0.732008
247.411	0.733299
247.309	0.733765
247.203	0.731491
247.101	0.731801
247.001	0.732498
246.898	0.731105
246.794	0.729503
246.695	0.731285
246.592	0.729786
246.489	0.729271
246.389	0.728677
246.288	0.728548
246.181	0.728573
246.082	0.727024
245.982	0.72847
245.879	0.727566
245.776	0.728108
245.674	0.727591
245.571	0.725422
245.47	0.725965
245.368	0.725036
245.264	0.725809
245.16	0.723847
245.061	0.722866
244.958	0.722996
244.858	0.722995
244.759	0.723228
244.654	0.722738
244.555	0.722917
244.452	0.721858
244.352	0.72235
244.248	0.720284
244.15	0.719663
244.047	0.720697
243.944	0.720103
243.84	0.719819
243.738	0.720517
243.637	0.719922
243.535	0.719224
243.43	0.718554
243.334	0.718321
243.23	0.71752
243.126	0.716643
243.028	0.717495
242.927	0.71703
242.823	0.717133
242.72	0.714448
242.618	0.714629
242.515	0.716229
242.412	0.716254
242.312	0.714345
242.211	0.71437
242.11	0.713673
242.007	0.712252
241.907	0.714112
241.808	0.711374
241.701	0.712485
241.6	0.711994
241.498	0.7114
241.397	0.711271
241.291	0.7106
241.194	0.710367
241.089	0.708586
240.987	0.710781
240.887	0.708456
240.786	0.70967
240.683	0.710058
240.58	0.709075
240.479	0.70714
240.377	0.706417
240.273	0.707708
240.173	0.70639
240.07	0.706416
239.968	0.705951
239.864	0.705409
239.763	0.706417
239.661	0.706287
239.559	0.706003
239.458	0.706236
239.358	0.704583
239.255	0.705075
239.157	0.70435
239.055	0.704867
238.952	0.704118
238.85	0.702775
238.749	0.70293
238.644	0.704144
238.542	0.701665
238.442	0.701948
238.34	0.703344
238.237	0.702569
238.137	0.701071
238.035	0.700787
237.933	0.70009
237.828	0.699444
237.729	0.699625
237.63	0.699832
237.528	0.699005
237.425	0.698488
237.321	0.699082
237.219	0.699211
237.115	0.697714
237.017	0.698126
236.912	0.697585
236.81	0.697998
236.707	0.696499
236.601	0.697094
236.502	0.695388
236.396	0.696423
236.293	0.697379
236.193	0.694022
236.093	0.695338
235.99	0.693917
235.888	0.694666
235.785	0.69495
235.684	0.693272
235.582	0.691851
235.476	0.692522
235.375	0.693763
235.27	0.692703
235.168	0.690947
235.066	0.69216
234.963	0.692961
234.863	0.690484
234.761	0.69038
234.657	0.69198
234.554	0.689037
234.452	0.690535
234.348	0.689011
234.246	0.689192
234.147	0.68852
234.046	0.688908
233.941	0.689424
233.84	0.688443
233.737	0.687849
233.637	0.688262
233.532	0.687668
233.433	0.68772
233.331	0.685242
233.227	0.686068
233.129	0.686299
233.025	0.685757
232.923	0.685628
232.821	0.684905
232.718	0.684698
232.615	0.685085
232.516	0.684052
232.413	0.685343
232.311	0.683148
232.21	0.682736
232.105	0.684157
232.001	0.682761
231.901	0.682735
231.798	0.682839
231.699	0.682633
231.595	0.680489
231.495	0.681341
231.39	0.681212
231.29	0.682348
231.19	0.681961
231.089	0.680696
230.986	0.681704
230.88	0.680024
230.782	0.68129
230.679	0.680463
230.577	0.679043
230.475	0.679043
230.37	0.6777
230.268	0.676797
230.166	0.678086
230.064	0.677622
229.964	0.677364
229.863	0.67721
229.756	0.676796
229.654	0.676564
229.554	0.676693
229.452	0.67504
229.351	0.676693
229.248	0.67442
229.149	0.674678
229.044	0.674524
228.942	0.674963
228.841	0.674575
228.74	0.6738
228.637	0.674292
228.537	0.67442
228.432	0.673853
228.332	0.673464
228.23	0.673568
228.131	0.672613
228.026	0.671347
227.927	0.672819
227.826	0.672381
227.72	0.671812
227.619	0.669643
227.516	0.670082
227.413	0.670288
227.313	0.669359
227.21	0.668945
227.107	0.668662
227.003	0.67003
226.905	0.66861
226.8	0.668017
226.699	0.66972
226.597	0.668971
226.494	0.667991
226.394	0.669024
226.291	0.667964
226.188	0.667241
226.087	0.666854
225.982	0.667421
225.881	0.667345
225.779	0.666234
225.678	0.666027
225.573	0.665278
225.47	0.665847
225.368	0.66626
225.266	0.667087
225.165	0.665252
225.06	0.663032
224.96	0.66502
224.855	0.663858
224.753	0.665253
224.65	0.663755
224.549	0.664478
224.446	0.662077
224.344	0.663031
224.242	0.662748
224.143	0.66205
224.04	0.662645
223.938	0.66169
223.833	0.660682
223.731	0.662515
223.625	0.661972
223.528	0.661508
223.427	0.660836
223.325	0.660474
223.221	0.66032
223.119	0.661353
223.013	0.659467
222.912	0.658332
222.811	0.659261
222.709	0.658978
222.608	0.657377
222.505	0.658693
222.402	0.659339
222.302	0.658461
222.201	0.658823
222.099	0.65766
221.996	0.656861
221.894	0.658746
221.793	0.657376
221.691	0.657349
221.59	0.657143
221.488	0.657324
221.387	0.655931
221.282	0.656577
221.179	0.65482
221.078	0.655723
220.975	0.654923
220.874	0.654588
220.771	0.654149
220.667	0.655129
220.566	0.653245
220.462	0.654381
220.36	0.6542
220.258	0.653787
220.158	0.654174
220.054	0.652701
219.954	0.653503
219.851	0.65265
219.748	0.653374
219.647	0.652289
219.544	0.651746
219.44	0.653088
219.337	0.652186
219.237	0.651642
219.136	0.651204
219.034	0.65061
218.933	0.64968
218.831	0.650997
218.727	0.649784
218.625	0.648674
218.524	0.648777
218.419	0.648647
218.316	0.650559
218.215	0.650533
218.112	0.647795
218.011	0.646659
217.907	0.64764
217.808	0.64826
217.702	0.647202
217.602	0.646892
217.501	0.646608
217.398	0.646763
217.296	0.64591
217.197	0.646117
217.093	0.646272
216.993	0.645781
216.889	0.645704
216.787	0.645755
216.686	0.644956
216.581	0.645187
216.481	0.643019
216.375	0.644386
216.273	0.643224
216.168	0.64418
216.063	0.642889
215.964	0.642373
215.863	0.641598
215.76	0.642812
215.66	0.642966
215.557	0.641623
215.457	0.642217
215.357	0.642114
215.254	0.641779
215.152	0.640487
215.052	0.640642
214.949	0.640228
214.846	0.640022
214.746	0.640875
214.644	0.640487
214.542	0.639713
214.439	0.639197
214.339	0.640564
214.236	0.639556
214.134	0.638706
214.032	0.638446
213.929	0.63837
213.829	0.638422
213.726	0.637466
213.624	0.637104
213.523	0.636898
213.419	0.637647
213.316	0.634806
213.214	0.637879
213.112	0.636821
213.008	0.636561
212.907	0.636201
212.804	0.635065
212.703	0.636434
212.6	0.635451
212.501	0.634186
212.4	0.633154
212.298	0.634212
212.196	0.634393
212.093	0.633515
211.99	0.633412
211.89	0.632869
211.789	0.632507
211.688	0.633851
211.583	0.632043
211.483	0.630881
211.382	0.632766
211.28	0.631422
211.179	0.632275
211.075	0.631346
210.972	0.631526
210.87	0.630621
210.769	0.630209
210.667	0.628894
210.567	0.630623
210.464	0.630881
210.363	0.630157
210.261	0.630132
210.159	0.627964
210.056	0.629435
209.955	0.629047
209.857	0.627963
209.754	0.627989
209.654	0.625664
209.552	0.627318
209.45	0.627266
209.348	0.626955
209.246	0.62649
209.145	0.625793
209.044	0.625845
208.941	0.624942
208.839	0.625819
208.738	0.625535
208.636	0.626181
208.533	0.624993
208.43	0.624864
208.325	0.625381
208.226	0.624579
208.121	0.624735
208.021	0.623262
207.918	0.624245
207.815	0.622746
207.714	0.624114
207.613	0.622385
207.508	0.622591
207.407	0.622978
207.309	0.622178
207.206	0.622204
207.104	0.6213
207.001	0.621042
206.899	0.620319
206.798	0.620577
206.695	0.619647
206.593	0.619518
206.491	0.619906
206.388	0.619648
206.286	0.61833
206.185	0.618691
206.082	0.617478
205.981	0.617943
205.876	0.61802
205.774	0.616497
205.672	0.617969
205.571	0.61833
205.468	0.61673
205.364	0.617246
205.263	0.616135
205.164	0.615515
205.06	0.615232
204.958	0.614767
204.856	0.615387
204.755	0.615335
204.65	0.614818
204.549	0.612597
204.447	0.613863
204.346	0.613089
204.245	0.612468
204.143	0.615567
204.041	0.613372
203.939	0.611926
203.836	0.611642
203.735	0.612985
203.633	0.613295
203.528	0.61177
203.429	0.611127
203.327	0.611254
203.225	0.611564
203.124	0.610634
203.024	0.609189
202.923	0.609911
202.821	0.610041
202.72	0.609834
202.617	0.608724
202.513	0.609058
202.411	0.609343
202.308	0.609369
202.204	0.608336
202.102	0.607304
202	0.607665
201.9	0.606554
201.798	0.6072
201.696	0.606942
201.595	0.605316
201.493	0.605805
201.388	0.60534
201.288	0.606244
201.186	0.606348
201.084	0.605392
200.982	0.604798
200.881	0.605342
200.779	0.604385
200.68	0.604773
200.576	0.602552
200.474	0.604644
200.372	0.601879
200.271	0.603249
200.171	0.602836
200.071	0.60374
199.969	0.602474
199.868	0.601389
199.768	0.603662
199.665	0.601571
199.564	0.602217
199.462	0.600873
199.361	0.599737
199.258	0.600331
199.156	0.600254
199.053	0.598781
198.952	0.597671
198.85	0.599195
198.746	0.598988
198.645	0.597825
198.543	0.598317
198.44	0.598729
198.339	0.598059
198.238	0.598187
198.136	0.597
198.034	0.597645
197.932	0.596277
197.833	0.597517
197.731	0.596121
197.629	0.596353
197.526	0.595993
197.425	0.595966
197.325	0.596173
197.221	0.596198
197.119	0.59452
197.018	0.593977
196.917	0.594391
196.815	0.593977
196.714	0.594107
196.612	0.593126
196.509	0.592197
196.407	0.591989
196.304	0.592533
196.202	0.592454
196.097	0.592299
195.996	0.590207
195.894	0.590156
195.793	0.590854
195.691	0.590183
195.59	0.591447
195.487	0.590854
195.385	0.589459
195.284	0.589639
195.182	0.589279
195.079	0.589277
194.978	0.588503
194.876	0.588297
194.774	0.58889
194.673	0.589252
194.57	0.588167
194.469	0.5892
194.367	0.587419
194.264	0.58729
194.161	0.586824
194.064	0.58605
193.963	0.58716
193.859	0.586566
193.756	0.585508
193.651	0.585327
193.551	0.585326
193.447	0.58543
193.345	0.584061
193.243	0.585094
193.142	0.583776
193.04	0.584449
192.939	0.585327
192.835	0.585147
192.733	0.583236
192.631	0.584268
192.53	0.583908
192.427	0.582229
192.325	0.582538
192.225	0.581893
192.121	0.582616
192.021	0.581634
191.919	0.582616
191.817	0.581686
191.715	0.5798
191.613	0.581298
191.512	0.579801
191.411	0.581195
191.309	0.580343
191.207	0.579878
191.104	0.579775
191.002	0.578716
190.899	0.578044
190.797	0.579672
190.696	0.577889
190.594	0.578871
190.494	0.578277
190.39	0.577244
190.291	0.577346
190.186	0.577786
190.086	0.57758
189.982	0.577244
189.881	0.575178
189.778	0.575437
189.677	0.576004
189.573	0.575901
189.471	0.575333
189.369	0.575514
189.268	0.575461
189.164	0.575616
189.063	0.574946
188.962	0.574945
188.862	0.573474
188.76	0.573888
188.656	0.57355
188.554	0.572543
188.454	0.572854
188.352	0.573525
188.25	0.573267
188.148	0.573061
188.047	0.572776
187.946	0.572182
187.845	0.570969
187.743	0.571692
187.641	0.57115
187.539	0.570916
187.436	0.570504
187.335	0.571148
187.234	0.570374
187.131	0.570245
187.029	0.571433
186.928	0.569445
186.826	0.56991
186.725	0.56978
186.622	0.569883
186.519	0.568722
186.416	0.569936
186.316	0.569213
186.213	0.569522
186.109	0.56898
186.009	0.56725
185.905	0.567302
185.804	0.567198
185.7	0.567198
185.596	0.565958
185.495	0.567225
185.393	0.566449
185.289	0.565133
185.187	0.565778
185.083	0.565933
184.981	0.5665
184.876	0.565184
184.774	0.564952
184.671	0.563144
184.569	0.564435
184.465	0.563919
184.362	0.563945
184.261	0.564202
184.157	0.563299
184.055	0.56242
183.951	0.562911
183.849	0.562859
183.746	0.562575
183.643	0.562343
183.54	0.562447
183.437	0.563144
183.334	0.56224
183.233	0.562679
183.131	0.561232
183.029	0.562292
182.924	0.560484
182.821	0.561001
182.718	0.560122
182.619	0.560303
182.514	0.560123
182.413	0.558366
182.31	0.559219
182.207	0.560587
182.102	0.558418
182	0.558883
181.897	0.559115
181.792	0.558908
181.689	0.558366
181.587	0.55785
181.482	0.558109
181.379	0.557385
181.275	0.556326
181.171	0.556739
181.067	0.557307
180.965	0.555939
180.863	0.555758
180.762	0.554363
180.657	0.554544
180.554	0.554854
180.452	0.555371
180.349	0.555423
180.247	0.555706
180.143	0.556146
180.041	0.554648
179.936	0.554208
179.832	0.553537
179.727	0.554183
179.625	0.553381
179.523	0.554337
179.419	0.553616
179.315	0.552891
179.214	0.553537
179.11	0.553588
179.006	0.551497
178.905	0.552504
178.798	0.551058
178.697	0.551601
178.594	0.551135
178.489	0.55142
178.387	0.550748
178.283	0.550929
178.179	0.549689
178.077	0.549921
177.972	0.55049
177.871	0.550233
177.766	0.550594
177.662	0.549844
177.559	0.54987
177.456	0.550697
177.352	0.548941
177.248	0.548294
177.144	0.547882
177.042	0.548734
176.938	0.547159
176.834	0.546668
176.731	0.547287
176.63	0.546462
176.526	0.54721
176.424	0.546462
176.32	0.546953
176.218	0.547366
176.113	0.547133
176.011	0.545326
175.906	0.546849
175.803	0.545506
175.698	0.545041
175.597	0.544963
175.494	0.545507
175.389	0.543827
175.285	0.544732
175.181	0.546436
175.077	0.545661
174.975	0.544266
174.871	0.543078
174.767	0.544705
174.663	0.543699
174.562	0.543569
174.458	0.543983
174.355	0.544602
174.252	0.542278
174.148	0.542897
174.042	0.541968
173.938	0.5422
173.836	0.540884
173.731	0.540677
173.627	0.541038
173.524	0.54171
173.421	0.540961
173.32	0.540962
173.215	0.541296
173.114	0.540728
173.011	0.540521
172.909	0.540289
172.805	0.54078
172.702	0.539437
172.599	0.538766
172.497	0.540057
172.393	0.539773
172.288	0.53967
172.185	0.539566
172.082	0.538559
171.98	0.539179
171.875	0.537888
171.772	0.537423
171.67	0.536933
171.566	0.536597
171.462	0.536778
171.358	0.536726
171.257	0.535951
171.152	0.535873
171.046	0.537293
170.943	0.536416
170.841	0.535848
170.737	0.536416
170.632	0.536933
170.53	0.536157
170.427	0.535125
170.325	0.534943
170.219	0.535616
170.116	0.53564
170.012	0.533755
169.91	0.535512
169.806	0.534686
169.702	0.534996
169.599	0.533136
169.494	0.535873
169.39	0.534893
169.286	0.53404
169.183	0.533265
169.081	0.533239
168.977	0.534453
168.875	0.533445
168.773	0.532646
168.67	0.533987
168.566	0.532413
168.463	0.531431
168.359	0.532259
168.255	0.531717
168.154	0.531251
168.051	0.531147
167.948	0.53169
167.846	0.530863
167.743	0.530864
167.639	0.530296
167.534	0.529805
167.431	0.530838
167.327	0.529908
167.223	0.530709
167.119	0.529494
167.017	0.528772
166.914	0.528927
166.809	0.531226
166.707	0.529004
166.605	0.528694
166.501	0.528875
166.397	0.527171
166.293	0.527222
166.189	0.528643
166.085	0.527868
165.982	0.528255
165.878	0.527791
165.773	0.527738
165.671	0.526938
165.566	0.528075
165.464	0.527223
165.36	0.526345
165.255	0.526811
165.153	0.526215
165.05	0.526345
164.946	0.52743
164.844	0.526989
164.74	0.524511
164.637	0.526293
164.532	0.526654
164.428	0.525363
164.326	0.524822
164.222	0.526009
164.119	0.524614
164.017	0.525492
163.912	0.523478
163.81	0.524769
163.706	0.523117
163.602	0.524821
163.499	0.523582
163.393	0.523091
163.288	0.523839
163.186	0.524278
163.084	0.522058
162.981	0.522264
162.875	0.52198
162.774	0.520844
162.671	0.521464
162.565	0.522833
162.462	0.520121
162.357	0.52229
162.254	0.521748
162.151	0.522058
162.047	0.52007
161.942	0.521231
161.838	0.522135
161.735	0.521179
161.629	0.52167
161.525	0.520611
161.425	0.521102
161.32	0.518029
161.215	0.520173
161.111	0.518675
161.008	0.520431
160.905	0.519423
160.802	0.520508
160.696	0.518932
160.593	0.519708
160.489	0.518778
160.387	0.518184
160.285	0.518804
160.18	0.518881
160.076	0.517719
159.973	0.518339
159.87	0.517848
159.767	0.516893
159.662	0.518081
159.56	0.517073
159.455	0.517538
159.352	0.516738
159.249	0.517332
159.145	0.516454
159.041	0.517383
158.939	0.516169
158.837	0.51715
158.733	0.515059
158.631	0.517254
158.528	0.515834
158.424	0.516402
158.32	0.515962
158.218	0.516015
158.114	0.515885
158.009	0.514879
157.906	0.515059
157.804	0.513922
157.701	0.513484
157.596	0.514233
157.493	0.515188
157.387	0.514181
157.286	0.515575
157.183	0.513923
157.078	0.513484
156.976	0.513819
156.872	0.513871
156.768	0.512012
156.665	0.513251
156.563	0.512348
156.46	0.513561
156.356	0.512786
156.254	0.512838
156.151	0.512038
156.047	0.513458
155.943	0.513044
155.839	0.511701
155.736	0.511547
155.631	0.511728
155.527	0.510514
155.425	0.511754
155.322	0.511082
155.218	0.511393
155.115	0.51196
155.014	0.511367
154.91	0.51085
154.807	0.511031
154.704	0.510281
154.602	0.509481
154.498	0.508475
154.397	0.508836
154.294	0.510127
154.191	0.509843
154.086	0.509559
153.984	0.509301
153.881	0.508939
153.776	0.509791
153.673	0.509042
153.57	0.509843
153.469	0.508836
153.367	0.509146
153.266	0.507957
153.161	0.508165
153.056	0.507518
152.955	0.508965
152.851	0.508604
152.747	0.507157
152.643	0.506925
152.541	0.507107
152.438	0.507106
152.333	0.5077
152.231	0.507699
152.129	0.506821
152.026	0.506899
151.923	0.506227
151.817	0.505582
151.714	0.50473
151.611	0.50553
151.507	0.505453
151.403	0.505918
151.299	0.50504
151.197	0.50473
151.092	0.505271
150.988	0.505479
150.885	0.505917
150.781	0.504936
150.679	0.504962
150.573	0.504471
150.47	0.504832
150.368	0.503154
150.263	0.503671
150.16	0.503516
150.058	0.504213
149.952	0.504006
149.85	0.502717
149.746	0.503981
149.642	0.502431
149.539	0.504136
149.437	0.502947
149.333	0.502845
149.229	0.501295
149.127	0.502458
149.025	0.503464
148.922	0.502689
148.821	0.50163
148.718	0.500701
148.614	0.501708
148.511	0.501708
148.407	0.501346
148.302	0.502096
148.2	0.502199
148.097	0.499797
147.994	0.501217
147.891	0.501373
147.788	0.501501
147.686	0.501502
147.584	0.500055
147.477	0.499642
147.375	0.499487
147.272	0.498997
147.169	0.499461
147.066	0.498506
146.963	0.500132
146.861	0.499925
146.758	0.499486
146.655	0.498092
146.551	0.499642
146.448	0.49897
146.345	0.498196
146.241	0.499126
146.137	0.497679
146.033	0.497938
145.93	0.497732
145.827	0.499151
145.723	0.499229
145.62	0.499152
145.517	0.49768
145.413	0.496233
145.31	0.498505
145.208	0.498351
145.105	0.496569
144.999	0.498041
144.898	0.496879
144.794	0.497603
144.691	0.497343
144.587	0.49719
144.485	0.495769
144.381	0.495872
144.278	0.49564
144.174	0.494994
144.07	0.495381
143.968	0.496182
143.865	0.495252
143.763	0.496619
143.661	0.496465
143.556	0.496414
143.453	0.495614
143.35	0.495304
143.245	0.49533
143.143	0.494193
143.039	0.493083
142.938	0.495356
142.835	0.495173
142.732	0.495458
142.628	0.494968
142.525	0.494193
142.421	0.494167
142.317	0.493418
142.214	0.49316
142.111	0.49409
142.005	0.493444
141.901	0.493755
141.797	0.491791
141.694	0.494271
141.59	0.492669
141.488	0.494374
141.385	0.493625
141.282	0.491378
141.179	0.493135
141.074	0.49156
140.97	0.491611
140.867	0.491973
140.764	0.492515
140.661	0.491069
140.558	0.490347
140.456	0.492748
140.351	0.491843
140.249	0.491172
140.144	0.490216
140.042	0.491042
139.939	0.490655
139.837	0.49019
139.733	0.489597
139.631	0.490319
139.527	0.489493
139.423	0.489365
139.321	0.491249
139.218	0.489106
139.113	0.489132
139.01	0.490062
138.907	0.489416
138.804	0.489313
138.701	0.488616
138.598	0.489907
138.494	0.488641
138.392	0.489519
138.288	0.488822
138.185	0.489571
138.083	0.489519
137.981	0.487608
137.879	0.48784
137.775	0.488718
137.672	0.488202
137.568	0.489416
137.465	0.487944
137.362	0.488461
137.258	0.487738
137.155	0.487324
137.053	0.488048
136.95	0.488254
136.846	0.487299
136.744	0.487428
136.641	0.487144
136.537	0.486731
136.435	0.486807
136.332	0.48815
136.228	0.486343
136.125	0.486006
136.022	0.486911
135.918	0.486007
135.815	0.487556
135.71	0.485413
135.608	0.487712
135.506	0.485284
135.403	0.486214
135.299	0.48611
135.196	0.485464
135.091	0.484406
134.989	0.485103
134.885	0.483683
134.781	0.48394
134.675	0.485258
134.573	0.484509
134.47	0.484716
134.365	0.484561
134.263	0.485335
134.159	0.484225
134.056	0.483476
133.953	0.483992
133.85	0.483037
133.746	0.483967
133.643	0.485387
133.54	0.483192
133.435	0.483451
133.333	0.484019
133.231	0.48296
133.127	0.482392
133.024	0.481307
132.922	0.483502
132.819	0.483425
132.718	0.481978
132.613	0.482546
132.511	0.482056
132.409	0.483011
132.305	0.481927
132.202	0.482133
132.1	0.481927
131.996	0.481566
131.894	0.481178
131.791	0.481488
131.688	0.481539
131.585	0.480171
131.484	0.479835
131.378	0.480661
131.275	0.481695
131.172	0.480171
131.069	0.480688
130.965	0.480894
130.864	0.481694
130.76	0.48012
130.656	0.480739
130.552	0.480248
130.45	0.481384
130.345	0.47986
130.244	0.480532
130.142	0.479938
130.04	0.480868
129.935	0.479215
129.831	0.478182
129.728	0.479732
129.627	0.479009
129.524	0.479938
129.42	0.478725
129.319	0.47857
129.215	0.477588
129.114	0.47999
129.012	0.479344
128.91	0.479421
128.807	0.479137
128.703	0.478958
128.6	0.478724
128.499	0.477898
128.396	0.478492
128.292	0.477485
128.189	0.476685
128.086	0.477227
127.983	0.4772
127.879	0.478105
127.776	0.476504
127.674	0.477304
127.572	0.478208
127.468	0.47715
127.365	0.477872
127.26	0.477769
127.156	0.476556
127.052	0.475781
126.948	0.477176
126.844	0.476349
126.743	0.475522
126.639	0.476581
126.536	0.476065
126.433	0.475291
126.328	0.477073
126.225	0.475884
126.121	0.476659
126.019	0.475394
125.916	0.476039
125.812	0.476375
125.707	0.475781
125.606	0.474516
125.504	0.473431
125.4	0.475135
125.296	0.475523
125.192	0.474748
125.089	0.475057
124.987	0.473948
124.883	0.474465
124.779	0.473276
124.677	0.473843
124.573	0.474774
124.471	0.474155
124.366	0.474232
124.264	0.472915
124.162	0.473714
124.061	0.473121
123.957	0.474773
123.855	0.472915
123.752	0.473173
123.65	0.474258
123.546	0.472759
123.442	0.472863
123.338	0.473741
123.236	0.472941
123.132	0.471856
123.028	0.472501
122.927	0.472372
122.824	0.47232
122.722	0.472605
122.618	0.472605
122.516	0.471623
122.412	0.471443
122.309	0.472372
122.207	0.472786
122.105	0.472089
122.002	0.470901
121.9	0.471056
121.796	0.471597
121.692	0.47077
121.588	0.471598
121.485	0.471159
121.382	0.469376
121.278	0.470281
121.174	0.47059
121.071	0.470745
120.968	0.470564
120.865	0.469506
120.761	0.470564
120.658	0.46966
120.555	0.469403
120.453	0.470461
120.351	0.468912
120.249	0.473742
120.145	0.469764
120.043	0.469532
119.94	0.469764
119.837	0.470565
119.734	0.4701
119.632	0.468912
119.526	0.467388
119.424	0.46775
119.321	0.470384
119.219	0.470023
119.115	0.47028
119.013	0.468937
118.91	0.46984
118.807	0.468163
118.704	0.469196
118.6	0.469092
118.496	0.468188
118.395	0.468499
118.292	0.46775
118.189	0.467982
118.085	0.467026
117.984	0.46731
117.88	0.46855
117.776	0.468214
117.672	0.466872
117.57	0.467362
117.466	0.467233
117.362	0.467595
117.26	0.468266
117.155	0.467362
117.052	0.466897
116.95	0.468188
116.847	0.467336
116.742	0.466743
116.639	0.466536
116.538	0.468654
116.436	0.466717
116.332	0.466303
116.23	0.467466
116.126	0.467156
116.022	0.464444
115.921	0.465219
115.817	0.465193
115.713	0.466149
115.611	0.466795
115.507	0.465529
115.403	0.466407
115.301	0.466045
115.198	0.467361
115.094	0.465477
114.993	0.46478
114.889	0.463592
114.787	0.465089
114.683	0.466175
114.579	0.465193
114.475	0.465193
114.374	0.465917
114.272	0.463256
114.168	0.46571
114.066	0.464729
113.962	0.463205
113.859	0.46256
113.757	0.46478
113.654	0.464444
113.55	0.464185
113.447	0.463463
113.344	0.464135
113.24	0.464677
113.138	0.463618
113.035	0.464342
112.932	0.462765
112.829	0.463361
112.725	0.462714
112.623	0.46243
112.519	0.464135
112.416	0.463308
112.313	0.463024
112.21	0.463825
112.108	0.463257
112.004	0.462663
111.9	0.464005
111.797	0.463592
111.694	0.460984
111.591	0.462482
111.488	0.462999
111.383	0.463515
111.281	0.461449
111.179	0.461708
111.076	0.462534
110.972	0.460855
110.871	0.461861
110.768	0.461913
110.664	0.461862
110.561	0.460932
110.457	0.461682
110.353	0.46256
110.249	0.461526
110.147	0.461216
110.043	0.460984
109.94	0.460235
109.835	0.460467
109.733	0.461216
109.629	0.461165
109.526	0.460622
109.422	0.460467
109.319	0.460442
109.216	0.459925
109.114	0.461398
109.009	0.460906
108.904	0.460958
108.807	0.461293
108.704	0.460648
108.6	0.459977
108.498	0.460958
108.392	0.458711
108.29	0.459073
108.186	0.461423
108.085	0.459925
107.981	0.45946
107.879	0.458427
107.778	0.459435
107.673	0.459382
107.572	0.45946
107.468	0.460235
107.365	0.459409
107.263	0.460028
107.16	0.458298
107.06	0.459693
106.96	0.458814
106.855	0.45724
106.753	0.459924
106.65	0.458556
106.548	0.458401
106.445	0.457498
106.341	0.45977
106.242	0.458738
106.138	0.457523
106.035	0.458763
105.93	0.457756
105.831	0.457575
105.723	0.456542
105.623	0.45853
105.519	0.458969
105.418	0.457808
105.311	0.45693
105.206	0.458091
105.106	0.457524
105.003	0.456878
104.898	0.458685
104.795	0.458195
104.692	0.457265
104.589	0.457162
104.484	0.456542
104.381	0.457188
104.278	0.456826
104.175	0.456749
104.075	0.456774
103.969	0.456129
103.866	0.455896
103.763	0.457471
103.658	0.456206
103.555	0.45693
103.455	0.457575
103.351	0.456387
103.246	0.457342
103.145	0.455458
103.042	0.456052
102.939	0.456775
102.833	0.455095
102.728	0.456206
102.627	0.456051
102.526	0.455406
102.422	0.455561
102.318	0.454786
102.216	0.456025
102.113	0.456103
102.008	0.455199
101.904	0.454657
101.8	0.454657
101.698	0.455276
101.595	0.455845
101.49	0.455225
101.385	0.455509
101.281	0.455379
101.178	0.45476
101.076	0.454682
100.971	0.454476
100.87	0.455096
100.766	0.453727
100.662	0.454631
100.558	0.45494
100.456	0.453856
100.353	0.454088
100.251	0.454166
100.146	0.45414
100.041	0.454063
99.9377	0.455767
99.835	0.453959
99.7332	0.453985
99.629	0.452978
99.5261	0.455173
99.4215	0.452849
99.3198	0.453417
99.2165	0.453702
99.1149	0.453313
99.0121	0.45272
98.9115	0.454503
98.808	0.45396
98.7074	0.453237
98.6017	0.453081
98.4995	0.453804
98.395	0.452462
98.2901	0.45223
98.1869	0.454141
98.0848	0.452513
97.9797	0.452952
97.8761	0.45272
97.7741	0.452539
97.6694	0.45241
97.5652	0.451997
97.4633	0.452048
97.3596	0.453727
97.2552	0.451532
97.1523	0.451971
97.0492	0.453186
96.9449	0.451429
96.8406	0.452643
96.7375	0.452539
96.6359	0.451609
96.5323	0.451506
96.4267	0.450551
96.3225	0.45179
96.2229	0.453004
96.1192	0.451429
96.0174	0.452256
95.9157	0.451377
95.8116	0.451506
95.7083	0.451119
95.6045	0.45117
95.5027	0.450344
95.3985	0.450525
95.2968	0.45099
95.192	0.452462
95.0894	0.451557
94.9881	0.450835
94.8851	0.450551
94.7819	0.451119
94.6798	0.451506
94.579	0.450008
94.4745	0.450732
94.3724	0.450964
94.2687	0.450912
94.1659	0.449956
94.0624	0.45024
93.9588	0.451197
93.8565	0.450654
93.754	0.45006
93.6521	0.448924
93.5489	0.449544
93.4455	0.451403
93.3435	0.45037
93.2401	0.448718
93.1363	0.451015
93.0328	0.448975
92.9312	0.449388
92.8311	0.450112
92.7271	0.449725
92.6227	0.449311
92.5195	0.450731
92.4176	0.449544
92.3155	0.449776
92.213	0.449466
92.1104	0.448536
92.0068	0.448382
91.9039	0.450215
91.8035	0.449544
91.7	0.44802
91.5977	0.448795
91.4964	0.44975
91.3934	0.449311
91.2909	0.449776
91.1871	0.448098
91.0827	0.448588
90.9789	0.44833
90.8782	0.448719
90.7761	0.448563
90.6732	0.448846
90.5686	0.448407
90.4654	0.449492
90.365	0.447452
90.2604	0.449079
90.1551	0.448433
90.0547	0.448976
89.9502	0.447994
89.8481	0.448589
89.7455	0.44895
89.6422	0.447891
89.5396	0.448769
89.4354	0.448279
89.332	0.449027
89.2313	0.448536
89.126	0.447039
89.0238	0.448047
88.9202	0.447142
88.8162	0.44895
88.7142	0.44864
88.6102	0.447555
88.5096	0.447478
88.4048	0.447323
88.3051	0.446909
88.2002	0.446987
88.0969	0.448382
87.9939	0.446936
87.8923	0.446755
87.7887	0.446703
87.6859	0.447012
87.5816	0.446884
87.4775	0.446548
87.3774	0.445412
87.2719	0.446523
87.1694	0.446341
87.0657	0.446186
86.9637	0.447091
86.8605	0.447116
86.7559	0.447478
86.655	0.446367
86.5521	0.445824
86.4485	0.446884
86.3457	0.446574
86.2412	0.445541
86.1395	0.445618
86.0367	0.4466
85.9332	0.447452
85.8303	0.446161
85.7248	0.445386
85.6219	0.447039
85.5206	0.445748
85.4149	0.446936
85.313	0.446781
85.2114	0.446936
85.11	0.445102
85.0055	0.44567
84.9019	0.445851
84.801	0.444946
84.699	0.445722
84.5942	0.444715
84.4928	0.445515
84.3911	0.445154
84.2879	0.444921
84.1823	0.444509
84.0806	0.446161
83.9779	0.444896
83.8741	0.444973
83.7703	0.445464
83.6648	0.444637
83.564	0.445721
83.4595	0.444895
83.3578	0.444921
83.253	0.444405
83.1487	0.444611
83.0448	0.445464
82.9488	0.444611
82.8449	0.445386
82.7398	0.445076
82.6377	0.444198
82.5345	0.444327
82.4301	0.445335
82.3258	0.443242
82.2226	0.443862
82.1184	0.44412
82.0179	0.443939
81.9137	0.444276
81.8119	0.444869
81.709	0.444172
81.6063	0.444069
81.5028	0.444715
81.4008	0.444534
81.2978	0.444715
81.1953	0.444456
81.0917	0.443553
80.9905	0.443139
80.8855	0.445334
80.7836	0.443862
80.6801	0.443656
80.5796	0.444146
80.4779	0.443578
80.3752	0.443243
80.2716	0.445359
80.1676	0.444069
80.0656	0.443965
79.9618	0.443037
79.8578	0.443733
79.7549	0.443914
79.6524	0.442313
79.5487	0.4427
79.4481	0.442985
79.3438	0.443656
79.2391	0.444173
79.1359	0.442468
79.0344	0.442597
78.9309	0.441952
78.8277	0.443656
78.7229	0.441977
78.6209	0.443294
78.5173	0.442778
78.4145	0.44332
78.3113	0.442338
78.2105	0.442364
78.1077	0.443553
78.0027	0.442364
77.8991	0.443345
77.7982	0.441641
77.6945	0.442158
77.5933	0.442003
77.4916	0.443113
77.3876	0.443216
77.2862	0.442158
77.1827	0.440996
77.0789	0.442365
76.9764	0.441487
76.8743	0.442055
76.769	0.443036
76.6643	0.442158
76.5634	0.442184
76.51	0.440763
76.4575	0.441125
76.4023	0.442184
76.3501	0.442029
76.2963	0.441331
76.244	0.440919
76.1902	0.442235
76.1398	0.441977
76.0855	0.440841
76.0323	0.442674
75.98	0.442365
75.9271	0.44177
75.8742	0.442778
75.8224	0.442416
75.7677	0.440995
75.7166	0.441099
75.6646	0.44221
75.6115	0.442029
75.5599	0.441358
75.5069	0.442235
75.455	0.442338
75.4022	0.442391
75.3495	0.441383
75.2947	0.442261
75.2426	0.441539
75.191	0.442236
75.1377	0.441074
75.0849	0.441977
75.0327	0.442648
74.9822	0.441847
74.9275	0.441512
74.8744	0.440996
74.8204	0.441228
74.7666	0.441642
74.7134	0.442132
74.6607	0.441951
74.6064	0.440763
74.5532	0.4427
74.5	0.440557
74.4464	0.441099
74.3917	0.441125
74.3391	0.44066
74.2866	0.441487
74.2348	0.440764
74.1818	0.441564
74.1293	0.441047
74.0772	0.4419
74.0251	0.441848
73.9714	0.440763
73.9194	0.44097
73.8672	0.441047
73.8139	0.441615
73.76	0.440195
73.7053	0.440453
73.6526	0.442287
73.5994	0.441797
73.5464	0.440738
73.4925	0.44128
73.4413	0.442416
73.3875	0.440479
73.3357	0.440582
73.2811	0.441254
73.2288	0.44066
73.1758	0.441461
73.1207	0.440609
73.0694	0.441874
73.0155	0.440737
72.9617	0.441306
72.9077	0.44208
72.8539	0.440789
72.7999	0.440247
72.7457	0.441202
72.694	0.441254
72.6425	0.440015
72.5889	0.44128
72.5361	0.441099
72.4796	0.440918
72.4275	0.441332
72.3747	0.440867
72.3217	0.440299
72.2691	0.439989
72.2134	0.440712
72.1621	0.440454
72.1082	0.440118
72.0559	0.441073
72.0022	0.439859
71.9503	0.441332
71.8979	0.44004
71.8421	0.439679
71.7897	0.439626
71.7371	0.441202
71.6865	0.441615
71.6318	0.440789
71.5794	0.440531
71.5251	0.438956
71.4708	0.440712
71.4166	0.440014
71.3631	0.440273
71.3093	0.442183
71.2589	0.439472
71.2061	0.440919
71.1536	0.440738
71.1009	0.439782
71.0485	0.440583
70.9948	0.440635
70.943	0.440918
70.8902	0.440453
70.8367	0.440272
70.7846	0.440169
70.7318	0.440815
70.6783	0.440118
70.6282	0.439679
70.5738	0.439524
70.5203	0.439808
70.466	0.438594
70.4136	0.439936
70.3614	0.438387
70.3078	0.440557
70.257	0.439576
70.2035	0.43973
70.1523	0.440273
70.0987	0.440324
70.046	0.439523
69.9942	0.439421
69.9401	0.43973
69.8872	0.43862
69.8335	0.439937
69.7819	0.439937
69.73	0.439524
69.6781	0.441306
69.6255	0.437769
69.5708	0.439292
69.519	0.440996
69.4658	0.439499
69.4122	0.439292
69.3583	0.44097
69.3058	0.439188
69.2518	0.439473
69.1996	0.439291
69.1461	0.441228
69.0927	0.439524
69.0389	0.440531
68.9851	0.438233
68.9313	0.440737
68.8795	0.439034
68.8256	0.438827
68.7699	0.438826
68.717	0.43924
68.6659	0.439885
68.6141	0.439705
68.5607	0.439524
68.5069	0.440118
68.4547	0.440376
68.4014	0.440196
68.3482	0.439265
68.2953	0.439756
68.2428	0.43937
68.1895	0.438465
68.1392	0.438775
68.0851	0.437923
68.0327	0.440144
67.9784	0.440506
67.9254	0.439834
67.8718	0.440608
67.8191	0.439575
67.7655	0.438362
67.714	0.438775
67.6612	0.440015
67.6087	0.43862
67.5539	0.438853
67.5012	0.438801
67.4485	0.43862
67.3949	0.439421
67.3419	0.440454
67.2883	0.439782
67.2342	0.438801
67.1818	0.438104
67.1278	0.439188
67.0747	0.437898
67.0216	0.438956
66.9693	0.439498
66.9149	0.439911
66.862	0.438077
66.8079	0.439137
66.7546	0.438078
66.7018	0.438827
66.6483	0.439834
66.5959	0.437303
66.5426	0.438594
66.4891	0.439188
66.4359	0.440325
66.3825	0.439008
66.331	0.438491
66.2781	0.437561
66.2228	0.438645
66.1706	0.437665
66.1157	0.43849
66.0628	0.438981
66.0104	0.438801
65.9572	0.438181
65.9041	0.44048
65.8511	0.438801
65.7985	0.436942
65.7458	0.436889
65.6899	0.438284
65.6353	0.43689
65.5842	0.439215
65.5302	0.439137
65.475	0.437639
65.4206	0.438619
65.3675	0.437484
65.3149	0.437484
65.2634	0.438594
65.2086	0.437613
65.1543	0.438362
65.1022	0.437483
65.0488	0.438621
64.9962	0.439318
64.9432	0.437355
64.8915	0.439292
64.838	0.437458
64.7843	0.438826
64.7329	0.439421
64.6788	0.43782
64.6257	0.436528
64.5738	0.438387
64.5216	0.438
64.4672	0.437717
64.4152	0.436787
64.3619	0.438362
64.3079	0.438103
64.2554	0.436684
64.2018	0.437974
64.1483	0.435546
64.0965	0.439627
64.0408	0.437845
63.9879	0.437949
63.9334	0.437226
63.8813	0.438878
63.8276	0.437742
63.7741	0.437588
63.7227	0.437122
63.6683	0.439136
63.6163	0.437509
63.5609	0.437819
63.5089	0.436708
63.4564	0.437484
63.4026	0.436451
63.3488	0.437612
63.2961	0.437922
63.242	0.437329
63.1895	0.438388
63.1356	0.439111
63.0808	0.438155
63.0297	0.437716
62.9767	0.439162
62.9241	0.437458
62.8695	0.438361
62.8172	0.437458
62.7638	0.437949
62.7109	0.437587
62.6585	0.438904
62.6044	0.437974
62.552	0.438568
62.498	0.436967
62.4453	0.437845
62.3924	0.438103
62.3399	0.438077
62.2867	0.436503
62.2351	0.437433
62.1818	0.437587
62.127	0.437019
62.0727	0.438207
62.0191	0.436838
61.9667	0.436296
61.913	0.4372
61.8594	0.437509
61.806	0.437897
61.752	0.438077
61.6995	0.436037
61.648	0.437742
61.5939	0.43676
61.5408	0.437509
61.4859	0.437122
61.4329	0.437768
61.3779	0.436322
61.3247	0.437277
61.2708	0.437639
61.2168	0.437407
61.1633	0.437071
61.1097	0.437509
61.0559	0.438439
61.0031	0.437355
60.9498	0.436658
60.8963	0.436941
60.8434	0.436502
60.7896	0.438
60.7381	0.436864
60.6842	0.438
60.629	0.436735
60.5759	0.435624
60.5221	0.436709
60.4698	0.437019
60.4138	0.437509
60.3609	0.438206
60.3079	0.436089
60.2544	0.435702
60.1994	0.437148
60.148	0.437433
60.0928	0.436399
60.0389	0.437226
59.9859	0.436064
59.9318	0.436813
59.8784	0.437148
59.8244	0.435315
59.7713	0.436761
59.7182	0.43485
59.6653	0.435418
59.612	0.436864
59.5576	0.436864
59.5035	0.436709
59.4519	0.437406
59.3978	0.437199
59.3443	0.437303
59.2895	0.436244
59.2385	0.43738
59.1847	0.437871
59.1305	0.436115
59.0773	0.437613
59.0243	0.436838
58.9716	0.43707
58.9167	0.437406
58.8631	0.436115
58.8102	0.435934
58.7585	0.4372
58.7049	0.436735
58.6508	0.436916
58.5966	0.435521
58.544	0.435728
58.4903	0.43627
58.4374	0.436348
58.383	0.437484
58.3291	0.437045
58.2751	0.435727
58.2227	0.436399
58.1684	0.435986
58.1146	0.436296
58.0617	0.437045
58.008	0.436296
57.954	0.435728
57.9017	0.43596
57.8501	0.43782
57.7967	0.435909
57.7439	0.435831
57.6906	0.437432
57.6364	0.43565
57.5829	0.43578
57.5286	0.436787
57.4763	0.436321
57.4259	0.43503
57.3722	0.437071
57.3188	0.436269
57.2662	0.43627
57.2128	0.436038
57.16	0.437432
57.1046	0.437019
57.0509	0.436555
56.9983	0.436296
56.9455	0.434488
56.892	0.435366
56.8376	0.436167
56.784	0.435546
56.7315	0.435134
56.6758	0.43609
56.6217	0.435935
56.568	0.437252
56.5153	0.436141
56.4633	0.435934
56.4076	0.435444
56.3529	0.436141
56.301	0.437148
56.2478	0.435263
56.1951	0.435702
56.1416	0.435727
56.0894	0.435598
56.0384	0.435908
55.9855	0.435289
55.9316	0.434229
55.8785	0.435701
55.8248	0.435417
55.7718	0.435985
55.7177	0.437045
55.6655	0.435082
55.6116	0.435262
55.5588	0.434902
55.5045	0.436942
55.4515	0.434927
55.398	0.435443
55.3442	0.436244
55.2901	0.435728
55.2369	0.435754
55.1835	0.435986
55.1301	0.435754
55.0758	0.434902
55.0228	0.434979
54.9699	0.434152
54.9171	0.436167
54.8634	0.435599
54.8092	0.434282
54.7576	0.43702
54.7031	0.435651
54.651	0.433895
54.5963	0.434901
54.5435	0.435495
54.4906	0.436554
54.4357	0.435779
54.383	0.436193
54.3295	0.434772
54.2762	0.435082
54.2217	0.435572
54.1666	0.435212
54.1125	0.434669
54.0588	0.435418
54.0054	0.435805
53.9528	0.435935
53.9014	0.436063
53.8468	0.436296
53.794	0.435443
53.7419	0.435934
53.6862	0.435779
53.6339	0.434385
53.5784	0.43516
53.5239	0.434746
53.4706	0.435289
53.4177	0.433894
53.3623	0.434901
53.3103	0.433997
53.2551	0.43454
53.2014	0.435908
53.148	0.435727
53.0951	0.434953
53.0406	0.436063
52.9871	0.435444
52.932	0.43441
52.8789	0.435341
52.8238	0.434979
52.7695	0.435986
52.7161	0.435599
52.663	0.434462
52.6084	0.434436
52.554	0.435443
52.5029	0.436245
52.4493	0.435108
52.3945	0.43498
52.3405	0.436167
52.2867	0.433946
52.2321	0.435806
52.1775	0.435005
52.123	0.434954
52.0694	0.436761
52.0144	0.434901
51.9592	0.434307
51.9057	0.433403
51.8513	0.434101
51.7981	0.436115
51.745	0.434979
51.6916	0.433274
51.6386	0.434773
51.5838	0.433249
51.5307	0.435134
51.4772	0.434746
51.4237	0.435908
51.3687	0.434514
51.3154	0.434927
51.26	0.435908
51.2052	0.434668
51.1518	0.434875
51.0984	0.434901
51.0447	0.434953
50.9904	0.434075
50.9371	0.435057
50.8828	0.434901
50.8304	0.434024
50.7762	0.434618
50.721	0.433584
50.6673	0.434152
50.6125	0.43343
50.5587	0.435212
50.5033	0.435573
50.4498	0.433662
50.3955	0.434772
50.3416	0.434256
50.2871	0.434565
50.2336	0.434411
50.1795	0.435418
50.1255	0.435108
50.0699	0.43503
50.0136	0.434385
49.9605	0.434463
49.9048	0.434747
49.849	0.435263
49.7964	0.434695
49.7424	0.433688
49.6883	0.434565
49.6335	0.432009
49.5792	0.43423
49.5253	0.435444
49.4702	0.434644
49.4158	0.435341
49.3608	0.43423
49.3068	0.433868
49.252	0.433843
49.1968	0.434308
49.1418	0.435289
49.0859	0.434307
49.0307	0.433765
48.9749	0.433791
48.9205	0.433765
48.8644	0.435547
48.8089	0.434927
48.7531	0.433094
48.6967	0.435056
48.6401	0.434591
48.5838	0.435443
48.5275	0.43312
48.4712	0.435779
48.4132	0.435443
48.3568	0.433352
48.2995	0.434049
48.2418	0.435186
48.1844	0.433946
48.1294	0.434437
48.0735	0.435005
48.0179	0.434153
47.9622	0.433378
47.9051	0.434721
47.8483	0.435031
47.7923	0.433326
47.7351	0.434152
47.6782	0.433481
47.6219	0.433455
47.5645	0.434178
47.5074	0.434256
47.4509	0.433223
47.3942	0.432526
47.3369	0.434359
47.2795	0.433145
47.2226	0.435418
47.1642	0.434049
47.1063	0.433222
47.0497	0.43361
46.9921	0.433377
46.9342	0.43392
46.877	0.433248
46.8199	0.432319
46.7608	0.433223
46.703	0.434643
46.645	0.433713
46.5861	0.433894
46.5284	0.432783
46.4706	0.433326
46.4117	0.43219
46.3546	0.43423
46.2984	0.435133
46.2426	0.434565
46.1853	0.434229
46.1291	0.433532
46.0716	0.433326
46.0154	0.432887
45.9586	0.43374
45.9014	0.43392
45.8453	0.433532
45.7885	0.433429
45.7316	0.432189
45.6745	0.433894
45.6173	0.43423
45.5607	0.434359
45.5033	0.434101
45.4462	0.432835
45.3889	0.43423
45.3317	0.433017
45.2742	0.435625
45.2172	0.434875
45.1591	0.432422
45.1007	0.432422
45.0436	0.433273
44.986	0.432886
44.9282	0.432344
44.8706	0.431517
44.8124	0.432396
44.7538	0.432887
44.6961	0.431892
44.6379	0.434397
44.581	0.433338
44.5249	0.433467
44.4684	0.434242
44.4128	0.435894
44.3565	0.433648
44.3006	0.433545
44.2449	0.433854
44.1878	0.431504
44.1309	0.432822
44.0748	0.431582
44.0181	0.433648
43.961	0.432899
43.9053	0.432124
43.849	0.433312
43.7921	0.432176
43.736	0.433984
43.6791	0.432563
43.623	0.433287
43.5659	0.433958
43.5094	0.433957
43.4526	0.433209
43.3969	0.431582
43.3396	0.434139
43.2823	0.430884
43.2259	0.431685
43.1688	0.433157
43.1112	0.43308
43.055	0.433106
42.998	0.432641
42.941	0.433803
42.8841	0.433184
42.8271	0.433416
42.7714	0.433699
42.7166	0.432898
42.6615	0.432099
42.6067	0.432408
42.5519	0.4345
42.4967	0.432744
42.4412	0.431453
42.3864	0.432435
42.3314	0.434087
42.2756	0.432279
42.2201	0.431711
42.1651	0.431556
42.1099	0.432176
42.0543	0.432511
41.9986	0.432899
41.9428	0.432434
41.8873	0.43153
41.8319	0.432047
41.7748	0.431427
41.7186	0.430601
41.6632	0.432227
41.6064	0.431814
41.5502	0.431607
41.4935	0.432046
41.4375	0.431866
41.3807	0.433131
41.3238	0.431969
41.2673	0.431375
41.2104	0.432486
41.1534	0.432693
41.0965	0.434216
41.0402	0.431608
40.983	0.43215
40.928	0.431659
40.8729	0.433105
40.8178	0.431634
40.7625	0.431918
40.7075	0.432072
40.6512	0.432718
40.5964	0.432899
40.5414	0.432047
40.4846	0.431659
40.429	0.432615
40.3734	0.432357
40.3182	0.431995
40.2617	0.432357
40.2058	0.43117
40.1493	0.431763
40.0934	0.430447
40.0366	0.432124
39.9798	0.431479
39.9233	0.431556
39.867	0.431427
39.81	0.430394
39.7525	0.430988
39.6964	0.431788
39.639	0.431918
39.5821	0.433803
39.5247	0.432228
39.4674	0.431324
39.4098	0.432744
39.3526	0.431505
39.2959	0.432332
39.2399	0.431195
39.1845	0.431789
39.1292	0.431815
39.0735	0.43135
39.0177	0.431763
38.9616	0.432331
38.9055	0.432151
38.8494	0.43153
38.7921	0.430936
38.7358	0.431246
38.6801	0.431246
38.6232	0.432641
38.566	0.431815
38.5093	0.42913
38.4524	0.432383
38.3956	0.431556
38.3383	0.430291
38.282	0.431453
38.2244	0.43277
38.1668	0.430446
38.11	0.431221
38.0528	0.431763
37.9951	0.429775
37.9383	0.430782
37.8802	0.429285
37.822	0.43308
37.7653	0.433855
37.7074	0.430937
37.6512	0.431737
37.5951	0.431014
37.5384	0.432589
37.4819	0.430576
37.4258	0.43086
37.37	0.43055
37.3134	0.430704
37.257	0.431763
37.199	0.430343
37.142	0.43277
37.0844	0.431892
37.0273	0.430679
36.97	0.431556
36.9124	0.431117
36.8539	0.431298
36.7957	0.431453
36.7383	0.43228
36.6801	0.430756
36.623	0.431092
36.5652	0.431118
36.5067	0.430498
36.4484	0.432099
36.3918	0.431247
36.334	0.430575
36.2757	0.431092
36.2184	0.430705
36.1604	0.43073
36.1029	0.431918
36.0463	0.432125
35.9916	0.430059
35.9349	0.431169
35.8783	0.431815
35.8233	0.430885
35.7669	0.430472
35.7106	0.432203
35.654	0.430524
35.5983	0.430446
35.5425	0.431299
35.4856	0.43228
35.4291	0.431247
35.3729	0.430317
35.3159	0.430704
35.2585	0.43166
35.2019	0.431505
35.1452	0.430627
35.0872	0.430885
35.0301	0.43086
34.9727	0.430291
34.9156	0.431789
34.858	0.431892
34.8005	0.43104
34.7417	0.429284
34.6837	0.430291
34.6251	0.431272
34.5675	0.429465
34.5092	0.430343
34.4532	0.43011
34.3967	0.43073
34.3402	0.430678
34.2835	0.430524
34.2281	0.430962
34.1721	0.429052
34.1166	0.430704
34.0605	0.432176
34.0048	0.430446
33.949	0.431118
33.8924	0.429387
33.837	0.42931
33.7814	0.43277
33.7263	0.428794
33.6705	0.430214
33.6148	0.429594
33.5581	0.42949
33.502	0.428948
33.4465	0.430084
33.3909	0.42962
33.3349	0.431582
33.2775	0.430626
33.2216	0.430498
33.1651	0.428174
33.1078	0.429233
33.0519	0.43042
32.995	0.429439
32.9374	0.430111
32.8811	0.431144
32.8261	0.430627
32.7704	0.430937
32.7146	0.429878
32.6587	0.429309
32.6036	0.431504
32.5475	0.428896
32.4916	0.429722
32.4353	0.429723
32.3792	0.42887
32.3228	0.42807
32.2659	0.430368
32.2088	0.431014
32.151	0.429076
32.0939	0.430549
32.0365	0.43024
31.9787	0.429697
31.9203	0.430782
31.8618	0.42869
31.8034	0.429542
31.744	0.430265
31.6852	0.427657
31.626	0.431014
31.5659	0.429026
31.5063	0.430498
31.4469	0.429878
31.3865	0.430756
31.3284	0.431118
31.2702	0.429594
31.2111	0.429698
31.1526	0.429956
31.0938	0.43055
31.0339	0.429129
30.975	0.429414
30.9151	0.430756
30.8561	0.429517
30.7955	0.429129
30.7352	0.429826
30.6754	0.428897
30.6144	0.430394
30.5537	0.430446
30.4931	0.428794
30.4315	0.429646
30.3702	0.429233
30.3084	0.429956
30.2461	0.428716
30.1833	0.428277
30.1197	0.430265
30.0577	0.429491
29.9946	0.43104
29.9307	0.429671
29.8683	0.430214
29.8061	0.429
29.744	0.429181
29.6819	0.430033
29.6185	0.430524
29.5556	0.430085
29.4916	0.430782
29.4275	0.429517
29.3635	0.429361
29.2987	0.429284
29.2338	0.431428
29.1679	0.428045
29.102	0.429465
29.0367	0.429025
28.9708	0.429258
28.9046	0.42993
28.8379	0.428328
28.7718	0.430912
28.706	0.428639
28.6406	0.430317
28.5748	0.430033
28.5097	0.428355
28.4461	0.429181
28.3819	0.429723
28.3186	0.428613
28.2552	0.430394
28.1904	0.42931
28.1269	0.429517
28.0631	0.428509
27.9982	0.429
27.9334	0.428742
27.8687	0.428148
27.8037	0.429284
27.7394	0.428897
27.6742	0.428768
27.6072	0.42807
27.5405	0.429103
27.4747	0.430033
27.4071	0.429026
27.34	0.429697
27.2732	0.429336
27.2045	0.428794
27.1365	0.429697
27.0691	0.427786
27.0032	0.428329
26.9353	0.429284
26.8685	0.429414
26.8016	0.429981
26.7344	0.429955
26.665	0.428923
26.5967	0.429723
26.527	0.427322
26.4583	0.428484
26.3871	0.429052
26.3168	0.430344
26.2454	0.429878
26.1735	0.42851
26.1013	0.428769
26.0293	0.426934
25.9557	0.428949
25.8826	0.42789
25.8083	0.428535
25.7334	0.428535
25.6588	0.427864
25.5858	0.427941
25.5124	0.427863
25.4386	0.430188
25.3647	0.428509
25.2909	0.428071
25.2178	0.429129
25.1447	0.427968
25.0732	0.428742
25.0009	0.430291
24.9294	0.427865
24.8574	0.42962
24.7842	0.427967
24.7121	0.429103
24.6404	0.42851
24.5684	0.428071
24.4962	0.427683
24.4247	0.427502
24.3549	0.427477
24.2861	0.428045
24.2173	0.42634
24.1476	0.429026
24.0772	0.42869
24.0069	0.427812
23.9366	0.428252
23.8662	0.428613
23.7943	0.428613
23.7226	0.429955
23.6502	0.429439
23.5776	0.428845
23.5057	0.428277
23.432	0.428252
23.3581	0.428226
23.2839	0.428717
23.2081	0.429104
23.1325	0.428303
23.0571	0.428097
22.9852	0.428173
22.9105	0.428251
22.8356	0.4282
22.7609	0.427244
22.685	0.430111
22.6078	0.427115
22.5308	0.428355
22.4529	0.427476
22.3743	0.429207
22.2956	0.428096
22.2146	0.427012
22.1331	0.42869
22.0497	0.427193
21.9671	0.428226
21.8844	0.427606
21.8045	0.428536
21.7236	0.427477
21.6403	0.427838
21.5572	0.4274
21.4724	0.428613
21.3869	0.429259
21.3011	0.426858
21.2139	0.426806
21.1249	0.426496
21.0344	0.427657
20.9444	0.428484
20.8521	0.428019
20.7595	0.427605
20.6699	0.42807
20.5821	0.428484
20.4964	0.42789
20.411	0.426935
20.3269	0.429259
20.2425	0.427606
20.1589	0.428458
20.077	0.428174
19.9942	0.426831
19.9113	0.426392
19.8292	0.427373
19.7479	0.427399
19.6679	0.429051
19.5874	0.430343
19.5065	0.427347
19.4246	0.427966
19.3416	0.428251
19.2588	0.427812
19.1751	0.425514
19.0906	0.42789
19.009	0.428406
18.9259	0.427373
18.8409	0.428329
18.7554	0.427502
18.6686	0.427244
18.5823	0.427399
18.4933	0.4282
18.4046	0.4274
18.3178	0.427167
18.2295	0.427864
18.1396	0.426805
18.0475	0.428277
17.9557	0.427941
17.8636	0.426831
17.7694	0.426211
17.6755	0.428458
17.5803	0.428381
17.4865	0.427529
17.3913	0.426599
17.2976	0.427528
17.2047	0.427141
17.111	0.429156
17.0201	0.428509
16.9334	0.428432
16.8472	0.42696
16.7616	0.427038
16.676	0.427296
16.5902	0.426753
16.5057	0.426986
16.4216	0.426986
16.339	0.426676
16.2562	0.428174
16.1727	0.42572
16.0876	0.427967
16.0026	0.426572
15.9162	0.427399
15.8306	0.426985
15.7454	0.428045
15.6593	0.426753
15.5718	0.427632
15.4842	0.426443
15.3942	0.426185
15.3086	0.427141
15.2172	0.427657
15.1273	0.42554
15.0348	0.42776
14.9428	0.427321
14.8476	0.426134
14.752	0.426702
14.6541	0.426133
14.5585	0.425565
14.4605	0.427037
14.3656	0.42745
14.2732	0.425876
14.1801	0.427451
14.0898	0.427322
14.0031	0.426288
13.9169	0.426159
13.8305	0.426573
13.7424	0.427941
13.654	0.426675
13.5646	0.42683
13.4771	0.425255
13.3889	0.426702
13.3013	0.427167
13.2098	0.427012
13.1182	0.426134
13.0242	0.425694
12.9329	0.425901
12.8413	0.426211
12.7536	0.426469
12.6668	0.427425
12.5818	0.426288
12.4986	0.426727
12.4197	0.426882
12.3406	0.426288
12.2612	0.427425
12.1824	0.426443
12.1019	0.426082
12.0214	0.425307
11.9415	0.425772
11.862	0.427606
11.7809	0.427167
11.699	0.425772
11.6169	0.427451
11.5323	0.426289
11.449	0.42634
11.3661	0.427244
11.2819	0.425307
11.1956	0.425927
11.109	0.425617
11.02	0.427787
10.9331	0.426779
10.8446	0.426211
10.7549	0.427063
10.6631	0.42696
10.5688	0.427116
10.4777	0.425798
10.3856	0.424739
10.292	0.42634
10.1955	0.426314
10.0974	0.425617
10.001	0.426444
9.90279	0.425384
9.80218	0.42665
9.69976	0.427218
9.59812	0.426444
9.50405	0.424327
9.41352	0.425721
9.3247	0.425747
9.24451	0.426392
9.16999	0.42678
9.09994	0.428019
9.03109	0.425875
8.96217	0.427038
8.89406	0.424971
8.82508	0.426056
8.75667	0.425565
8.69282	0.426056
8.62984	0.424635
8.56849	0.4251
8.50585	0.425745
8.44279	0.426985
8.38083	0.425307
8.32054	0.425204
8.26007	0.426314
8.19853	0.426624
8.13709	0.425126
8.07453	0.425746
8.01084	0.424946
7.94951	0.425049
7.89111	0.425902
7.84492	0.426882
7.79718	0.426624
7.74367	0.427477
7.6864	0.424713
7.62782	0.425462
7.57374	0.424842
7.53086	0.425359
7.4869	0.424585
7.44271	0.426831
7.40116	0.42647
7.36226	0.425798
7.32376	0.425049
7.28626	0.425411
7.2485	0.427012
7.21148	0.426159
7.17623	0.426444
7.14168	0.425901
7.10689	0.425048
7.07231	0.427037
7.03793	0.426004
7.00346	0.425694
6.96921	0.427192
6.93405	0.426185
6.89977	0.42603
6.86531	0.42554
6.83167	0.426883
6.79873	0.425462
6.76603	0.426263
6.73356	0.42572
6.70117	0.42647
6.66866	0.426909
6.63624	0.427322
6.6032	0.425979
6.57048	0.425153
6.53756	0.425669
6.50495	0.425437
6.47386	0.425721
6.44311	0.426521
6.41279	0.425953
6.38215	0.426495
6.35156	0.425359
6.32081	0.426934
6.29016	0.426728
6.25912	0.426598
6.2283	0.426108
6.19758	0.425694
6.16677	0.425953
6.13728	0.426522
6.10844	0.427167
6.07995	0.425333
6.05144	0.426521
6.02302	0.426056
5.99454	0.425591
5.96614	0.426185
5.93774	0.426831
5.90916	0.426108
5.88053	0.425746
5.8524	0.427425
5.82377	0.426417
5.79718	0.425204
5.7712	0.427476
5.74533	0.425333
5.71896	0.426108
5.69287	0.426599
5.66704	0.427141
5.64126	0.426418
5.61559	0.424429
5.5901	0.426366
5.5644	0.424739
5.5387	0.425876
5.51335	0.425153
5.48858	0.425644
5.46509	0.425876
5.44183	0.426392
5.41862	0.425953
5.39539	0.425514
5.37241	0.426651
5.34954	0.426703
5.32662	0.425798
5.30401	0.426806
5.28158	0.426367
5.25896	0.424275
5.23665	0.425928
5.21438	0.425024
5.19198	0.425515
5.17073	0.426987
5.14961	0.425411
5.12833	0.426857
5.1074	0.426031
5.08671	0.425825
5.06496	0.4274
5.04339	0.426134
5.02211	0.425514
5.00052	0.425153
4.97933	0.426676
4.95847	0.425333
4.93709	0.425592
4.91556	0.425591
4.89443	0.424481
4.87327	0.426057
4.85266	0.426108
4.83122	0.425592
4.81016	0.426573
4.78883	0.426057
4.76764	0.426469
4.74711	0.425695
4.72605	0.425489
4.70497	0.424791
4.68382	0.425359
4.6631	0.425954
4.64187	0.426419
4.62106	0.424766
4.60045	0.425179
4.58042	0.425798
4.55974	0.426728
4.53906	0.426651
4.51809	0.424042
4.49733	0.425721
4.47662	0.425721
4.45564	0.42616
4.40414	0.425901
4.32687	0.42572
4.25231	0.425798
4.17746	0.427554
4.10146	0.426367
4.02438	0.425282
3.95064	0.425205
3.87653	0.425412
3.80255	0.42461
3.73168	0.426108
3.65896	0.425798
3.58861	0.424739
3.51803	0.426262
3.45044	0.425514
3.38383	0.423345
3.31527	0.42412
3.25142	0.425205
3.18864	0.426908
3.12546	0.424688
3.06554	0.42603
3.00555	0.426754
2.94835	0.425592
2.89303	0.424662
2.8378	0.42412
2.7854	0.425127
2.73392	0.425799
2.68359	0.425334
2.6349	0.425178
2.58862	0.426056
2.54299	0.425127
2.49896	0.425308
2.45777	0.426443
2.41635	0.424507
2.37629	0.425411
2.33914	0.423474
2.30311	0.424429
2.26747	0.424997
2.23258	0.424559
2.19934	0.425618
2.16901	0.426133
2.13854	0.42572
2.10944	0.424068
2.08243	0.425385
2.0566	0.426237
2.03132	0.425953
2.00705	0.425462
1.98287	0.426108
1.96046	0.423939
1.93912	0.426419
1.91827	0.426031
1.89732	0.42585
1.87679	0.426211
1.85635	0.426082
1.83645	0.425462
1.8155	0.42585
1.79499	0.425721
1.77388	0.424379
1.75379	0.426315
1.73332	0.425308
1.7136	0.425463
1.69304	0.423577
1.67298	0.425669
1.65263	0.424377
1.63237	0.426082
1.61251	0.425592
1.59241	0.425565
1.57248	0.426392
1.55228	0.425901
1.53354	0.426444
