# 'Tdn_K_85.8G'	'Rdn_Ohm_85.8G'
293.163	0.697643
293.055	0.697517
292.945	0.696487
292.835	0.696361
292.726	0.695732
292.616	0.694425
292.508	0.692263
292.399	0.692841
292.288	0.692313
292.176	0.69269
292.067	0.692237
291.957	0.69284
291.848	0.690855
291.738	0.69015
291.628	0.689849
291.519	0.68927
291.407	0.688616
291.295	0.687962
291.183	0.688993
291.075	0.686705
290.964	0.686253
290.851	0.687384
290.74	0.686453
290.63	0.686402
290.521	0.685497
290.411	0.685422
290.298	0.684215
290.188	0.684264
290.077	0.684014
289.969	0.683562
289.856	0.682757
289.748	0.682077
289.637	0.681549
289.529	0.68175
289.415	0.680217
289.306	0.681902
289.195	0.679412
289.086	0.679362
288.976	0.678231
288.865	0.678256
288.758	0.678532
288.647	0.677853
288.536	0.678406
288.425	0.676445
288.313	0.676244
288.202	0.675893
288.091	0.675591
287.981	0.676471
287.868	0.674636
287.757	0.674813
287.647	0.673253
287.536	0.673279
287.423	0.672373
287.311	0.672473
287.205	0.673202
287.096	0.672724
286.989	0.671467
286.875	0.671819
286.764	0.671291
286.654	0.67006
286.542	0.67011
286.433	0.670537
286.325	0.669984
286.214	0.669531
286.105	0.669732
285.993	0.668325
285.89	0.667268
285.781	0.667294
285.673	0.667294
285.561	0.667294
285.452	0.665835
285.344	0.666489
285.234	0.665507
285.125	0.665684
285.015	0.665106
284.904	0.665031
284.792	0.664478
284.683	0.663723
284.57	0.664402
284.459	0.66322
284.349	0.662591
284.239	0.662289
284.127	0.662616
284.019	0.661837
283.91	0.66136
283.8	0.661083
283.692	0.659927
283.583	0.659977
283.471	0.659675
283.361	0.65965
283.25	0.658217
283.141	0.657865
283.029	0.658065
282.921	0.657161
282.813	0.657387
282.704	0.657362
282.593	0.656608
282.485	0.657137
282.377	0.656559
282.267	0.656633
282.157	0.656281
282.048	0.65437
281.936	0.654747
281.829	0.654697
281.717	0.654596
281.605	0.653465
281.495	0.651956
281.383	0.652913
281.274	0.652861
281.163	0.651604
281.051	0.65271
280.942	0.652132
280.832	0.651705
280.721	0.65017
280.611	0.650875
280.499	0.648713
280.387	0.64914
280.279	0.649165
280.17	0.648034
280.06	0.647883
279.95	0.64821
279.838	0.648688
279.729	0.646274
279.621	0.646425
279.512	0.646777
279.405	0.646449
279.296	0.644841
279.187	0.645797
279.079	0.643282
278.97	0.645871
278.861	0.645267
278.75	0.644992
278.643	0.644539
278.532	0.643837
278.421	0.644263
278.31	0.642277
278.202	0.641799
278.091	0.643156
277.981	0.643685
277.873	0.6421
277.762	0.643232
277.654	0.640667
277.543	0.640415
277.432	0.639888
277.321	0.64107
277.216	0.640541
277.106	0.639586
276.998	0.640164
276.889	0.639057
276.779	0.639611
276.671	0.638506
276.56	0.637826
276.45	0.638153
276.34	0.637449
276.23	0.637952
276.12	0.637424
276.009	0.637598
275.898	0.636418
275.793	0.635513
275.683	0.636192
275.574	0.635739
275.464	0.635966
275.353	0.634809
275.244	0.635764
275.134	0.634356
275.026	0.634106
274.916	0.634835
274.807	0.632772
274.695	0.63325
274.587	0.63305
274.478	0.632723
274.37	0.632195
274.26	0.632295
274.149	0.631717
274.039	0.631591
273.93	0.631214
273.82	0.629731
273.711	0.630208
273.601	0.630887
273.494	0.629706
273.385	0.629228
273.276	0.629454
273.165	0.62958
273.055	0.630007
272.945	0.627594
272.835	0.628097
272.728	0.627618
272.618	0.627718
272.51	0.626587
272.401	0.626487
272.289	0.627518
272.177	0.625205
272.068	0.62626
271.959	0.625783
271.849	0.625833
271.739	0.624175
271.63	0.624702
271.522	0.6241
271.414	0.623546
271.306	0.623193
271.199	0.624149
271.09	0.623571
270.983	0.622943
270.873	0.622565
270.764	0.623571
270.654	0.62176
270.546	0.622666
270.44	0.620806
270.329	0.62166
270.219	0.620628
270.111	0.622062
270	0.620679
269.889	0.619674
269.784	0.620302
269.673	0.619297
269.564	0.61887
269.454	0.619498
269.348	0.618442
269.238	0.619347
269.128	0.617965
269.019	0.617613
268.909	0.618115
268.803	0.617939
268.695	0.617387
268.584	0.616858
268.476	0.616028
268.37	0.617462
268.26	0.615777
268.151	0.616733
268.045	0.614219
267.935	0.615727
267.825	0.614646
267.717	0.614545
267.609	0.6154
267.499	0.61349
267.39	0.614696
267.283	0.611705
267.175	0.612384
267.063	0.612786
266.955	0.612509
266.846	0.613087
266.738	0.611202
266.628	0.61266
266.52	0.611805
266.41	0.611177
266.303	0.610648
266.197	0.610196
266.086	0.610599
265.979	0.610574
265.87	0.609467
265.762	0.609593
265.653	0.609241
265.544	0.608662
265.436	0.608084
265.329	0.608688
265.219	0.607531
265.113	0.608009
265.003	0.607506
264.896	0.607908
264.786	0.607985
264.676	0.606752
264.568	0.60738
264.457	0.606274
264.349	0.605746
264.24	0.605772
264.131	0.608261
264.022	0.605721
263.916	0.604715
263.805	0.605595
263.696	0.605595
263.59	0.603912
263.482	0.604363
263.373	0.60278
263.264	0.603684
263.156	0.603383
263.05	0.602604
262.94	0.602956
262.832	0.602
262.724	0.602076
262.616	0.602302
262.507	0.60185
262.401	0.602604
262.295	0.601146
262.185	0.60117
262.076	0.600819
261.966	0.60112
261.858	0.599738
261.748	0.600065
261.639	0.599989
261.529	0.599562
261.422	0.600441
261.316	0.597953
261.207	0.599486
261.099	0.598381
260.99	0.599235
260.882	0.59848
260.774	0.598254
260.666	0.597425
260.556	0.597225
260.45	0.597048
260.342	0.59745
260.233	0.596721
260.127	0.595841
260.019	0.596319
259.91	0.59647
259.801	0.595715
259.692	0.594961
259.584	0.594559
259.474	0.595865
259.365	0.594357
259.257	0.593226
259.149	0.593855
259.041	0.593024
258.935	0.595137
258.827	0.594182
258.719	0.592874
258.609	0.593377
258.5	0.593025
258.397	0.591643
258.291	0.592572
258.185	0.591943
258.079	0.591165
257.97	0.591844
257.863	0.591316
257.752	0.589555
257.646	0.589934
257.541	0.589481
257.433	0.590034
257.325	0.590763
257.216	0.589103
257.109	0.589707
257.002	0.589807
256.897	0.589606
256.79	0.587947
256.683	0.588299
256.578	0.589078
256.473	0.589179
256.365	0.588148
256.26	0.587646
256.154	0.586062
256.046	0.587619
255.94	0.586991
255.835	0.585759
255.728	0.586412
255.619	0.585407
255.512	0.586162
255.404	0.585483
255.297	0.586036
255.19	0.585557
255.084	0.584553
254.976	0.584678
254.87	0.585056
254.763	0.583422
254.655	0.583824
254.551	0.58229
254.445	0.584679
254.337	0.582667
254.232	0.582768
254.123	0.582241
254.016	0.582768
253.91	0.581285
253.803	0.583547
253.697	0.581059
253.587	0.580782
253.479	0.582793
253.372	0.58043
253.266	0.580983
253.159	0.578494
253.052	0.580505
252.936	0.58048
252.829	0.579726
252.72	0.57867
252.612	0.579299
252.506	0.5796
252.396	0.579272
252.286	0.578444
252.178	0.578645
252.07	0.578897
251.96	0.57784
251.852	0.577639
251.74	0.578116
251.633	0.578092
251.523	0.577413
251.417	0.577664
251.308	0.576758
251.198	0.57696
251.09	0.576081
250.982	0.577437
250.874	0.576132
250.763	0.576658
250.652	0.57525
250.543	0.575101
250.435	0.575905
250.325	0.576331
250.217	0.575602
250.109	0.575678
249.996	0.575352
249.888	0.575351
249.779	0.575602
249.669	0.574269
249.558	0.573642
249.447	0.575175
249.34	0.574094
249.232	0.574345
249.125	0.572786
249.016	0.573968
248.908	0.573919
248.798	0.573013
248.69	0.572662
248.579	0.573013
248.471	0.571831
248.361	0.573089
248.25	0.571907
248.141	0.572083
248.033	0.572812
247.922	0.571605
247.815	0.571705
247.706	0.571077
247.595	0.571906
247.49	0.570725
247.383	0.572109
247.278	0.569242
247.169	0.571304
247.061	0.570299
246.951	0.570952
246.845	0.571305
246.733	0.569996
246.627	0.568288
246.518	0.569569
246.411	0.569595
246.304	0.567986
246.196	0.569116
246.087	0.570726
245.982	0.56874
245.873	0.568765
245.766	0.566553
245.659	0.568488
245.552	0.567658
245.442	0.567231
245.333	0.567584
245.228	0.567608
245.121	0.567132
245.012	0.567759
244.906	0.567055
244.798	0.566779
244.692	0.566904
244.583	0.566174
244.476	0.565195
244.369	0.566351
244.261	0.56625
244.152	0.567031
244.043	0.565018
243.937	0.564642
243.828	0.564515
243.72	0.564391
243.613	0.565698
243.506	0.564717
243.399	0.564693
243.292	0.564768
243.184	0.564894
243.075	0.563913
242.968	0.564566
242.86	0.563637
242.75	0.563586
242.642	0.563083
242.531	0.563988
242.423	0.562304
242.314	0.561701
242.209	0.563687
242.099	0.562656
241.993	0.560595
241.884	0.561752
241.776	0.561827
241.667	0.561323
241.56	0.560922
241.451	0.561827
241.345	0.56077
241.234	0.561826
241.127	0.561474
241.02	0.560067
240.911	0.55896
240.803	0.561022
240.696	0.558986
240.588	0.558936
240.48	0.561927
240.371	0.560168
240.263	0.55881
240.154	0.558634
240.047	0.559086
239.94	0.559715
239.832	0.558583
239.724	0.558935
239.617	0.559036
239.509	0.55803
239.399	0.557653
239.292	0.55984
239.188	0.557879
239.079	0.556822
238.97	0.557653
238.863	0.55705
238.756	0.558658
238.649	0.557225
238.542	0.556472
238.434	0.555566
238.327	0.556295
238.22	0.556446
238.111	0.555491
238.004	0.556547
237.897	0.555341
237.79	0.555817
237.682	0.554964
237.574	0.555667
237.468	0.55602
237.362	0.555013
237.255	0.554335
237.147	0.554511
237.041	0.554536
236.933	0.554058
236.827	0.55411
236.72	0.554763
236.611	0.554989
236.502	0.553079
236.398	0.553229
236.291	0.554938
236.183	0.553882
236.076	0.552952
235.968	0.551746
235.861	0.552273
235.751	0.553304
235.647	0.552273
235.542	0.552751
235.433	0.553228
235.324	0.552047
235.219	0.551997
235.111	0.551746
235.005	0.552022
234.9	0.550464
234.792	0.551218
234.685	0.5526
234.577	0.552222
234.47	0.551243
234.364	0.551092
234.257	0.55157
234.149	0.550564
234.043	0.551066
233.937	0.550765
233.829	0.549936
233.721	0.548905
233.616	0.550589
233.509	0.550991
233.401	0.548504
233.293	0.549609
233.185	0.550464
233.078	0.550564
232.971	0.549156
232.863	0.549282
232.755	0.549558
232.647	0.548452
232.541	0.548025
232.432	0.548654
232.325	0.547925
232.218	0.548628
232.111	0.547648
232.005	0.547899
231.898	0.546994
231.791	0.547196
231.685	0.548603
231.578	0.546667
231.47	0.547648
231.363	0.546215
231.256	0.548301
231.149	0.546943
231.04	0.545134
230.932	0.547195
230.825	0.546315
230.718	0.546064
230.612	0.545913
230.504	0.546391
230.396	0.54541
230.289	0.545637
230.185	0.546365
230.077	0.544856
229.971	0.545938
229.863	0.546492
229.755	0.544782
229.648	0.545134
229.541	0.543776
229.434	0.545184
229.327	0.544882
229.22	0.54355
229.113	0.544078
229.006	0.543978
228.898	0.542419
228.791	0.543676
228.684	0.543374
228.577	0.542092
228.47	0.542267
228.363	0.542871
228.257	0.541715
228.151	0.542619
228.043	0.542193
227.938	0.543147
227.831	0.54096
227.722	0.542997
227.615	0.542845
227.508	0.541489
227.4	0.541388
227.293	0.541815
227.185	0.541489
227.077	0.541212
226.972	0.541664
226.864	0.540081
226.758	0.540558
226.65	0.541238
226.544	0.541313
226.438	0.53988
226.332	0.539628
226.224	0.540709
226.118	0.54081
226.012	0.539452
225.906	0.539829
225.798	0.540031
225.691	0.539729
225.585	0.539151
225.477	0.539905
225.37	0.5391
225.262	0.538775
225.155	0.539452
225.048	0.539629
224.945	0.539276
224.837	0.538798
224.729	0.539578
224.623	0.538724
224.516	0.538673
224.41	0.537693
224.304	0.538548
224.196	0.537668
224.089	0.538019
223.981	0.539076
223.874	0.537945
223.768	0.537919
223.661	0.538347
223.553	0.537567
223.446	0.537164
223.339	0.537416
223.233	0.537994
223.126	0.53729
223.019	0.53616
222.911	0.537944
222.805	0.535984
222.698	0.536311
222.593	0.535355
222.485	0.536008
222.379	0.535153
222.273	0.536034
222.165	0.535405
222.058	0.535807
221.951	0.535581
221.844	0.535229
221.737	0.53465
221.627	0.535857
221.52	0.535631
221.416	0.535304
221.309	0.535329
221.201	0.534349
221.095	0.534952
220.988	0.534198
220.882	0.535405
220.774	0.535556
220.667	0.534626
220.562	0.531961
220.453	0.534122
220.349	0.532188
220.241	0.532916
220.133	0.532162
220.027	0.532288
219.921	0.532036
219.814	0.531308
219.708	0.533067
219.6	0.531482
219.495	0.531282
219.389	0.531684
219.283	0.532615
219.177	0.532413
219.069	0.532463
218.961	0.532489
218.855	0.531106
218.747	0.531031
218.639	0.530352
218.532	0.530779
218.427	0.528643
218.32	0.530578
218.212	0.530929
218.105	0.530377
217.998	0.529849
217.893	0.529547
217.787	0.530604
217.68	0.529472
217.573	0.529322
217.469	0.527637
217.361	0.528693
217.254	0.528995
217.148	0.52829
217.04	0.52897
216.934	0.529271
216.828	0.527611
216.722	0.528441
216.615	0.529371
216.51	0.528467
216.401	0.528541
216.295	0.528291
216.188	0.528165
216.081	0.527411
215.975	0.526531
215.867	0.527033
215.76	0.527336
215.654	0.527462
215.548	0.526405
215.441	0.527662
215.336	0.527888
215.228	0.526883
215.123	0.528492
215.016	0.52726
214.908	0.526858
214.8	0.526004
214.691	0.525953
214.587	0.525098
214.48	0.525626
214.37	0.526154
214.264	0.526079
214.157	0.525173
214.052	0.525273
213.946	0.525626
213.838	0.525726
213.731	0.524946
213.624	0.523916
213.519	0.523916
213.413	0.525451
213.305	0.523438
213.197	0.524093
213.091	0.523891
212.986	0.525375
212.879	0.523062
212.773	0.524393
212.666	0.524117
212.561	0.523137
212.453	0.523413
212.348	0.523262
212.244	0.52281
212.134	0.522986
212.028	0.522634
211.922	0.522659
211.813	0.522157
211.707	0.522534
211.6	0.522433
211.493	0.522483
211.385	0.522156
211.279	0.52188
211.173	0.521025
211.065	0.522358
210.958	0.520899
210.852	0.520397
210.746	0.521277
210.641	0.520548
210.535	0.519065
210.429	0.521227
210.322	0.520548
210.215	0.520246
210.11	0.52012
210.004	0.52115
209.897	0.520396
209.791	0.519315
209.683	0.519667
209.577	0.518889
209.47	0.520597
209.363	0.519492
209.256	0.519818
209.149	0.518863
209.044	0.517857
208.938	0.518562
208.831	0.518788
208.724	0.517707
208.618	0.517958
208.511	0.518109
208.404	0.518486
208.298	0.515243
208.19	0.518486
208.084	0.518512
207.977	0.517405
207.87	0.516451
207.762	0.517481
207.656	0.516953
207.55	0.517632
207.443	0.517229
207.337	0.517129
207.23	0.516927
207.124	0.51645
207.018	0.517004
206.911	0.516324
206.805	0.516124
206.697	0.516148
206.591	0.515847
206.483	0.517556
206.376	0.514389
206.268	0.514162
206.163	0.51464
206.055	0.514967
205.951	0.514817
205.844	0.515369
205.738	0.514263
205.63	0.514766
205.525	0.514413
205.418	0.514791
205.313	0.513005
205.206	0.513609
205.097	0.513006
204.992	0.514187
204.885	0.513509
204.78	0.513382
204.673	0.513509
204.567	0.511774
204.461	0.513407
204.353	0.51283
204.246	0.512654
204.141	0.511598
204.036	0.512001
203.927	0.511046
203.821	0.51097
203.713	0.511675
203.606	0.510618
203.498	0.512025
203.392	0.511799
203.286	0.509889
203.179	0.510467
203.072	0.511197
202.965	0.510266
202.859	0.51019
202.755	0.510795
202.648	0.51004
202.542	0.510066
202.438	0.510417
202.33	0.509412
202.225	0.509613
202.118	0.509437
202.012	0.508608
201.907	0.509337
201.8	0.50911
201.695	0.508958
201.589	0.508656
201.482	0.50833
201.376	0.509663
201.272	0.508104
201.165	0.507651
201.058	0.5075
200.951	0.508129
200.845	0.507325
200.738	0.506571
200.632	0.507551
200.526	0.507048
200.417	0.506445
200.313	0.505415
200.207	0.506746
200.101	0.507073
199.994	0.507325
199.888	0.50642
199.784	0.505691
199.679	0.506294
199.572	0.505037
199.466	0.50652
199.359	0.505264
199.252	0.505893
199.19	0.505892
199.04	0.504862
198.935	0.505514
198.827	0.504786
198.722	0.504458
198.615	0.503429
198.508	0.504183
198.403	0.504962
198.298	0.504509
198.19	0.504031
198.085	0.503353
197.981	0.503806
197.875	0.503604
197.767	0.503604
197.661	0.502599
197.555	0.503227
197.448	0.50373
197.341	0.502975
197.236	0.502926
197.13	0.502523
197.023	0.502372
196.916	0.5029
196.809	0.501694
196.703	0.502322
196.597	0.502246
196.491	0.499909
196.384	0.5028
196.279	0.500864
196.173	0.501468
196.066	0.502347
195.96	0.500261
195.855	0.500236
195.748	0.499707
195.642	0.499482
195.536	0.501317
195.43	0.500739
195.324	0.501015
195.219	0.499129
195.114	0.500009
195.008	0.499606
194.9	0.499532
194.794	0.498527
194.688	0.501167
194.583	0.49913
194.476	0.49845
194.371	0.49918
194.264	0.499457
194.157	0.498376
194.053	0.498602
193.947	0.499155
193.841	0.49747
193.735	0.498803
193.63	0.496717
193.523	0.496616
193.417	0.497899
193.311	0.497597
193.204	0.498124
193.099	0.498552
192.994	0.496716
192.888	0.498149
192.784	0.497169
192.678	0.496113
192.57	0.495886
192.464	0.496515
192.358	0.495157
192.251	0.495233
192.146	0.496943
192.04	0.496137
191.935	0.49639
191.828	0.495485
191.722	0.49566
191.618	0.49561
191.511	0.496414
191.404	0.495157
191.298	0.495509
191.192	0.495359
191.085	0.494856
190.98	0.49478
190.875	0.494655
190.768	0.494026
190.664	0.494403
190.559	0.49282
190.453	0.494755
190.348	0.494026
190.242	0.493875
190.136	0.492794
190.03	0.493272
189.924	0.4937
189.816	0.49385
189.712	0.493549
189.606	0.493448
189.5	0.493926
189.393	0.492995
189.288	0.493297
189.18	0.492342
189.076	0.49287
188.97	0.49297
188.863	0.492091
188.757	0.492317
188.651	0.491614
188.543	0.490633
188.439	0.492644
188.332	0.492141
188.227	0.491738
188.121	0.490984
188.014	0.49116
187.909	0.490684
187.803	0.490859
187.697	0.490608
187.591	0.490632
187.487	0.491286
187.382	0.489929
187.276	0.490557
187.171	0.490909
187.065	0.490909
186.958	0.488848
186.853	0.490306
186.746	0.489677
186.642	0.48935
186.536	0.489125
186.431	0.48852
186.325	0.489401
186.218	0.489174
186.113	0.490532
186.007	0.488496
185.901	0.489023
185.796	0.487918
185.689	0.48729
185.583	0.487642
185.478	0.487566
185.372	0.486459
185.264	0.48822
185.159	0.487415
185.054	0.488345
184.948	0.486837
184.843	0.486913
184.736	0.488522
184.631	0.487868
184.525	0.487013
184.419	0.48651
184.313	0.486862
184.208	0.487466
184.102	0.485958
183.998	0.485831
183.892	0.485907
183.787	0.486284
183.681	0.486787
183.576	0.486309
183.47	0.486283
183.363	0.486083
183.258	0.486033
183.153	0.485228
183.047	0.48548
182.942	0.483292
182.836	0.485328
182.73	0.483945
182.625	0.486636
182.518	0.484901
182.413	0.483971
182.308	0.484901
182.202	0.484725
182.097	0.484021
181.992	0.484147
181.886	0.484121
181.78	0.483368
181.674	0.483317
181.567	0.484348
181.463	0.482814
181.357	0.482739
181.251	0.484147
181.145	0.482236
181.04	0.482764
180.935	0.483342
180.828	0.483467
180.722	0.483091
180.617	0.482085
180.51	0.481533
180.406	0.483343
180.3	0.483141
180.196	0.482537
180.089	0.481582
179.981	0.481684
179.875	0.481508
179.77	0.481733
179.666	0.480627
179.557	0.481582
179.451	0.481432
179.345	0.481205
179.238	0.480804
179.132	0.480954
179.03	0.481055
178.924	0.481658
178.82	0.481055
178.715	0.479521
178.612	0.480301
178.506	0.48108
178.398	0.479345
178.292	0.479018
178.185	0.480401
178.081	0.480301
177.976	0.4803
177.87	0.479949
177.763	0.47849
177.659	0.479019
177.554	0.480451
177.447	0.479545
177.344	0.479949
177.239	0.479823
177.135	0.479093
177.026	0.479345
176.92	0.47766
176.815	0.47849
176.709	0.478993
176.606	0.478917
176.499	0.47839
176.395	0.478516
176.287	0.477837
176.18	0.478415
176.073	0.479119
175.97	0.477787
175.863	0.477409
175.757	0.478239
175.649	0.477309
175.549	0.477484
175.444	0.477736
175.34	0.476404
175.234	0.476579
175.127	0.476504
175.026	0.476655
174.919	0.47668
174.813	0.476806
174.707	0.477409
174.602	0.475952
174.495	0.476279
174.393	0.476177
174.285	0.475373
174.181	0.477032
174.074	0.475549
173.97	0.475851
173.865	0.475549
173.76	0.476102
173.651	0.476102
173.546	0.475498
173.441	0.475323
173.336	0.476052
173.227	0.475473
173.123	0.474895
173.019	0.475776
172.915	0.473965
172.808	0.473915
172.702	0.474016
172.597	0.474342
172.492	0.473765
172.382	0.47482
172.275	0.473664
172.169	0.474619
172.063	0.475398
171.956	0.474166
171.852	0.473336
171.744	0.474744
171.638	0.472482
171.532	0.472507
171.427	0.473086
171.32	0.472784
171.212	0.473336
171.107	0.474417
171.002	0.473361
170.894	0.472734
170.792	0.472306
170.685	0.472683
170.583	0.472257
170.476	0.472382
170.372	0.472382
170.264	0.472532
170.159	0.471879
170.054	0.472407
169.946	0.471451
169.84	0.471627
169.735	0.472482
169.63	0.471904
169.522	0.471024
169.415	0.472382
169.308	0.472733
169.205	0.471803
169.099	0.4712
168.994	0.47125
168.89	0.471074
168.784	0.47125
168.68	0.470647
168.573	0.470019
168.471	0.471074
168.363	0.471425
168.259	0.469741
168.154	0.470295
168.049	0.470094
167.94	0.47017
167.834	0.470019
167.731	0.470018
167.623	0.469465
167.518	0.46944
167.41	0.470294
167.306	0.469642
167.203	0.470068
167.097	0.468384
166.989	0.468761
166.883	0.469189
166.78	0.469265
166.674	0.469264
166.566	0.469868
166.46	0.467606
166.354	0.469113
166.247	0.468913
166.142	0.470622
166.039	0.467656
165.933	0.46831
165.829	0.468536
165.728	0.468637
165.623	0.468913
165.519	0.467581
165.413	0.467682
165.307	0.468158
165.202	0.467731
165.097	0.46763
164.994	0.466675
164.887	0.467328
164.782	0.467002
164.676	0.466877
164.572	0.466651
164.469	0.466876
164.368	0.468334
164.262	0.466801
164.155	0.467052
164.053	0.466902
163.95	0.465795
163.845	0.466902
163.741	0.465971
163.636	0.465946
163.53	0.466852
163.423	0.466927
163.319	0.465519
163.215	0.466701
163.108	0.465796
163.002	0.465218
162.897	0.465645
162.794	0.466575
162.689	0.465719
162.584	0.464664
162.482	0.466475
162.376	0.463961
162.27	0.465394
162.166	0.465317
162.06	0.465444
161.954	0.464137
161.847	0.464262
161.743	0.464211
161.635	0.465242
161.53	0.465996
161.424	0.463433
161.317	0.465695
161.213	0.46401
161.107	0.463709
161	0.46391
160.893	0.46386
160.788	0.463709
160.684	0.464061
160.578	0.464086
160.472	0.463257
160.367	0.464036
160.261	0.463734
160.156	0.463483
160.051	0.46396
159.947	0.463106
159.845	0.464162
159.737	0.463809
159.631	0.463633
159.527	0.46313
159.421	0.462754
159.315	0.462477
159.208	0.462905
159.102	0.462753
158.998	0.460491
158.894	0.462024
158.788	0.463231
158.682	0.461798
158.579	0.462125
158.472	0.461673
158.368	0.461799
158.263	0.461924
158.158	0.461598
158.054	0.461749
157.947	0.462477
157.844	0.460441
157.736	0.462024
157.63	0.461723
157.529	0.461622
157.423	0.461547
157.319	0.461647
157.215	0.461245
157.109	0.460919
157.005	0.460742
156.9	0.460391
156.797	0.460943
156.69	0.460542
156.584	0.460089
156.482	0.461522
156.375	0.459562
156.27	0.459888
156.168	0.460567
156.064	0.461246
155.957	0.459964
155.853	0.460918
155.748	0.459134
155.639	0.460039
155.534	0.46019
155.429	0.460039
155.326	0.46019
155.223	0.459284
155.116	0.459888
155.011	0.459486
154.904	0.460919
154.802	0.459813
154.696	0.459788
154.59	0.458933
154.486	0.460114
154.38	0.459359
154.276	0.459034
154.172	0.458883
154.065	0.458455
153.962	0.458229
153.858	0.457877
153.755	0.458481
153.649	0.458933
153.544	0.458807
153.438	0.457274
153.332	0.457073
153.232	0.457349
153.125	0.45838
153.018	0.457098
152.915	0.457827
152.808	0.4575
152.703	0.458003
152.598	0.457726
152.495	0.45848
152.387	0.457751
152.282	0.457676
152.178	0.458632
152.071	0.456042
151.966	0.456671
151.861	0.456846
151.757	0.456469
151.651	0.456394
151.544	0.456319
151.441	0.457048
151.335	0.456243
151.231	0.456771
151.125	0.456318
151.02	0.457978
150.916	0.457047
150.811	0.456595
150.703	0.455966
150.601	0.45662
150.494	0.45579
150.387	0.455539
150.285	0.455514
150.179	0.455137
150.073	0.455237
149.968	0.456419
149.864	0.455941
149.757	0.454357
149.651	0.456494
149.545	0.454936
149.442	0.455615
149.337	0.454509
149.23	0.45481
149.125	0.455338
149.019	0.454685
148.915	0.455615
148.808	0.45481
148.703	0.455539
148.599	0.453679
148.495	0.455288
148.39	0.454658
148.283	0.454181
148.179	0.454559
148.073	0.45471
147.969	0.454936
147.867	0.453905
147.76	0.453905
147.655	0.453931
147.55	0.454433
147.446	0.454534
147.34	0.454031
147.234	0.453981
147.131	0.453025
147.026	0.453805
146.92	0.453955
146.817	0.452371
146.71	0.453855
146.606	0.453226
146.5	0.453578
146.395	0.452949
146.288	0.453402
146.184	0.452873
146.079	0.453377
145.976	0.453829
145.869	0.453176
145.766	0.453252
145.66	0.452346
145.555	0.453226
145.451	0.453226
145.346	0.453327
145.239	0.452949
145.133	0.452899
145.03	0.451467
144.924	0.453351
144.821	0.452472
144.714	0.450838
144.609	0.452221
144.501	0.452925
144.399	0.451542
144.293	0.45139
144.189	0.451844
144.084	0.451743
143.983	0.450561
143.875	0.451215
143.768	0.452221
143.659	0.451517
143.555	0.451541
143.454	0.451843
143.346	0.451416
143.239	0.45119
143.133	0.451215
143.031	0.450611
142.925	0.451316
142.822	0.450788
142.716	0.450712
142.612	0.450436
142.506	0.45036
142.401	0.452296
142.294	0.450812
142.191	0.450084
142.087	0.451165
141.98	0.450913
141.875	0.45114
141.77	0.450662
141.662	0.450058
141.557	0.45031
141.454	0.450436
141.349	0.450109
141.244	0.44938
141.139	0.450487
141.029	0.449153
140.929	0.450309
140.823	0.449505
140.716	0.44963
140.612	0.449656
140.505	0.449782
140.401	0.44953
140.295	0.448223
140.189	0.449882
140.084	0.450109
139.98	0.449731
139.876	0.448776
139.772	0.4485
139.667	0.449254
139.563	0.448375
139.458	0.449556
139.353	0.448802
139.248	0.447645
139.143	0.447319
139.038	0.448978
138.934	0.448173
138.827	0.44855
138.72	0.447646
138.615	0.448098
138.512	0.448148
138.406	0.449003
138.303	0.447821
138.198	0.447118
138.09	0.448399
137.989	0.447922
137.885	0.447444
137.778	0.449129
137.673	0.447494
137.568	0.447696
137.465	0.448048
137.361	0.446565
137.255	0.44767
137.15	0.446866
137.047	0.446162
136.942	0.448475
136.839	0.446765
136.732	0.448526
136.627	0.446464
136.522	0.446841
136.414	0.447167
136.309	0.44664
136.205	0.448323
136.102	0.446187
135.997	0.445885
135.89	0.446363
135.786	0.446514
135.68	0.445609
135.576	0.445835
135.472	0.44674
135.369	0.446111
135.264	0.446816
135.16	0.445684
135.054	0.44669
134.95	0.445458
134.844	0.447469
134.74	0.44591
134.636	0.445458
134.531	0.445961
134.426	0.446615
134.321	0.445735
134.214	0.446288
134.107	0.445157
134.002	0.446338
133.899	0.446062
133.794	0.446137
133.691	0.445333
133.586	0.445961
133.481	0.445962
133.375	0.446011
133.267	0.445634
133.163	0.446388
133.059	0.446438
132.954	0.444654
132.851	0.445207
132.743	0.445131
132.637	0.444252
132.534	0.444101
132.429	0.444629
132.323	0.444126
132.218	0.445082
132.112	0.444704
132.006	0.444428
131.903	0.445132
131.797	0.444578
131.695	0.444151
131.587	0.44468
131.482	0.44395
131.378	0.44405
131.274	0.444453
131.168	0.444352
131.062	0.444226
130.957	0.44322
130.851	0.443548
130.75	0.443497
130.642	0.445283
130.536	0.44302
130.431	0.443699
130.329	0.443472
130.224	0.44287
130.12	0.443698
130.015	0.442844
129.912	0.443447
129.808	0.443975
129.702	0.442292
129.597	0.442819
129.493	0.443145
129.387	0.443674
129.283	0.442517
129.179	0.442316
129.071	0.442744
128.968	0.443045
128.862	0.443724
128.758	0.443347
128.655	0.442291
128.55	0.441863
128.445	0.442593
128.339	0.443473
128.235	0.443196
128.131	0.441989
128.025	0.442391
127.921	0.441562
127.816	0.442668
127.712	0.441839
127.606	0.441839
127.5	0.441864
127.397	0.442215
127.293	0.441613
127.189	0.443673
127.084	0.441084
126.981	0.44204
126.876	0.442618
126.774	0.44214
126.667	0.441939
126.563	0.440783
126.457	0.441412
126.353	0.442694
126.248	0.441261
126.142	0.441261
126.038	0.441387
125.935	0.442392
125.831	0.441084
125.724	0.44116
125.618	0.441462
125.513	0.441662
125.408	0.440305
125.302	0.440657
125.197	0.440456
125.094	0.441436
124.987	0.440858
124.882	0.441713
124.777	0.441286
124.671	0.440683
124.569	0.440406
124.464	0.440279
124.361	0.439476
124.253	0.440255
124.15	0.439852
124.043	0.440054
123.936	0.44018
123.833	0.439702
123.728	0.440707
123.621	0.441537
123.515	0.439752
123.412	0.43945
123.305	0.4395
123.201	0.440808
123.097	0.439375
122.993	0.438997
122.887	0.439878
122.784	0.439324
122.679	0.438696
122.574	0.441185
122.471	0.439676
122.364	0.439249
122.26	0.440179
122.154	0.440507
122.05	0.439526
121.945	0.43852
121.84	0.439425
121.736	0.439651
121.629	0.438973
121.525	0.439853
121.419	0.43857
121.314	0.438344
121.21	0.439651
121.103	0.43935
121.001	0.43935
120.895	0.438194
120.792	0.439425
120.688	0.438042
120.582	0.43837
120.478	0.438218
120.374	0.438771
120.269	0.438872
120.166	0.437716
120.061	0.437891
119.957	0.439023
119.852	0.438143
119.746	0.438017
119.642	0.4393
119.538	0.437565
119.434	0.438521
119.328	0.438369
119.224	0.438143
119.119	0.436609
119.013	0.438796
118.907	0.43857
118.803	0.438419
118.701	0.438696
118.596	0.436359
118.49	0.436937
118.384	0.43847
118.281	0.436785
118.176	0.438394
118.07	0.436458
117.966	0.436911
117.86	0.437037
117.754	0.437188
117.651	0.437742
117.546	0.437289
117.442	0.436912
117.335	0.436183
117.232	0.43656
117.127	0.436911
117.022	0.436585
116.918	0.437413
116.814	0.436107
116.709	0.436485
116.605	0.437164
116.499	0.437892
116.393	0.43744
116.288	0.436258
116.184	0.437565
116.081	0.436484
115.975	0.436057
115.871	0.43568
115.764	0.43563
115.662	0.435378
115.555	0.436785
115.452	0.435855
115.349	0.436484
115.24	0.436811
115.137	0.436057
115.031	0.434347
114.926	0.436258
114.823	0.434976
114.718	0.436032
114.612	0.436157
114.507	0.434649
114.403	0.43583
114.299	0.435378
114.194	0.435554
114.089	0.434951
113.987	0.434297
113.882	0.436158
113.778	0.435001
113.672	0.435705
113.567	0.4348
113.462	0.436082
113.357	0.436509
113.254	0.435504
113.15	0.434347
113.045	0.434473
112.941	0.435604
112.837	0.435227
112.732	0.434976
112.629	0.435655
112.524	0.435705
112.419	0.434674
112.313	0.434423
112.209	0.435453
112.104	0.434372
111.999	0.434498
111.894	0.433996
111.791	0.435277
111.686	0.435303
111.582	0.434246
111.478	0.43387
111.372	0.434021
111.268	0.434222
111.165	0.43387
111.061	0.434096
110.954	0.433292
110.849	0.434448
110.746	0.433745
110.64	0.434398
110.536	0.433191
110.43	0.434951
110.324	0.434422
110.221	0.433643
110.117	0.433769
110.014	0.433392
109.909	0.433895
109.804	0.433618
109.698	0.433115
109.594	0.432964
109.489	0.433166
109.384	0.433166
109.279	0.434072
109.175	0.433166
109.07	0.434096
108.963	0.433217
108.859	0.432336
108.756	0.432789
108.651	0.432161
108.547	0.432688
108.442	0.434397
108.338	0.434423
108.234	0.433191
108.129	0.433744
108.025	0.43206
107.919	0.432839
107.814	0.433115
107.711	0.433492
107.605	0.432939
107.502	0.433694
107.397	0.433517
107.291	0.432009
107.187	0.432035
107.082	0.433166
106.978	0.433015
106.873	0.432664
106.769	0.432186
106.665	0.43294
106.559	0.432689
106.454	0.43211
106.35	0.432587
106.246	0.432688
106.141	0.431356
106.037	0.431984
105.933	0.432764
105.829	0.432839
105.725	0.432136
105.619	0.432764
105.516	0.43211
105.412	0.431029
105.307	0.431633
105.202	0.432185
105.099	0.431305
104.995	0.432889
104.891	0.432235
104.787	0.431959
104.681	0.431581
104.576	0.431532
104.473	0.431758
104.37	0.431155
104.264	0.431356
104.161	0.43025
104.057	0.430979
103.951	0.431381
103.845	0.430954
103.743	0.431029
103.638	0.430174
103.534	0.430627
103.428	0.431783
103.323	0.430803
103.221	0.431407
103.117	0.431934
103.012	0.430853
102.907	0.431456
102.802	0.431532
102.698	0.431004
102.592	0.430175
102.486	0.431104
102.382	0.429848
102.277	0.431004
102.174	0.430174
102.07	0.430476
101.963	0.430703
101.859	0.42937
101.754	0.430803
101.648	0.430125
101.543	0.429798
101.438	0.428993
101.333	0.430375
101.228	0.430376
101.123	0.428917
101.017	0.431155
100.912	0.429772
100.806	0.430677
100.702	0.430123
100.597	0.429948
100.492	0.430074
100.385	0.430803
100.281	0.428867
100.174	0.429446
100.07	0.431255
99.9651	0.429898
99.8598	0.430174
99.7554	0.429546
99.6492	0.429999
99.5453	0.428742
99.441	0.430502
99.335	0.429572
99.2302	0.430074
99.1231	0.429772
99.018	0.429495
98.9147	0.429446
98.8093	0.428842
98.705	0.430476
98.6004	0.429395
98.4946	0.42927
98.3896	0.429698
98.2846	0.429672
98.1792	0.428691
98.0738	0.428139
97.9682	0.428289
97.8625	0.429144
97.7568	0.429295
97.652	0.428943
97.5456	0.429747
97.4415	0.428867
97.3365	0.428515
97.231	0.428339
97.1252	0.428917
97.0207	0.429068
96.9143	0.429093
96.8095	0.428691
96.704	0.428565
96.5991	0.428314
96.4951	0.427761
96.3903	0.428515
96.2837	0.427987
96.1792	0.428917
96.0741	0.429018
95.9674	0.429873
95.8622	0.428415
95.7567	0.428213
95.6518	0.428289
95.5471	0.428717
95.4408	0.428691
95.3358	0.428515
95.2288	0.429345
95.1229	0.427158
95.0165	0.42741
94.9118	0.429144
94.8045	0.42844
94.7001	0.429144
94.5943	0.429043
94.4888	0.427334
94.3824	0.425674
94.2767	0.42854
94.1708	0.426932
94.0656	0.428867
93.9609	0.427711
93.856	0.427284
93.7507	0.427031
93.6454	0.426755
93.5399	0.428188
93.4347	0.427962
93.3296	0.427284
93.2246	0.427083
93.1194	0.427334
93.0138	0.428515
92.9089	0.427309
92.803	0.428717
92.697	0.427183
92.5913	0.426202
92.4852	0.426755
92.3799	0.426957
92.2745	0.427887
92.1682	0.426831
92.0634	0.426127
91.9589	0.427962
91.8532	0.428013
91.7487	0.427108
91.6416	0.42756
91.5358	0.426479
91.4312	0.42658
91.325	0.427309
91.2199	0.428665
91.1154	0.426579
91.0104	0.426956
90.9057	0.426429
90.8002	0.426178
90.6933	0.427308
90.5872	0.426077
90.4814	0.426881
90.3766	0.426227
90.2706	0.426755
90.1647	0.426956
90.0597	0.426629
89.954	0.426831
89.8482	0.426906
89.7433	0.426001
89.6376	0.425372
89.532	0.426831
89.427	0.426177
89.3209	0.426051
89.2145	0.42668
89.1092	0.426203
89.0041	0.425071
88.8978	0.425624
88.7917	0.425096
88.6873	0.426856
88.5819	0.426177
88.4766	0.426027
88.371	0.426453
88.2649	0.425272
88.1591	0.425901
88.0529	0.425624
87.9477	0.426529
87.8414	0.426353
87.7348	0.426203
87.6283	0.427008
87.5235	0.425801
87.4177	0.425826
87.3126	0.42482
87.2069	0.426102
87.1016	0.4258
86.9956	0.4257
86.8901	0.424342
86.7855	0.425273
86.6796	0.425725
86.5744	0.426152
86.4699	0.42585
86.3635	0.425951
86.2577	0.4257
86.1528	0.425498
86.0473	0.424418
85.9403	0.425146
85.8349	0.42394
85.7302	0.425121
85.6244	0.425373
85.5187	0.42492
85.4129	0.425473
85.3084	0.425196
85.2022	0.424619
85.0955	0.425448
84.9897	0.426228
84.8835	0.424543
84.7776	0.425374
84.6724	0.425347
84.5669	0.42477
84.4603	0.426001
84.354	0.4257
84.2485	0.424367
84.143	0.424292
84.0379	0.425901
83.9321	0.425498
83.8266	0.423638
83.722	0.424342
83.6152	0.425574
83.5106	0.424971
83.4043	0.426203
83.2995	0.425423
83.1938	0.424719
83.0879	0.425122
82.9821	0.424971
82.8763	0.42482
82.7701	0.424091
82.6634	0.424946
82.5587	0.426227
82.4531	0.426982
82.3468	0.424921
82.2419	0.425976
82.136	0.425172
82.0304	0.424317
81.925	0.424442
81.8195	0.424266
81.7137	0.424845
81.608	0.425298
81.5018	0.423311
81.3965	0.424393
81.2913	0.426278
81.1849	0.423664
81.0798	0.424116
80.9755	0.424041
80.8699	0.42414
80.7638	0.425222
80.6581	0.423613
80.5528	0.424065
80.4465	0.423915
80.3409	0.423513
80.2348	0.422683
80.1298	0.424694
80.0242	0.423713
79.9175	0.424167
79.8117	0.424645
79.7054	0.423412
79.6006	0.423362
79.4945	0.423663
79.3884	0.423361
79.2828	0.423866
79.1773	0.424091
79.0712	0.42399
78.9667	0.42477
78.8605	0.42394
78.7552	0.423739
78.6488	0.42301
78.5438	0.422332
78.4376	0.423638
78.3327	0.423663
78.2268	0.422884
78.1218	0.423085
78.0151	0.422809
77.9098	0.423085
77.8048	0.424066
77.6989	0.42306
77.5927	0.423488
77.4874	0.423991
77.3824	0.423034
77.2763	0.422758
77.1715	0.423612
77.0653	0.42404
76.9585	0.423312
76.8531	0.423563
76.7475	0.422934
76.6417	0.423689
76.5351	0.422381
76.4297	0.422808
76.324	0.421702
76.2176	0.423939
76.1114	0.422708
76.0054	0.422531
75.8994	0.422531
75.7935	0.422231
75.6869	0.422733
75.5808	0.423261
75.4748	0.422054
75.3683	0.422632
75.2623	0.423312
75.1557	0.422884
75.0494	0.423763
74.9432	0.4212
74.8375	0.422758
74.7315	0.423186
74.6255	0.424066
74.52	0.423436
74.4138	0.423638
74.3074	0.422885
74.2016	0.42311
74.0968	0.421677
73.9914	0.422079
73.8859	0.423815
73.7801	0.421779
73.6734	0.421251
73.5683	0.422859
73.4627	0.422306
73.3568	0.423211
73.2505	0.423136
73.144	0.422507
73.0384	0.422382
72.932	0.422407
72.8255	0.422557
72.719	0.421326
72.6131	0.422381
72.5078	0.421426
72.4022	0.423915
72.2966	0.422306
72.1904	0.421904
72.085	0.422155
71.9788	0.420898
71.8727	0.422306
71.7674	0.421904
71.6617	0.422809
71.5554	0.422834
71.4494	0.422457
71.3429	0.42389
71.2369	0.423336
71.1305	0.422332
71.0242	0.422432
70.918	0.421476
70.8126	0.4214
70.7061	0.421124
70.5996	0.421627
70.4949	0.42203
70.3884	0.421451
70.2826	0.422683
70.1765	0.422432
70.0696	0.422105
69.9638	0.42218
69.8585	0.421074
69.7519	0.421627
69.6461	0.421326
69.5396	0.42213
69.4344	0.421853
69.3276	0.421778
69.2226	0.420773
69.1164	0.421225
69.0102	0.421376
68.9043	0.421299
68.7981	0.420092
68.6916	0.420997
68.5855	0.420545
68.4793	0.420796
68.3735	0.420142
68.2677	0.42052
68.162	0.42057
68.0554	0.42057
67.9492	0.421374
67.8429	0.42072
67.737	0.421499
67.6308	0.420696
67.5246	0.420669
67.4186	0.42155
67.3123	0.421424
67.2058	0.42067
67.1002	0.420368
66.9936	0.42067
66.888	0.421349
66.7815	0.42165
66.6758	0.420268
66.5689	0.421851
66.4627	0.420116
66.3574	0.42165
66.2511	0.421023
66.1449	0.420695
66.0384	0.422002
65.9323	0.420947
65.8259	0.421249
65.7193	0.421148
65.6136	0.419514
65.5073	0.420946
65.401	0.420594
65.2949	0.420142
65.189	0.42062
65.0831	0.420393
64.9769	0.419639
64.8709	0.422228
64.7652	0.420519
64.6582	0.421298
64.5525	0.420394
64.446	0.421299
64.3402	0.420972
64.2332	0.420318
64.1275	0.420117
64.0206	0.419941
63.9152	0.419036
63.8085	0.419967
63.7024	0.420192
63.5973	0.419564
63.4917	0.421173
63.3849	0.421073
63.2786	0.420519
63.1722	0.41984
63.0665	0.419488
62.9607	0.420745
62.8541	0.419991
62.7483	0.420444
62.6419	0.419966
62.5352	0.420117
62.4293	0.421096
62.3227	0.420871
62.2161	0.420343
62.1097	0.420217
62.0036	0.419992
61.8984	0.421097
61.7925	0.419413
61.6861	0.419439
61.5795	0.419438
61.4731	0.418608
61.3662	0.419664
61.2589	0.419689
61.1524	0.421298
61.0459	0.419288
60.9396	0.419539
60.8332	0.420645
60.7262	0.419538
60.6195	0.420619
60.5131	0.419413
60.4063	0.420493
60.3	0.419413
60.193	0.419237
60.0869	0.419412
59.9806	0.419086
59.8732	0.419237
59.7675	0.420217
59.6614	0.41999
59.5555	0.419991
59.4493	0.420168
59.3425	0.420067
59.2366	0.419916
59.13	0.419991
59.023	0.420117
58.9162	0.420293
58.8092	0.420318
58.7026	0.41974
58.5962	0.419212
58.4897	0.41979
58.3824	0.418935
58.2762	0.420519
58.1694	0.419614
58.0622	0.418331
57.9552	0.420141
57.8493	0.420795
57.7435	0.420721
57.6364	0.420041
57.5297	0.419111
57.4228	0.419588
57.3165	0.420066
57.2101	0.419639
57.1033	0.41891
56.9963	0.419488
56.8895	0.419689
56.7826	0.418684
56.6756	0.419865
56.5694	0.418935
56.4626	0.41886
56.3565	0.418911
56.2493	0.419664
56.1433	0.418985
56.0363	0.420142
55.929	0.419463
55.8216	0.420318
55.7148	0.41901
55.608	0.418483
55.5008	0.419463
55.3945	0.41886
55.2877	0.419287
55.1805	0.419841
55.0729	0.419539
54.9654	0.418584
54.751	0.420946
54.6443	0.419765
54.5367	0.41989
54.4295	0.418608
54.3229	0.419664
54.2154	0.41901
54.1085	0.418558
54.0005	0.41891
53.8931	0.419337
53.7859	0.41896
53.6794	0.418683
53.5719	0.419538
53.4645	0.419789
53.357	0.419236
53.2503	0.418507
53.1424	0.41788
53.0352	0.420318
52.9282	0.420217
52.8207	0.418306
52.7133	0.41911
52.6058	0.418935
52.4978	0.419312
52.3905	0.419588
52.2832	0.419764
52.1763	0.419663
52.0685	0.418105
51.9615	0.418833
51.8543	0.419412
51.7481	0.418155
51.6406	0.41911
51.5333	0.417652
51.4261	0.419613
51.3185	0.419011
51.2111	0.418759
51.1045	0.418784
50.9969	0.41979
50.8892	0.418607
50.7817	0.419488
50.6735	0.418534
50.5663	0.418859
50.4589	0.418934
50.3506	0.418307
50.2422	0.417906
50.1352	0.419563
50.0274	0.418733
49.9196	0.418583
49.8118	0.418482
49.7045	0.419463
49.5964	0.417954
49.4883	0.418809
49.3807	0.417778
49.2729	0.419362
49.1658	0.419639
49.057	0.418557
48.9497	0.418332
48.8413	0.41818
48.7332	0.417075
48.625	0.418784
48.5173	0.418683
48.4096	0.418332
48.3024	0.418282
48.1942	0.418307
48.087	0.418432
47.9787	0.418708
47.8702	0.418507
47.7629	0.419111
47.6553	0.418633
47.547	0.418105
47.4376	0.418985
47.3296	0.417502
47.2204	0.41808
47.1114	0.418532
47.0029	0.419488
46.8957	0.418356
46.7865	0.416949
46.678	0.417426
46.5697	0.41793
46.4627	0.418106
46.3544	0.418507
46.246	0.417829
46.1377	0.417879
46.0294	0.418357
45.9199	0.418482
45.8122	0.418583
45.7042	0.417954
45.596	0.416596
45.4861	0.417427
45.3781	0.417552
45.2691	0.417477
45.1606	0.418357
45.0515	0.41891
44.9428	0.41803
44.8336	0.417577
44.7243	0.417376
44.6144	0.418004
44.5048	0.417175
44.3965	0.417879
44.2897	0.417803
44.1794	0.417653
44.0707	0.418784
43.9611	0.417753
43.8533	0.417653
43.743	0.418909
43.6354	0.418332
43.5258	0.418558
43.4175	0.417401
43.3073	0.417753
43.1992	0.416924
43.0898	0.418281
42.9791	0.41617
42.8697	0.417401
42.7611	0.418029
42.6514	0.418608
42.542	0.417401
42.4329	0.416874
42.3233	0.416823
42.2139	0.417653
42.1041	0.417803
41.9952	0.416622
41.8851	0.418608
41.7747	0.416119
41.665	0.417476
41.5543	0.417451
41.4444	0.417728
41.3347	0.417477
41.2253	0.417627
41.1161	0.417979
41.0053	0.416722
40.8961	0.417175
40.786	0.417099
40.6757	0.417677
40.5658	0.417602
40.4556	0.416471
40.3453	0.416547
40.2356	0.417553
40.1246	0.417602
40.0142	0.417401
39.9042	0.417527
39.7925	0.4172
39.682	0.416547
39.5714	0.417702
39.4616	0.417526
39.3511	0.4172
39.24	0.416018
39.1291	0.416647
39.018	0.417401
38.9081	0.417201
38.7969	0.416747
38.6842	0.417351
38.5726	0.417175
38.4601	0.416396
38.3484	0.417075
38.2379	0.417426
38.1258	0.417099
38.0151	0.416748
37.9042	0.416824
37.7914	0.416396
37.6805	0.417603
37.5684	0.416949
37.4564	0.416044
37.3454	0.416522
37.2339	0.416572
37.121	0.416421
37.0103	0.416145
36.898	0.416924
36.7852	0.416647
36.6731	0.417276
36.5609	0.417652
36.4504	0.416671
36.3381	0.417024
36.2259	0.415616
36.1132	0.418055
36.0003	0.417552
35.8869	0.416169
35.7745	0.416119
35.6621	0.41622
35.5501	0.416622
35.4363	0.418004
35.3233	0.415918
35.2092	0.415717
35.0956	0.415843
34.983	0.414711
34.8708	0.416296
34.7584	0.416572
34.6449	0.417275
34.5305	0.416722
34.4155	0.416271
34.3023	0.416169
34.1887	0.415767
34.0743	0.415943
33.9592	0.415717
33.8449	0.416874
33.7304	0.41622
33.6163	0.416974
33.5012	0.416647
33.3884	0.416295
33.2741	0.415842
33.16	0.415741
33.0451	0.41554
32.9303	0.417376
32.8147	0.416169
32.6996	0.416044
32.5837	0.416195
32.4693	0.416672
32.3546	0.416722
32.2392	0.415239
32.1221	0.415566
32.0065	0.415767
31.8921	0.416345
31.775	0.415918
31.6582	0.416396
31.5419	0.416521
31.4243	0.416371
31.3077	0.415591
31.1901	0.416848
31.0744	0.415642
30.958	0.415164
30.8437	0.415214
30.7278	0.415767
30.6089	0.416647
30.4944	0.415893
30.3778	0.416345
30.2619	0.415265
30.1442	0.416597
30.0276	0.415817
29.9099	0.416194
29.7924	0.415843
29.6748	0.416245
29.5557	0.416018
29.4366	0.416119
29.3157	0.41529
29.1946	0.416145
29.0793	0.415818
28.959	0.415868
28.8401	0.415717
28.72	0.416119
28.6002	0.41549
28.4803	0.415692
28.3586	0.41544
28.237	0.415792
28.1175	0.416521
27.9947	0.415993
27.8734	0.415365
27.7529	0.415993
27.6316	0.415465
27.5092	0.416521
27.3878	0.414887
27.2646	0.415113
27.1456	0.415617
27.0216	0.414409
26.8974	0.415415
26.7723	0.415616
26.6474	0.415792
26.5225	0.415088
26.3998	0.41451
26.2774	0.416044
26.154	0.415264
26.0289	0.415944
25.9063	0.416547
25.781	0.415189
25.6561	0.415994
25.5296	0.414837
25.4036	0.415113
25.2788	0.415063
25.1526	0.415717
25.0256	0.416044
24.8987	0.41436
24.7699	0.416144
24.6434	0.415164
24.5158	0.414359
24.3865	0.415466
24.2579	0.415239
24.1288	0.414159
23.9991	0.415063
23.8701	0.416043
23.7408	0.415164
23.6097	0.415893
23.4783	0.414561
23.3454	0.41446
23.2146	0.415415
23.0826	0.414611
22.9527	0.415339
22.8218	0.41529
22.6871	0.414912
22.5559	0.414887
22.4217	0.416119
22.2915	0.415189
22.1551	0.414208
22.0182	0.414083
21.8768	0.415139
21.7361	0.413681
21.5902	0.415818
21.4466	0.414938
21.302	0.414737
21.1528	0.414912
21.0049	0.41456
20.8504	0.415391
20.6924	0.414888
20.53	0.413857
20.3675	0.41539
20.2163	0.414511
20.0737	0.414762
19.941	0.414183
19.8175	0.415138
19.6885	0.414535
19.5608	0.415414
19.433	0.414635
19.3058	0.415289
19.178	0.41378
19.0458	0.416849
18.9165	0.414913
18.7892	0.415038
18.6603	0.41446
18.5349	0.41353
18.406	0.414334
18.2782	0.413429
18.1528	0.414535
18.0232	0.413807
17.8947	0.414661
17.7664	0.414762
17.6353	0.414561
17.5041	0.415239
17.3712	0.415189
17.2388	0.414661
17.1076	0.413756
16.9836	0.414434
16.8529	0.414988
16.7219	0.414561
16.5892	0.413705
16.4567	0.415366
16.3416	0.415416
16.2112	0.413681
16.0832	0.414536
15.9543	0.414912
15.8189	0.412926
15.6578	0.414837
15.4964	0.413932
15.3291	0.41451
15.1662	0.414108
15.0053	0.413379
14.8393	0.414259
14.6737	0.414359
14.5267	0.414158
14.3745	0.413933
14.2192	0.413254
14.0624	0.413757
13.9027	0.414661
13.7447	0.413832
13.5751	0.414209
13.4092	0.413832
13.237	0.414636
13.0612	0.413932
12.8837	0.414309
12.6997	0.414937
12.5155	0.413354
12.3269	0.413681
12.1291	0.413983
11.9354	0.414259
11.7322	0.414761
11.5243	0.413606
11.3176	0.412876
11.0997	0.414259
10.8782	0.415138
10.6537	0.414635
10.422	0.41461
10.1839	0.414837
9.94529	0.413732
9.69587	0.41373
9.43722	0.414636
9.17711	0.413454
8.90825	0.414635
8.65393	0.41446
8.44652	0.414636
8.26676	0.414284
8.10374	0.413757
7.95036	0.414687
7.79782	0.415542
7.64975	0.413933
7.49885	0.41436
7.35201	0.413303
7.20346	0.413807
7.0533	0.413882
6.90602	0.415239
6.75349	0.413479
6.60592	0.413731
6.45448	0.414636
6.30629	0.413781
6.15548	0.412826
6.00543	0.415164
5.85472	0.413857
5.70143	0.413807
5.55448	0.413228
5.40392	0.413907
5.26115	0.414811
5.11669	0.413881
4.97935	0.416044
4.84105	0.414309
4.71138	0.414083
4.57862	0.41363
4.45347	0.41461
4.32746	0.414209
4.20657	0.415013
4.08838	0.413906
3.97505	0.413882
3.86216	0.413907
3.75643	0.413731
3.65211	0.415994
3.55075	0.413731
3.45492	0.415717
3.36061	0.413631
3.27222	0.413983
3.18592	0.414359
3.10484	0.414787
3.02565	0.414385
2.95146	0.414309
2.88032	0.414109
2.81358	0.414661
2.74808	0.414862
2.68857	0.413128
2.62867	0.41431
2.57381	0.414133
2.52104	0.412826
2.41303	0.413732
2.19161	0.413832
1.95761	0.414109
1.75738	0.415239
1.62504	0.414435
1.54821	0.414436
1.50472	0.413631
1.4763	0.415517
1.4625	0.414636
