# Tdn_K_93G	Rdn_Ohm_93G	'Rdn/R5k_Ohm_93G'
293.202	0.57261 	1.38791
293.096	0.572162	1.38682
292.988	0.572074	1.38661
292.883	0.571924	1.38625
292.779	0.571797	1.38594
292.673	0.571439	1.38507
292.563	0.571267	1.38465
292.458	0.57109	        1.38423
292.35	0.570763	1.38343
292.24	0.570471	1.38273
292.132	0.570335	1.3824
292.026	0.569951	1.38146
291.919	0.569608	1.38063
291.808	0.569576	1.38056
291.703	0.569311	1.37991
291.596	0.569202	1.37965
291.489	0.568958	1.37906
291.382	0.568599	1.37819
291.272	0.568452	1.37783
291.167	0.568187	1.37719
291.058	0.567974	1.37667
290.95	0.567704	1.37602
290.844	0.567343	1.37514
290.736	0.567075	1.37449
290.627	0.566991	1.37429
290.522	0.566934	1.37415
290.409	0.566475	1.37304
290.305	0.566309	1.37264
290.195	0.565945	1.37176
290.086	0.566022	1.37194
289.979	0.565758	1.3713
289.873	0.565664	1.37107
289.764	0.56504	        1.36956
289.656	0.564877	1.36917
289.551	0.564675	1.36868
289.442	0.564452	1.36814
289.335	0.564144	1.36739
289.23	0.563973	1.36698
289.123	0.563697	1.36631
289.013	0.563547	1.36594
288.907	0.563032	1.36469
288.796	0.563068	1.36478
288.693	0.562828	1.3642
288.587	0.562668	1.36381
288.476	0.562474	1.36334
288.365	0.562204	1.36269
288.255	0.562094	1.36242
288.151	0.561944	1.36206
288.043	0.561673	1.3614
287.929	0.561439	1.36083
287.825	0.561024	1.35983
287.718	0.560743	1.35915
287.61	0.560513	1.35859
287.5	0.560176	1.35777
287.395	0.560393	1.3583
287.288	0.560008	1.35736
287.183	0.559582	1.35633
287.072	0.55953   	1.35621
286.965	0.559608	1.35639
286.858	0.558886	1.35465
286.752	0.558916	1.35472
286.645	0.558828	1.35451
286.541	0.558485	1.35367
286.433	0.558345	1.35333
286.328	0.557986	1.35246
286.219	0.55772 	1.35182
286.114	0.557596	1.35152
286.007	0.557387	1.35101
285.899	0.557164	1.35047
285.789	0.556757	1.34949
285.683	0.556743	1.34945
285.575	0.556399	1.34862
285.467	0.556098	1.34789
285.361	0.556087	1.34786
285.25	0.555894	1.34739
285.147	0.555708	1.34694
285.038	0.555427	1.34626
284.929	0.555385	1.34616
284.825	0.555286	1.34592
284.716	0.554657	1.3444
284.603	0.554574	1.34419
284.495	0.554595	1.34424
284.387	0.554381	1.34373
284.278	0.553793	1.3423
284.167	0.553731	1.34215
284.062	0.553321	1.34116
283.952	0.552972	1.34031
283.848	0.552977	1.34032
283.741	0.552848	1.34001
283.633	0.552816	1.33993
283.523	0.552369	1.33885
283.421	0.552234	1.33852
283.312	0.551932	1.33779
283.202	0.551833	1.33755
283.091	0.551766	1.33739
282.983	0.551593	1.33697
282.881	0.551318	1.3363
282.776	0.55125	        1.33614
282.67	0.550876	1.33523
282.563	0.550554	1.33445
282.456	0.55048	        1.33427
282.348	0.5502	        1.33359
282.24	0.549987	1.33308
282.133	0.550153	1.33348
282.025	0.54942	        1.3317
281.916	0.549399	1.33165
281.812	0.549202	1.33117
281.707	0.548956	1.33058
281.6	0.548582	1.32967
281.491	0.548858	1.33034
281.387	0.548541	1.32957
281.277	0.548458	1.32937
281.17	0.548047	1.32837
281.065	0.548005	1.32827
280.955	0.547871	1.32795
280.844	0.547308	1.32658
280.74	0.54722	        1.32637
280.629	0.547189	1.32629
280.524	0.546804	1.32536
280.415	0.546628	1.32493
280.309	0.54657	        1.32479
280.202	0.546165	1.32381
280.094	0.546175	1.32384
279.99	0.54579  	1.3229
279.884	0.545265	1.32163
279.774	0.545499	1.3222
279.67	0.545432	1.32204
279.563	0.544995	1.32098
279.459	0.544755	1.32039
279.35	0.544532	1.31985
279.244	0.544632	1.32009
279.135	0.544105	1.31882
279.031	0.544392	1.31951
278.921	0.544163	1.31896
278.813	0.543773	1.31801
278.711	0.543581	1.31755
278.602	0.543564	1.31751
278.495	0.543461	1.31726
278.392	0.542972	1.31607
278.281	0.542916	1.31594
278.176	0.542806	1.31567
278.067	0.542514	1.31496
277.962	0.54254	        1.31503
277.857	0.542374	1.31462
277.75	0.541864	1.31339
277.637	0.541433	1.31234
277.534	0.541658	1.31289
277.424	0.541376	1.3122
277.318	0.540944	1.31116
277.211	0.541033	1.31137
277.107	0.540758	1.31071
276.996	0.54072	        1.31061
276.89	0.540445	1.30995
276.781	0.5403   	1.30959
276.67	0.540066	1.30903
276.563	0.540009	1.30889
276.454	0.539868	1.30855
276.351	0.539546	1.30777
276.243	0.53925 	1.30705
276.132	0.539119	1.30673
276.027	0.538906	1.30622
275.924	0.538979	1.3064
275.818	0.538609	1.3055
275.711	0.538349	1.30487
275.606	0.538146	1.30438
275.497	0.538293	1.30473
275.39	0.537934	1.30386
275.284	0.537829	1.30361
275.177	0.537803	1.30354
275.068	0.537139	1.30193
274.964	0.537222	1.30213
274.858	0.537233	1.30216
274.751	0.536696	1.30086
274.644	0.536952	1.30148
274.537	0.536468	1.30031
274.43	0.536332	1.29998
274.322	0.536227	1.29972
274.216	0.535704	1.29846
274.111	0.535563	1.29812
274.005	0.535745	1.29856
273.895	0.535511	1.29799
273.793	0.535246	1.29735
273.685	0.535131	1.29707
273.575	0.535012	1.29678
273.464	0.534783	1.29622
273.36	0.534872	1.29644
273.252	0.53445 	1.29542
273.144	0.534398	1.29529
273.038	0.534175	1.29475
272.927	0.533717	1.29364
272.82	0.533759	1.29374
272.712	0.533587	1.29332
272.603	0.533265	1.29254
272.5	0.533337	1.29272
272.393	0.53301 	1.29193
272.284	0.532854	1.29155
272.18	0.532864	1.29157
272.068	0.532329	1.29028
271.962	0.532625	1.29099
271.857	0.532308	1.29022
271.75	0.532137	1.28981
271.642	0.531975	1.28942
271.538	0.531659	1.28865
271.43	0.531481	1.28822
271.324	0.531466	1.28818
271.219	0.531372	1.28796
271.115	0.530926	1.28687
271.01	0.53119 	1.28752
270.904	0.530655	1.28622
270.798	0.53065 	1.28621
270.692	0.530509	1.28586
270.584	0.530255	1.28525
270.476	0.530031	1.28471
270.368	0.530198	1.28511
270.265	0.529709	1.28393
270.154	0.529745	1.28401
270.048	0.529454	1.28331
269.94	0.529527	1.28348
269.835	0.529007	1.28222
269.73	0.528944	1.28207
269.623	0.528643	1.28134
269.519	0.528607	1.28125
269.411	0.528768	1.28164
269.301	0.52844 	1.28085
269.197	0.527925	1.2796
269.091	0.527859	1.27944
268.981	0.527749	1.27917
268.876	0.527811	1.27933
268.766	0.527608	1.27883
268.657	0.527151	1.27772
268.553	0.527161	1.27775
268.447	0.527078	1.27755
268.341	0.526792	1.27686
268.233	0.526807	1.27689
268.13	0.526688	1.2766
268.025	0.52622 	1.27547
267.918	0.526464	1.27606
267.807	0.526402	1.27591
267.699	0.525877	1.27464
267.592	0.525887	1.27466
267.486	0.525404	1.27349
267.377	0.525425	1.27354
267.269	0.525238	1.27309
267.163	0.525253	1.27312
267.053	0.525055	1.27264
266.945	0.524874	1.27221
266.841	0.524671	1.27171
266.731	0.524682	1.27174
266.623	0.524432	1.27113
266.517	0.524193	1.27055
266.408	0.524213	1.2706
266.303	0.523735	1.26945
266.192	0.523825	1.26966
266.087	0.523808	1.26962
265.985	0.523725	1.26942
265.878	0.523252	1.26827
265.772	0.523205	1.26816
265.665	0.523153	1.26804
265.56	0.522908	1.26744
265.452	0.522669	1.26686
265.346	0.5228  	1.26718
265.241	0.522446	1.26632
265.136	0.52216 	1.26563
265.03	0.522223	1.26578
264.925	0.522051	1.26536
264.818	0.52165 	1.26439
264.712	0.521609	1.26429
264.611	0.521422	1.26384
264.5	0.521344	1.26365
264.399	0.521505	1.26404
264.293	0.521151	1.26318
264.185	0.520995	1.2628
264.075	0.520814	1.26236
263.971	0.520839	1.26243
263.86	0.520601	1.26185
263.757	0.520356	1.26126
263.651	0.520533	1.26168
263.541	0.519991	1.26037
263.435	0.519826	1.25997
263.332	0.519675	1.2596
263.228	0.519816	1.25995
263.121	0.519514	1.25921
263.014	0.519472	1.25911
262.905	0.519348	1.25881
262.801	0.518989	1.25794
262.693	0.518875	1.25766
262.588	0.518869	1.25765
262.481	0.518724	1.2573
262.378	0.518354	1.2564
262.272	0.518568	1.25692
262.163	0.518215	1.25607
262.061	0.518058	1.25569
261.952	0.51796 	1.25545
261.849	0.517902	1.25531
261.74	0.517518	1.25438
261.632	0.517502	1.25434
261.524	0.517242	1.25371
261.42	0.516946	1.25299
261.314	0.516997	1.25311
261.205	0.517196	1.2536
261.101	0.516634	1.25223
260.998	0.516572	1.25208
260.894	0.516405	1.25168
260.785	0.516458	1.25181
260.683	0.516489	1.25188
260.575	0.516097	1.25093
260.466	0.515969	1.25062
260.36	0.515614	1.24976
260.257	0.515787	1.25018
260.149	0.515703	1.24998
260.039	0.51536 	1.24915
259.933	0.515501	1.24949
259.82	0.515033	1.24835
259.715	0.515204	1.24877
259.603	0.515007	1.24829
259.497	0.514825	1.24785
259.389	0.514382	1.24678
259.281	0.514606	1.24732
259.173	0.51418 	1.24629
259.068	0.514034	1.24593
258.959	0.5142  	1.24634
258.853	0.514035	1.24593
258.745	0.513566	1.2448
258.64	0.513655	1.24501
258.533	0.513639	1.24498
258.432	0.513265	1.24407
258.32	0.513421	1.24445
258.215	0.512765	1.24286
258.108	0.512938	1.24328
258.002	0.513047	1.24354
257.888	0.512896	1.24317
257.786	0.512412	1.242
257.675	0.512475	1.24215
257.57	0.512085	1.24121
257.467	0.512106	1.24126
257.358	0.512216	1.24152
257.252	0.511924	1.24082
257.14	0.511799	1.24052
257.034	0.511503	1.2398
256.929	0.511524	1.23985
256.823	0.51155 	1.23991
256.718	0.511451	1.23967
256.609	0.511294	1.23929
256.5	0.511123	1.23887
256.396	0.510988	1.23855
256.291	0.510791	1.23807
256.184	0.510676	1.23779
256.075	0.510302	1.23689
255.97	0.510521	1.23742
255.864	0.510479	1.23731
255.757	0.510266	1.2368
255.651	0.510266	1.2368
255.542	0.51    	1.23615
255.438	0.509865	1.23583
255.333	0.509667	1.23535
255.225	0.50948	        1.23489
255.119	0.509242	1.23432
255.012	0.509205	1.23423
254.906	0.509043	1.23383
254.799	0.508857	1.23338
254.691	0.508913	1.23352
254.584	0.508825	1.23331
254.478	0.508634	1.23284
254.371	0.508643	1.23286
254.268	0.508435	1.23236
254.158	0.508238	1.23188
254.054	0.507952	1.23119
253.946	0.508196	1.23178
253.839	0.508061	1.23146
253.729	0.507848	1.23094
253.623	0.507812	1.23085
253.514	0.5074  	1.22985
253.409	0.507567	1.23026
253.3	0.507364	1.22977
253.192	0.507047	1.229
253.084	0.50712  	1.22917
252.978	0.506756	1.22829
252.874	0.506865	1.22855
252.767	0.506673	1.22809
252.66	0.506486	1.22764
252.555	0.506574	1.22785
252.451	0.506195	1.22693
252.344	0.506325	1.22725
252.239	0.506044	1.22657
252.134	0.505966	1.22638
252.029	0.50593  	1.22629
251.924	0.505815	1.22601
251.815	0.505608	1.22551
251.711	0.505759	1.22587
251.606	0.505524	1.2253
251.499	0.505488	1.22522
251.393	0.505223	1.22457
251.283	0.505077	1.22422
251.177	0.505062	1.22418
251.071	0.504854	1.22368
250.963	0.50465 	1.22319
250.855	0.504698	1.2233
250.75	0.504522	1.22288
250.642	0.50407 	1.22178
250.535	0.504454	1.22271
250.427	0.504043	1.22172
250.317	0.504183	1.22206
250.208	0.503949	1.22149
250.104	0.503886	1.22134
249.997	0.503637	1.22073
249.892	0.503721	1.22093
249.785	0.503751	1.22101
249.679	0.503585	1.2206
249.571	0.503388	1.22013
249.466	0.503252	1.2198
249.357	0.503054	1.21932
249.253	0.502931	1.21902
249.145	0.503086	1.2194
249.038	0.502925	1.21901
248.934	0.502696	1.21845
248.825	0.502229	1.21732
248.718	0.502431	1.21781
248.612	0.50229 	1.21747
248.508	0.502265	1.2174
248.403	0.502312	1.21752
248.298	0.502125	1.21707
248.189	0.50187 	1.21645
248.083	0.501829	1.21635
247.978	0.501646	1.2159
247.871	0.501734	1.21612
247.764	0.501703	1.21604
247.659	0.501595	1.21578
247.55	0.501334	1.21515
247.446	0.501039	1.21443
247.337	0.501085	1.21455
247.231	0.501048	1.21446
247.123	0.500862	1.21401
247.018	0.500675	1.21355
246.911	0.500763	1.21376
246.804	0.500404	1.21289
246.694	0.500237	1.21249
246.588	0.500482	1.21308
246.481	0.500456	1.21302
246.371	0.499837	1.21152
246.267	0.500201	1.2124
246.161	0.499951	1.2118
246.053	0.499916	1.21171
245.946	0.49966 	1.21109
245.839	0.499542	1.2108
245.734	0.499291	1.2102
245.629	0.49952 	1.21075
245.52	0.499078	1.20968
245.414	0.499114	1.20977
245.309	0.499136	1.20982
245.203	0.498984	1.20945
245.094	0.49914 	1.20983
244.99	0.498704	1.20877
244.881	0.498735	1.20885
244.775	0.498517	1.20832
244.668	0.498423	1.20809
244.559	0.498553	1.20841
244.452	0.498387	1.20801
244.345	0.49834 	1.20789
244.239	0.498086	1.20728
244.131	0.498132	1.20739
244.021	0.49794 	1.20692
243.916	0.497774	1.20652
243.81	0.49781 	1.20661
243.704	0.497576	1.20604
243.599	0.49743 	1.20569
243.494	0.497071	1.20482
243.383	0.497451	1.20574
243.276	0.497254	1.20526
243.172	0.497124	1.20494
243.067	0.496719	1.20396
242.96	0.496797	1.20415
242.853	0.49677 	1.20409
242.75	0.496822	1.20421
242.643	0.496553	1.20356
242.536	0.496386	1.20316
242.433	0.496532	1.20351
242.322	0.49651 	1.20346
242.218	0.496495	1.20342
242.111	0.496078	1.20241
242.003	0.496146	1.20257
241.9	0.49623 	1.20278
241.793	0.49582 	1.20178
241.689	0.495907	1.20199
241.578	0.49585 	1.20186
241.474	0.495502	1.20101
241.367	0.495527	1.20107
241.26	0.495143	1.20014
241.155	0.495481	1.20096
241.049	0.495101	1.20004
240.944	0.495148	1.20016
240.84	0.49505 	1.19992
240.733	0.495196	1.20027
240.627	0.495049	1.19991
240.523	0.494514	1.19862
240.417	0.494747	1.19918
240.31	0.494497	1.19858
240.206	0.494462	1.19849
240.099	0.494222	1.19791
239.991	0.494207	1.19787
239.885	0.494508	1.1986
239.779	0.494129	1.19769
239.677	0.494332	1.19818
239.572	0.493775	1.19683
239.465	0.494072	1.19755
239.359	0.493828	1.19696
239.252	0.493786	1.19685
239.144	0.493594	1.19639
239.038	0.493432	1.196
238.935	0.493505	1.19617
238.828	0.493521	1.19621
238.722	0.493438	1.19601
238.614	0.492824	1.19452
238.508	0.492975	1.19489
238.403	0.493178	1.19538
238.298	0.493042	1.19505
238.194	0.49308 	1.19514
238.086	0.492768	1.19439
237.978	0.49271 	1.19425
237.873	0.492476	1.19368
237.767	0.492664	1.19413
237.661	0.492533	1.19382
237.552	0.492201	1.19301
237.447	0.492372	1.19343
237.342	0.492305	1.19326
237.234	0.491832	1.19212
237.129	0.491889	1.19226
237.018	0.492045	1.19263
236.915	0.491806	1.19205
236.809	0.491988	1.1925
236.703	0.491769	1.19197
236.597	0.491702	1.1918
236.492	0.491348	1.19095
236.387	0.491204	1.1906
236.28	0.491457	1.19121
236.173	0.49115 	1.19047
236.066	0.491162	1.19049
235.963	0.491098	1.19034
235.857	0.490802	1.18962
235.751	0.491032	1.19018
235.644	0.490833	1.1897
235.538	0.491114	1.19038
235.431	0.490891	1.18984
235.326	0.490891	1.18984
235.22	0.490438	1.18874
235.116	0.49061 	1.18916
235.007	0.490137	1.18801
234.902	0.490372	1.18858
234.794	0.490226	1.18822
234.69	0.490028	1.18774
234.584	0.489903	1.18744
234.477	0.489777	1.18714
234.373	0.489742	1.18705
234.267	0.48981 	1.18722
234.161	0.48954 	1.18656
234.054	0.489585	1.18667
233.947	0.489549	1.18658
233.843	0.489451	1.18635
233.738	0.48931 	1.186
233.632	0.48917         1.18567
233.524	0.489253	1.18587
233.424	0.488988	1.18522
233.318	0.489217	1.18578
233.215	0.4889   	1.18501
233.108	0.488827	1.18483
232.998	0.488686	1.18449
232.889	0.488598	1.18428
232.787	0.488557	1.18418
232.684	0.488635	1.18437
232.577	0.4884  	1.1838
232.471	0.488406	1.18381
232.367	0.488052	1.18295
232.263	0.488171	1.18324
232.156	0.488198	1.18331
232.05	0.48787 	1.18252
231.946	0.487907	1.1826
231.845	0.488005	1.18284
231.739	0.487782	1.1823
231.635	0.487767	1.18226
231.526	0.487876	1.18253
231.423	0.487299	1.18113
231.316	0.487563	1.18177
231.209	0.487398	1.18137
231.102	0.487558	1.18176
230.998	0.487491	1.1816
230.895	0.487246	1.181
230.788	0.487221	1.18094
230.682	0.487034	1.18049
230.577	0.486961	1.18031
230.469	0.486866	1.18008
230.363	0.486705	1.17969
230.256	0.486556	1.17933
230.151	0.486779	1.17987
230.049	0.48652	        1.17924
229.942	0.486481	1.17915
229.834	0.486259	1.17861
229.728	0.486582	1.17939
229.624	0.486311	1.17874
229.517	0.48627 	1.17864
229.41	0.486057	1.17812
229.303	0.486306	1.17872
229.198	0.4859  	1.17774
229.089	0.485848	1.17761
228.982	0.485931	1.17782
228.876	0.486072	1.17816
228.766	0.486139	1.17832
228.661	0.485719	1.1773
228.556	0.485328	1.17635
228.452	0.485448	1.17664
228.344	0.485328	1.17635
228.237	0.48552  	1.17682
228.131	0.485042	1.17566
228.024	0.485021	1.17561
227.919	0.485064	1.17571
227.813	0.484995	1.17555
227.706	0.485038	1.17565
227.597	0.48459  	1.17456
227.492	0.48486 	1.17522
227.384	0.48486 	1.17522
227.278	0.484762	1.17498
227.174	0.484616	1.17463
227.07	0.484471	1.17427
226.964	0.484435	1.17419
226.857	0.484534	1.17443
226.751	0.484466	1.17426
226.643	0.484351	1.17398
226.539	0.484195	1.17361
226.434	0.484517	1.17439
226.328	0.484299	1.17386
226.224	0.483841	1.17275
226.119	0.483919	1.17294
226.013	0.483654	1.17229
225.909	0.483908	1.17291
225.804	0.483768	1.17257
225.696	0.483598	1.17216
225.593	0.483311	1.17146
225.487	0.483628	1.17223
225.381	0.483555	1.17206
225.274	0.483529	1.17199
225.169	0.48302 	1.17076
225.064	0.483426	1.17174
224.959	0.483145	1.17106
224.853	0.483088	1.17092
224.747	0.483005	1.17072
224.642	0.482832	1.1703
224.538	0.482526	1.16956
224.432	0.482635	1.16983
224.325	0.48275 	1.1701
224.219	0.482485	1.16946
224.113	0.482464	1.16941
224.008	0.482334	1.1691
223.901	0.482402	1.16926
223.796	0.482329	1.16908
223.691	0.482142	1.16863
223.585	0.482043	1.16839
223.478	0.482517	1.16954
223.375	0.481918	1.16809
223.268	0.48209  	1.1685
223.161	0.482152	1.16865
223.057	0.481716	1.1676
222.95	0.481668	1.16748
222.845	0.481461	1.16698
222.741	0.481544	1.16718
222.636	0.48133 	1.16666
222.53	0.4817  	1.16756
222.423	0.481341	1.16669
222.32	0.481102	1.16611
222.211	0.481289	1.16656
222.106	0.480998	1.16586
222	0.480957	1.16576
221.894	0.480972	1.1658
221.787	0.480779	1.16533
221.683	0.48105 	1.16598
221.576	0.480525	1.16471
221.469	0.480769	1.1653
221.365	0.480624	1.16495
221.257	0.480483	1.16461
221.153	0.480452	1.16453
221.048	0.480312	1.16419
220.943	0.480317	1.16421
220.835	0.480197	1.16392
220.732	0.480094	1.16367
220.626	0.480145	1.16379
220.521	0.479948	1.16331
220.412	0.479979	1.16339
220.308	0.479907	1.16321
220.202	0.479844	1.16306
220.097	0.479849	1.16307
219.991	0.479532	1.1623
219.885	0.4796  	1.16247
219.779	0.47962  	1.16252
219.674	0.479434	1.16207
219.57	0.479606	1.16248
219.464	0.479361	1.16189
219.357	0.479262	1.16165
219.25	0.479053	1.16114
219.144	0.479163	1.16141
219.039	0.478866	1.16069
218.933	0.479048	1.16113
218.828	0.47856 	1.15995
218.722	0.478845	1.16064
218.618	0.478773	1.16047
218.511	0.478596	1.16004
218.403	0.478514	1.15984
218.296	0.478492	1.15978
218.19	0.478576	1.15999
218.084	0.478144	1.15894
217.978	0.478358	1.15946
217.873	0.478154	1.15897
217.768	0.477926	1.15841
217.661	0.477817	1.15815
217.556	0.477656	1.15776
217.452	0.477535	1.15746
217.345	0.477281	1.15685
217.242	0.477587	1.15759
217.136	0.477297	1.15689
217.031	0.477208	1.15667
216.923	0.477182	1.15661
216.815	0.477255	1.15678
216.71	0.476948	1.15604
216.605	0.477151	1.15653
216.501	0.47688 	1.15588
216.395	0.477016	1.15621
216.29	0.477031	1.15624
216.184	0.476574	1.15513
216.079	0.476465	1.15487
215.973	0.476376	1.15466
215.866	0.476688	1.15541
215.758	0.476382	1.15467
215.653	0.476293	1.15445
215.546	0.476069	1.15391
215.441	0.476314	1.1545
215.337	0.475982	1.1537
215.232	0.476237	1.15432
215.127	0.476111	1.15401
215.023	0.475779	1.15321
214.915	0.475768	1.15318
214.81	0.475436	1.15238
214.704	0.475742	1.15312
214.6	0.475622	1.15283
214.494	0.475612	1.1528
214.388	0.475405	1.1523
214.282	0.475331	1.15212
214.176	0.475343	1.15215
214.07	0.475399	1.15229
213.967	0.475353	1.15217
213.86	0.475279	1.152
213.753	0.475066	1.15148
213.647	0.475021	1.15137
213.542	0.47491	1.1511
213.438	0.474573	1.15028
213.333	0.474495	1.1501
213.228	0.474277	1.14957
213.123	0.474369	1.14979
213.018	0.474375	1.1498
212.911	0.474375	1.1498
212.804	0.474001	1.1489
212.697	0.474188	1.14935
212.59	0.473938	1.14875
212.484	0.474043	1.149
212.378	0.473866	1.14857
212.272	0.47385	1.14853
212.167	0.473647	1.14804
212.061	0.473538	1.14778
211.956	0.473543	1.14779
211.852	0.473559	1.14783
211.745	0.473397	1.14744
211.642	0.473481	1.14764
211.537	0.473335	1.14728
211.433	0.473309	1.14722
211.327	0.473133	1.14679
211.221	0.473003	1.14648
211.115	0.472655	1.14563
211.01	0.472905	1.14624
210.905	0.472836	1.14607
210.8	0.472779	1.14594
210.695	0.472785	1.14595
210.589	0.4723	1.14478
210.483	0.472576	1.14545
210.379	0.472311	1.1448
210.274	0.472374	1.14496
210.169	0.47228	1.14473
210.066	0.472349	1.14489
209.964	0.472208	1.14455
209.857	0.472004	1.14406
209.75	0.471953	1.14393
209.646	0.471651	1.1432
209.541	0.471817	1.1436
209.435	0.471901	1.14381
209.33	0.471625	1.14314
209.226	0.4715	1.14284
209.12	0.471345	1.14246
209.016	0.471364	1.14251
208.911	0.471396	1.14259
208.806	0.471141	1.14197
208.699	0.471026	1.14169
208.594	0.470996	1.14161
208.488	0.470907	1.1414
208.383	0.471058	1.14177
208.276	0.471017	1.14167
208.172	0.470658	1.1408
208.067	0.470632	1.14073
207.962	0.470658	1.14079
207.853	0.470658	1.1408
207.748	0.470294	1.13991
207.642	0.470289	1.1399
207.535	0.46994	1.13906
207.427	0.470044	1.13931
207.322	0.470159	1.13959
207.218	0.469925	1.13902
207.111	0.469904	1.13897
207.007	0.46979	1.13869
206.902	0.4698	1.13872
206.796	0.469515	1.13802
206.69	0.469722	1.13853
206.584	0.46928	1.13745
206.478	0.469681	1.13843
206.373	0.469369	1.13767
206.268	0.469197	1.13726
206.16	0.468792	1.13627
206.055	0.468859	1.13644
205.95	0.468875	1.13647
205.844	0.468911	1.13656
205.738	0.468755	1.13618
205.632	0.468745	1.13616
205.524	0.468875	1.13647
205.419	0.46835	1.1352
205.315	0.468091	1.13457
205.208	0.468361	1.13523
205.102	0.468272	1.13501
204.995	0.468152	1.13472
204.889	0.468298	1.13508
204.786	0.468007	1.13437
204.679	0.467877	1.13405
204.571	0.467867	1.13403
204.466	0.467763	1.13378
204.361	0.467565	1.1333
204.256	0.467544	1.13325
204.15	0.467648	1.1335
204.046	0.467607	1.1334
203.941	0.467081	1.13213
203.835	0.467472	1.13307
203.728	0.467113	1.1322
203.624	0.467149	1.13229
203.519	0.466983	1.13189
203.413	0.466811	1.13147
203.306	0.466936	1.13177
203.201	0.466833	1.13152
203.095	0.466706	1.13122
202.99	0.466863	1.1316
202.885	0.466691	1.13118
202.778	0.466765	1.13136
202.671	0.466464	1.13063
202.566	0.466219	1.13004
202.457	0.466161	1.1299
202.352	0.466161	1.1299
202.245	0.465995	1.12949
202.137	0.465813	1.12905
202.03	0.46587	1.12919
201.924	0.46562	1.12858
201.817	0.465475	1.12823
201.714	0.4656	1.12854
201.607	0.465376	1.12799
201.5	0.465241	1.12767
201.393	0.465324	1.12787
201.286	0.465288	1.12778
201.177	0.465028	1.12715
201.073	0.464835	1.12668
200.968	0.464768	1.12652
200.863	0.465003	1.12709
200.757	0.465018	1.12712
200.65	0.464529	1.12594
200.544	0.464753	1.12648
200.439	0.464597	1.1261
200.332	0.46443	1.1257
200.227	0.46443	1.1257
200.121	0.464389	1.1256
200.017	0.463983	1.12462
199.91	0.464112	1.12493
199.803	0.46378	1.12413
199.696	0.463926	1.12448
199.591	0.463921	1.12447
199.486	0.463833	1.12425
199.38	0.463844	1.12428
199.274	0.463374	1.12314
199.167	0.463541	1.12355
199.059	0.463583	1.12365
198.953	0.463354	1.12309
198.845	0.463235	1.1228
198.738	0.463235	1.1228
198.632	0.463006	1.12225
198.524	0.463079	1.12243
198.418	0.462923	1.12205
198.313	0.462953	1.12212
198.207	0.462788	1.12172
198.1	0.462549	1.12114
197.992	0.462606	1.12128
197.886	0.462492	1.121
197.777	0.462418	1.12082
197.671	0.462252	1.12042
197.565	0.462158	1.12019
197.459	0.462107	1.12007
197.356	0.462035	1.11989
197.248	0.462076	1.11999
197.141	0.461997	1.1198
197.034	0.461789	1.1193
196.929	0.461691	1.11906
196.825	0.461826	1.11939
196.72	0.461249	1.11799
196.613	0.461587	1.11881
196.505	0.461311	1.11814
196.399	0.461363	1.11827
196.291	0.461145	1.11774
196.187	0.461166	1.11779
196.081	0.460969	1.11731
195.973	0.460802	1.11691
195.867	0.461166	1.11779
195.759	0.460749	1.11678
195.65	0.460838	1.11699
195.544	0.46076	1.1168
195.436	0.460391	1.11591
195.332	0.460646	1.11653
195.221	0.460428	1.116
195.115	0.460376	1.11587
195.008	0.460199	1.11544
194.901	0.45983	1.11455
194.792	0.460059	1.1151
194.685	0.460137	1.11529
194.577	0.459663	1.11415
194.471	0.460032	1.11504
194.365	0.4597	1.11424
194.26	0.459507	1.11377
194.151	0.459585	1.11396
194.044	0.459393	1.11349
193.938	0.459502	1.11376
193.829	0.459439	1.1136
193.724	0.459362	1.11341
193.621	0.458952	1.11242
193.514	0.459201	1.11303
193.409	0.45918	1.11298
193.302	0.459029	1.11261
193.195	0.459148	1.1129
193.087	0.458748	1.11193
192.981	0.458941	1.1124
192.873	0.458645	1.11168
192.769	0.458873	1.11223
192.661	0.458281	1.11079
192.554	0.458498	1.11132
192.448	0.458161	1.1105
192.343	0.458188	1.11057
192.236	0.458162	1.11051
192.13	0.458177	1.11054
192.023	0.458192	1.11058
191.916	0.457902	1.10988
191.81	0.458229	1.11067
191.703	0.457734	1.10947
191.597	0.457574	1.10908
191.49	0.457584	1.10911
191.381	0.457771	1.10956
191.274	0.457668	1.10931
191.167	0.457402	1.10867
191.061	0.457303	1.10843
190.962	0.457241	1.10827
190.853	0.457153	1.10806
190.745	0.457189	1.10815
190.64	0.457075	1.10787
190.533	0.457204	1.10819
190.428	0.456752	1.10709
190.322	0.456949	1.10757
190.215	0.456549	1.1066
190.108	0.456794	1.10719
190.004	0.456736	1.10705
189.895	0.456435	1.10632
189.791	0.456492	1.10646
189.681	0.456716	1.107
189.573	0.45643	1.10631
189.466	0.456425	1.1063
189.359	0.456253	1.10588
189.249	0.456123	1.10556
189.149	0.456149	1.10563
189.037	0.456066	1.10543
188.929	0.45592	1.10507
188.821	0.455822	1.10484
188.712	0.455666	1.10446
188.607	0.455609	1.10432
188.5	0.455385	1.10378
188.394	0.455655	1.10443
188.288	0.455604	1.10431
188.181	0.455307	1.10359
188.074	0.455411	1.10384
187.971	0.455223	1.10338
187.867	0.455171	1.10326
187.759	0.455146	1.1032
187.653	0.454829	1.10243
187.544	0.454845	1.10247
187.437	0.454694	1.1021
187.329	0.454865	1.10252
187.223	0.454896	1.10259
187.114	0.454251	1.10103
187.007	0.454502	1.10164
186.899	0.454589	1.10185
186.791	0.454534	1.10171
186.686	0.454335	1.10123
186.578	0.454251	1.10103
186.473	0.454403	1.1014
186.365	0.454107	1.10068
186.259	0.454065	1.10058
186.152	0.453784	1.0999
186.044	0.45407	1.10059
185.938	0.453977	1.10036
185.83	0.453872	1.10011
185.72	0.454019	1.10047
185.616	0.453872	1.10011
185.508	0.453311	1.09875
185.404	0.453722	1.09975
185.298	0.453805	1.09995
185.19	0.453513	1.09924
185.081	0.453555	1.09934
184.975	0.453379	1.09891
184.868	0.453072	1.09817
184.758	0.452927	1.09782
184.652	0.453129	1.09831
184.542	0.453071	1.09817
184.434	0.453233	1.09856
184.328	0.45275	1.09739
184.22	0.45276	1.09741
184.114	0.452541	1.09688
184.007	0.452579	1.09697
183.898	0.452386	1.09651
183.791	0.452979	1.09794
183.683	0.452552	1.09691
183.573	0.45213	1.09589
183.465	0.452033	1.09565
183.359	0.452381	1.09649
183.252	0.452391	1.09652
183.145	0.452053	1.0957
183.036	0.451959	1.09547
182.929	0.451887	1.0953
182.823	0.452006	1.09559
182.716	0.451658	1.09474
182.607	0.451902	1.09534
182.499	0.451591	1.09458
182.391	0.451611	1.09463
182.286	0.451642	1.0947
182.179	0.451429	1.09419
182.072	0.451284	1.09384
181.965	0.451174	1.09357
181.856	0.451216	1.09367
181.749	0.451153	1.09352
181.641	0.451004	1.09316
181.534	0.450909	1.09293
181.428	0.45096	1.09305
181.321	0.450998	1.09314
181.214	0.450686	1.09239
181.104	0.450816	1.0927
180.996	0.45079	1.09264
180.89	0.450639	1.09227
180.784	0.450567	1.0921
180.675	0.450572	1.09211
180.568	0.450619	1.09222
180.459	0.450265	1.09137
180.355	0.450094	1.09095
180.247	0.449968	1.09065
180.137	0.450332	1.09153
180.03	0.449958	1.09062
179.923	0.45014	1.09106
179.814	0.449859	1.09038
179.706	0.449922	1.09053
179.6	0.44989	1.09046
179.491	0.449787	1.09021
179.383	0.449703	1.09
179.275	0.449512	1.08954
179.167	0.449517	1.08955
179.059	0.449548	1.08963
178.952	0.449319	1.08907
178.845	0.44961	1.08978
178.738	0.449402	1.08927
178.63	0.449044	1.08841
178.522	0.449132	1.08862
178.413	0.449101	1.08854
178.304	0.449215	1.08882
178.196	0.449059	1.08844
178.09	0.448721	1.08762
177.982	0.448456	1.08698
177.875	0.448976	1.08824
177.764	0.448576	1.08727
177.656	0.448596	1.08732
177.547	0.449012	1.08833
177.439	0.448393	1.08683
177.33	0.448545	1.0872
177.221	0.44854	1.08718
177.113	0.448159	1.08626
177.006	0.448383	1.0868
176.899	0.448289	1.08658
176.792	0.448144	1.08623
176.683	0.44818	1.08631
176.576	0.447983	1.08584
176.469	0.44792	1.08568
176.358	0.447843	1.08549
176.252	0.448185	1.08633
176.147	0.447796	1.08538
176.037	0.447526	1.08473
175.933	0.447738	1.08524
175.823	0.44777	1.08532
175.715	0.447692	1.08513
175.608	0.447385	1.08439
175.5	0.447614	1.08494
175.393	0.447692	1.08513
175.282	0.447562	1.08482
175.173	0.447422	1.08447
175.066	0.446975	1.08339
174.958	0.447022	1.0835
174.85	0.447053	1.08358
174.741	0.446958	1.08335
174.635	0.44659	1.08246
174.524	0.446912	1.08324
174.417	0.446657	1.08262
174.309	0.446818	1.08301
174.201	0.446418	1.08204
174.091	0.446548	1.08236
173.984	0.446402	1.082
173.875	0.446559	1.08238
173.767	0.446621	1.08253
173.659	0.446299	1.08175
173.552	0.446256	1.08165
173.443	0.446247	1.08163
173.335	0.446132	1.08135
173.227	0.446143	1.08137
173.12	0.445992	1.08101
173.014	0.44594	1.08088
172.906	0.445961	1.08093
172.799	0.445711	1.08033
172.69	0.445857	1.08068
172.583	0.44595	1.08091
172.477	0.44594	1.08088
172.369	0.445524	1.07988
172.261	0.445477	1.07976
172.153	0.445622	1.08011
172.044	0.445248	1.07921
171.938	0.445321	1.07938
171.832	0.445223	1.07914
171.722	0.445306	1.07935
171.615	0.445165	1.079
171.506	0.445192	1.07907
171.399	0.44502	1.07865
171.291	0.445264	1.07924
171.183	0.445067	1.07877
171.074	0.445015	1.07864
170.966	0.444807	1.07814
170.853	0.445082	1.0788
170.75	0.444614	1.07767
170.643	0.444744	1.07798
170.536	0.444714	1.07791
170.427	0.444375	1.07709
170.317	0.444516	1.07743
170.209	0.444433	1.07723
170.1	0.444547	1.07751
169.989	0.4445	1.07739
169.882	0.44424	1.07676
169.776	0.444214	1.0767
169.668	0.444074	1.07636
169.56	0.444219	1.07671
169.453	0.444235	1.07675
169.344	0.443813	1.07573
169.237	0.443991	1.07616
169.129	0.443762	1.07561
169.021	0.443861	1.07584
168.912	0.443767	1.07562
168.805	0.443725	1.07551
168.697	0.443419	1.07477
168.588	0.443854	1.07583
168.478	0.443845	1.07581
168.371	0.443227	1.07431
168.261	0.443522	1.07502
168.153	0.443283	1.07444
168.044	0.443278	1.07443
167.936	0.443216	1.07428
167.828	0.44308	1.07395
167.72	0.443159	1.07414
167.613	0.443054	1.07389
167.507	0.443257	1.07438
167.4	0.443116	1.07404
167.292	0.442925	1.07358
167.186	0.442831	1.07335
167.077	0.442883	1.07347
166.97	0.442862	1.07342
166.863	0.442717	1.07307
166.754	0.44241	1.07233
166.645	0.442462	1.07245
166.536	0.442514	1.07258
166.429	0.442675	1.07297
166.32	0.442327	1.07213
166.214	0.442378	1.07225
166.103	0.442447	1.07242
165.993	0.442196	1.07181
165.885	0.442176	1.07176
165.774	0.442254	1.07195
165.666	0.442061	1.07148
165.559	0.441994	1.07132
165.45	0.442129	1.07165
165.339	0.441588	1.07034
165.23	0.44176	1.07075
165.12	0.442014	1.07137
165.011	0.441828	1.07092
164.902	0.441682	1.07056
164.794	0.441906	1.07111
164.685	0.441656	1.0705
164.578	0.441651	1.07049
164.466	0.441448	1.07
164.358	0.441652	1.07049
164.252	0.441339	1.06973
164.145	0.441469	1.07005
164.039	0.441443	1.06998
163.929	0.441131	1.06923
163.821	0.441485	1.07008
163.71	0.441313	1.06967
163.603	0.441001	1.06891
163.495	0.440907	1.06868
163.388	0.440959	1.06881
163.281	0.440607	1.06796
163.173	0.440762	1.06833
163.066	0.440611	1.06797
162.958	0.440907	1.06868
162.851	0.440715	1.06822
162.744	0.440398	1.06745
162.637	0.44059	1.06792
162.53	0.440278	1.06716
162.421	0.440538	1.06779
162.314	0.440336	1.0673
162.204	0.440434	1.06754
162.098	0.440487	1.06766
161.99	0.440486	1.06766
161.881	0.440122	1.06678
161.774	0.440013	1.06652
161.666	0.440236	1.06706
161.559	0.440101	1.06673
161.451	0.44021	1.06699
161.343	0.440081	1.06668
161.234	0.440008	1.06651
161.129	0.439997	1.06648
161.02	0.43979	1.06598
160.913	0.440013	1.06652
160.805	0.43954	1.06537
160.697	0.440024	1.06654
160.589	0.439836	1.06609
160.482	0.439691	1.06574
160.372	0.439567	1.06544
160.263	0.439447	1.06515
160.155	0.439519	1.06532
160.048	0.439359	1.06493
159.94	0.439395	1.06502
159.832	0.439291	1.06477
159.725	0.439274	1.06473
159.617	0.439192	1.06453
159.509	0.439338	1.06488
159.401	0.439166	1.06446
159.293	0.439093	1.06429
159.186	0.438968	1.06398
159.076	0.439026	1.06412
158.969	0.438817	1.06362
158.86	0.438911	1.06385
158.752	0.438739	1.06343
158.645	0.438781	1.06353
158.538	0.438693	1.06332
158.429	0.438547	1.06297
158.32	0.438635	1.06318
158.212	0.438365	1.06252
158.103	0.438495	1.06284
157.996	0.438387	1.06258
157.889	0.438615	1.06313
157.782	0.438573	1.06303
157.674	0.438308	1.06239
157.565	0.438433	1.06269
157.457	0.438018	1.06168
157.349	0.438298	1.06236
157.241	0.438043	1.06174
157.133	0.437981	1.06159
157.027	0.438287	1.06233
156.918	0.437903	1.0614
156.81	0.437736	1.061
156.702	0.437985	1.0616
156.593	0.437741	1.06101
156.485	0.437669	1.06084
156.38	0.437694	1.0609
156.268	0.437621	1.06072
156.161	0.437804	1.06116
156.054	0.437538	1.06052
155.946	0.437435	1.06027
155.837	0.437356	1.06008
155.731	0.437393	1.06017
155.623	0.437388	1.06016
155.513	0.437585	1.06063
155.407	0.437112	1.05949
155.299	0.43719	1.05967
155.19	0.437201	1.0597
155.081	0.436925	1.05903
154.975	0.437097	1.05945
154.869	0.43718	1.05965
154.762	0.437134	1.05954
154.655	0.436967	1.05913
154.548	0.436884	1.05893
154.44	0.4372	1.0597
154.331	0.436951	1.0591
154.224	0.436686	1.05845
154.116	0.436785	1.05869
154.008	0.436499	1.058
153.899	0.436785	1.05869
153.792	0.436655	1.05838
153.685	0.436541	1.0581
153.578	0.436354	1.05765
153.471	0.436389	1.05773
153.362	0.436515	1.05804
153.255	0.43679	1.0587
153.148	0.436624	1.0583
153.04	0.436011	1.05682
152.934	0.436369	1.05768
152.825	0.436374	1.0577
152.716	0.436234	1.05736
152.61	0.436296	1.05751
152.504	0.436239	1.05737
152.395	0.436036	1.05688
152.288	0.435953	1.05668
152.18	0.43588	1.0565
152.075	0.435943	1.05665
151.966	0.43602	1.05684
151.858	0.435698	1.05606
151.752	0.435947	1.05666
151.647	0.436	1.05679
151.54	0.435672	1.056
151.432	0.435626	1.05588
151.325	0.435761	1.05621
151.216	0.435376	1.05528
151.108	0.435604	1.05583
151	0.435505	1.05559
150.893	0.435517	1.05562
150.783	0.435641	1.05592
150.675	0.435345	1.0552
150.567	0.435309	1.05511
150.46	0.435396	1.05533
150.353	0.435085	1.05457
150.246	0.435272	1.05503
150.137	0.434799	1.05388
150.03	0.43509	1.05458
149.922	0.435184	1.05481
149.815	0.435132	1.05469
149.71	0.434862	1.05403
149.601	0.435058	1.05451
149.493	0.434841	1.05398
149.388	0.434648	1.05351
149.28	0.434706	1.05365
149.172	0.434805	1.05389
149.065	0.434607	1.05341
148.958	0.434846	1.05399
148.851	0.434684	1.0536
148.742	0.434576	1.05334
148.633	0.434586	1.05336
148.527	0.43456	1.0533
148.417	0.434358	1.05281
148.309	0.434508	1.05317
148.204	0.434518	1.0532
148.097	0.434228	1.05249
147.991	0.434326	1.05273
147.884	0.434243	1.05253
147.777	0.43431	1.05269
147.668	0.43443	1.05298
147.563	0.434264	1.05258
147.455	0.434212	1.05246
147.348	0.433967	1.05186
147.242	0.433947	1.05181
147.133	0.434108	1.0522
147.024	0.4339	1.0517
146.918	0.433946	1.05181
146.811	0.433952	1.05183
146.703	0.43403	1.05202
146.598	0.433822	1.05151
146.49	0.433755	1.05135
146.382	0.433609	1.05099
146.274	0.433702	1.05122
146.167	0.43362	1.05102
146.061	0.433473	1.05067
145.954	0.43351	1.05076
145.847	0.433739	1.05131
145.74	0.43353	1.0508
145.633	0.433359	1.05039
145.526	0.43338	1.05044
145.418	0.433391	1.05047
145.311	0.433192	1.04999
145.202	0.433156	1.0499
145.094	0.433078	1.04971
144.986	0.432922	1.04933
144.88	0.433167	1.04992
144.772	0.433136	1.04985
144.663	0.432881	1.04923
144.554	0.433072	1.04969
144.448	0.432767	1.04895
144.341	0.432906	1.04929
144.233	0.432964	1.04943
144.127	0.433162	1.04991
144.019	0.432693	1.04878
143.912	0.432891	1.04925
143.806	0.432715	1.04883
143.697	0.432793	1.04902
143.59	0.43286	1.04918
143.485	0.432776	1.04898
143.376	0.432589	1.04852
143.27	0.432584	1.04851
143.162	0.432376	1.04801
143.054	0.43233	1.04789
142.947	0.43234	1.04792
142.84	0.432538	1.0484
142.733	0.432345	1.04793
142.625	0.432471	1.04824
142.518	0.432283	1.04778
142.411	0.432773	1.04897
142.303	0.432549	1.04842
142.196	0.432195	1.04757
142.088	0.432039	1.04719
141.981	0.43219	1.04755
141.873	0.432111	1.04737
141.763	0.431925	1.04691
141.656	0.431805	1.04662
141.548	0.43219	1.04756
141.44	0.432116	1.04738
141.333	0.432003	1.0471
141.227	0.431857	1.04675
141.119	0.43144	1.04574
141.012	0.431992	1.04708
140.905	0.431971	1.04702
140.798	0.4313	1.0454
140.691	0.431457	1.04578
140.583	0.431503	1.04589
140.475	0.43155	1.046
140.365	0.431446	1.04575
140.26	0.431644	1.04623
140.151	0.431597	1.04612
140.043	0.431378	1.04559
139.935	0.431311	1.04542
139.829	0.431285	1.04536
139.724	0.431243	1.04526
139.615	0.43129	1.04537
139.507	0.431207	1.04517
139.401	0.431306	1.04541
139.294	0.430957	1.04457
139.186	0.430972	1.0446
139.078	0.431238	1.04525
138.969	0.430916	1.04447
138.862	0.431139	1.04501
138.754	0.430952	1.04456
138.645	0.430812	1.04422
138.539	0.43089	1.0444
138.43	0.431067	1.04483
138.323	0.430765	1.0441
138.214	0.430589	1.04367
138.106	0.43052	1.04351
137.998	0.430583	1.04366
137.889	0.430563	1.04361
137.782	0.430786	1.04415
137.674	0.430468	1.04338
137.566	0.430662	1.04385
137.458	0.430515	1.0435
137.35	0.43051	1.04348
137.243	0.430657	1.04384
137.136	0.430385	1.04318
137.025	0.430317	1.04302
136.917	0.43025	1.04285
136.81	0.430017	1.04229
136.702	0.430126	1.04255
136.594	0.430146	1.0426
136.487	0.430063	1.0424
136.377	0.430116	1.04253
136.269	0.43009	1.04246
136.161	0.429996	1.04224
136.054	0.430001	1.04225
135.946	0.430277	1.04292
135.838	0.430048	1.04236
135.732	0.429752	1.04165
135.626	0.429699	1.04152
135.52	0.429908	1.04202
135.412	0.429725	1.04158
135.304	0.429679	1.04147
135.196	0.42959	1.04125
135.089	0.429559	1.04118
134.981	0.429752	1.04165
134.871	0.429487	1.041
134.762	0.429456	1.04093
134.657	0.429487	1.041
134.548	0.429725	1.04158
134.44	0.42958	1.04123
134.335	0.42943	1.04086
134.227	0.42921	1.04033
134.119	0.429461	1.04094
134.011	0.429159	1.04021
133.904	0.42957	1.0412
133.798	0.429039	1.03992
133.691	0.429221	1.04036
133.583	0.429122	1.04012
133.474	0.429273	1.04048
133.367	0.429226	1.04037
133.258	0.428888	1.03955
133.149	0.429029	1.03989
133.041	0.429226	1.04037
132.933	0.428868	1.0395
132.827	0.428977	1.03977
132.716	0.428904	1.03959
132.609	0.428831	1.03941
132.501	0.428742	1.0392
132.393	0.428862	1.03949
132.287	0.428998	1.03982
132.18	0.42907	1.03999
132.071	0.428669	1.03902
131.964	0.428758	1.03924
131.857	0.428711	1.03912
131.749	0.428629	1.03892
131.642	0.4288	1.03934
131.534	0.42841	1.03839
131.426	0.428685	1.03906
131.319	0.428337	1.03822
131.21	0.428264	1.03804
131.105	0.428369	1.03829
130.998	0.428196	1.03788
130.892	0.428416	1.03841
130.785	0.428342	1.03823
130.677	0.428208	1.0379
130.572	0.428046	1.03751
130.464	0.428519	1.03866
130.357	0.427807	1.03693
130.249	0.42829	1.0381
130.142	0.428326	1.03819
130.036	0.42813	1.03771
129.928	0.428118	1.03769
129.821	0.427833	1.03699
129.713	0.428109	1.03766
129.605	0.427833	1.037
129.498	0.427916	1.0372
129.39	0.427781	1.03687
129.282	0.42788	1.03711
129.174	0.427984	1.03736
129.065	0.427901	1.03716
128.959	0.427609	1.03645
128.852	0.427666	1.03659
128.744	0.42791	1.03718
128.637	0.427666	1.03659
128.531	0.427687	1.03664
128.424	0.427557	1.03633
128.317	0.427682	1.03663
128.209	0.427401	1.03595
128.102	0.427537	1.03628
127.996	0.427557	1.03633
127.889	0.427537	1.03628
127.78	0.427578	1.03638
127.15	0.427428	1.03601
127.042	0.427235	1.03555
126.934	0.427255	1.03559
126.827	0.427178	1.03541
126.722	0.427043	1.03508
126.613	0.427183	1.03542
126.508	0.426819	1.03454
126.401	0.427162	1.03537
126.293	0.426913	1.03476
126.185	0.42685	1.03461
126.079	0.427084	1.03518
125.974	0.426871	1.03466
125.868	0.427105	1.03523
125.761	0.426725	1.03431
125.654	0.426762	1.0344
125.549	0.426762	1.0344
125.442	0.426778	1.03444
125.335	0.426799	1.03449
125.23	0.426928	1.0348
125.123	0.426777	1.03444
125.015	0.426824	1.03455
124.909	0.426902	1.03474
124.803	0.426398	1.03352
124.695	0.426558	1.03391
124.59	0.426579	1.03396
124.483	0.426741	1.03435
124.376	0.426585	1.03397
124.269	0.426372	1.03345
124.163	0.426434	1.0336
124.058	0.426461	1.03367
123.95	0.426538	1.03386
123.843	0.42646	1.03367
123.736	0.426455	1.03366
123.629	0.426543	1.03387
123.521	0.426325	1.03334
123.415	0.426237	1.03313
123.307	0.426185	1.033
123.201	0.426299	1.03328
123.093	0.426352	1.0334
122.987	0.426143	1.0329
122.879	0.426139	1.03289
122.77	0.425951	1.03243
122.665	0.425982	1.03251
122.558	0.426029	1.03262
122.451	0.426107	1.03281
122.344	0.426019	1.0326
122.239	0.425951	1.03243
122.131	0.426263	1.03319
122.025	0.426023	1.03261
121.918	0.425634	1.03166
121.812	0.425768	1.03199
121.706	0.425712	1.03185
121.6	0.425779	1.03202
121.493	0.425696	1.03182
121.387	0.42552	1.03139
121.28	0.425535	1.03142
121.174	0.425399	1.0311
121.067	0.425623	1.03164
120.96	0.425441	1.0312
120.854	0.425629	1.03165
120.748	0.425576	1.03152
120.64	0.425665	1.03174
120.532	0.42554	1.03144
120.425	0.42527	1.03078
120.318	0.425545	1.03145
120.211	0.425639	1.03168
120.104	0.425701	1.03183
119.999	0.42503	1.0302
119.891	0.425395	1.03108
119.784	0.425	1.03013
119.677	0.424906	1.0299
119.572	0.425342	1.03096
119.466	0.425011	1.03015
119.359	0.424984	1.03009
119.252	0.425145	1.03048
119.146	0.425177	1.03056
119.039	0.424969	1.03005
118.933	0.424984	1.03009
118.826	0.425187	1.03058
118.719	0.42527	1.03078
118.609	0.424527	1.02898
118.504	0.42486	1.02979
118.397	0.424692	1.02938
118.291	0.424875	1.02983
118.183	0.424953	1.03002
118.076	0.424575	1.0291
117.969	0.424755	1.02953
117.862	0.424781	1.0296
117.755	0.424819	1.02969
117.65	0.424703	1.02941
117.541	0.424855	1.02978
117.435	0.424553	1.02905
117.328	0.424496	1.02891
117.222	0.425015	1.03017
117.115	0.424808	1.02966
117.008	0.424527	1.02898
116.902	0.42449	1.02889
116.796	0.424631	1.02924
116.69	0.424631	1.02923
116.583	0.424304	1.02844
116.478	0.424589	1.02913
116.371	0.424486	1.02888
116.264	0.424278	1.02838
116.157	0.424226	1.02825
116.049	0.424339	1.02853
115.943	0.42432	1.02848
115.836	0.424184	1.02815
115.73	0.424121	1.028
115.623	0.424377	1.02862
115.518	0.424272	1.02836
115.41	0.424189	1.02816
115.303	0.424335	1.02852
115.197	0.423992	1.02768
115.09	0.423846	1.02733
114.983	0.42382	1.02727
114.874	0.424372	1.02861
114.767	0.424127	1.02801
114.661	0.424355	1.02857
114.552	0.423811	1.02725
114.446	0.423826	1.02728
114.34	0.42381	1.02724
114.231	0.423898	1.02746
114.124	0.423805	1.02723
114.016	0.42408	1.0279
113.908	0.423618	1.02678
113.802	0.423836	1.02731
113.694	0.423888	1.02743
113.588	0.423613	1.02677
113.48	0.423919	1.02751
113.372	0.423831	1.02729
113.266	0.423747	1.02709
113.159	0.423779	1.02717
113.052	0.423493	1.02648
112.945	0.423758	1.02712
112.838	0.423597	1.02673
112.73	0.423414	1.02628
112.623	0.423472	1.02643
112.514	0.423534	1.02657
112.406	0.423617	1.02678
112.297	0.423426	1.02631
112.19	0.423341	1.02611
112.082	0.423233	1.02584
111.975	0.423259	1.02591
111.867	0.423343	1.02611
111.76	0.423264	1.02592
111.651	0.423207	1.02578
111.545	0.423404	1.02626
111.438	0.423347	1.02612
111.331	0.423316	1.02605
111.222	0.423061	1.02543
111.115	0.42343	1.02632
111.007	0.42303	1.02535
110.9	0.42315	1.02564
110.793	0.423284	1.02597
110.684	0.423232	1.02584
110.577	0.423165	1.02568
110.469	0.423232	1.02584
110.362	0.422957	1.02518
110.255	0.423066	1.02544
110.147	0.423123	1.02558
110.039	0.422858	1.02494
109.931	0.422858	1.02494
109.826	0.422774	1.02473
109.719	0.422754	1.02468
109.612	0.422858	1.02494
109.507	0.422936	1.02513
109.4	0.422624	1.02437
109.291	0.422904	1.02505
109.184	0.422765	1.02471
109.076	0.422712	1.02458
108.971	0.422936	1.02513
108.862	0.422728	1.02462
108.754	0.422676	1.0245
108.646	0.422884	1.025
108.54	0.422624	1.02437
108.434	0.422535	1.02415
108.329	0.422848	1.02491
108.222	0.422426	1.02389
108.117	0.422609	1.02433
108.006	0.422474	1.024
107.905	0.42225	1.02346
107.794	0.42249	1.02404
107.689	0.422183	1.0233
107.582	0.422333	1.02366
107.476	0.422552	1.0242
107.371	0.422365	1.02374
107.263	0.422442	1.02393
107.156	0.42265	1.02443
107.05	0.422421	1.02388
106.942	0.422099	1.0231
106.834	0.422037	1.02295
106.728	0.422121	1.02315
106.623	0.421917	1.02266
106.515	0.422173	1.02328
106.409	0.422043	1.02296
106.3	0.422016	1.0229
106.195	0.421767	1.02229
106.088	0.422244	1.02345
105.985	0.421969	1.02278
105.885	0.422198	1.02334
105.771	0.421788	1.02234
105.662	0.422251	1.02346
105.558	0.421745	1.02224
105.451	0.422074	1.02304
105.346	0.422094	1.02308
105.245	0.421969	1.02278
105.139	0.421954	1.02275
105.036	0.422052	1.02298
104.927	0.421761	1.02228
104.821	0.421829	1.02244
104.716	0.42197	1.02278
104.611	0.421876	1.02256
104.504	0.4216	1.02189
104.397	0.421679	1.02208
104.291	0.42199	1.02283
104.187	0.421637	1.02198
104.082	0.421788	1.02234
103.98	0.421553	1.02177
103.876	0.421408	1.02142
103.77	0.422068	1.02302
103.667	0.421496	1.02164
103.561	0.42159	1.02186
103.454	0.421802	1.02238
103.35	0.421715	1.02217
103.242	0.421497	1.02164
103.138	0.421615	1.02192
103.029	0.421476	1.02159
102.927	0.421584	1.02185
102.823	0.421319	1.02121
102.718	0.421356	1.0213
102.611	0.421485	1.02161
102.507	0.421491	1.02162
102.403	0.421438	1.0215
102.299	0.421288	1.02113
102.195	0.421594	1.02187
102.088	0.421288	1.02113
101.984	0.42147	1.02157
101.879	0.421392	1.02138
101.775	0.421283	1.02112
101.67	0.421096	1.02066
101.566	0.421407	1.02142
101.459	0.421293	1.02114
101.354	0.421002	1.02044
101.249	0.421028	1.0205
101.144	0.421007	1.02045
101.039	0.421152	1.0208
100.936	0.420935	1.02027
100.83	0.420929	1.02026
100.725	0.421079	1.02062
100.62	0.421267	1.02108
100.517	0.42093	1.02026
100.413	0.420971	1.02036
100.309	0.420965	1.02035
100.207	0.42083	1.02002
100.102	0.420763	1.01986
99.9976	0.420617	1.01951
99.8942	0.421013	1.02046
99.7871	0.420825	1.02001
99.6818	0.42096	1.02033
99.5786	0.42097	1.02036
99.4723	0.420903	1.0202
99.3702	0.420919	1.02024
99.2648	0.420758	1.01985
99.1638	0.420705	1.01972
99.0584	0.420763	1.01986
98.9558	0.420768	1.01987
98.8504	0.420898	1.02018
98.7458	0.420596	1.01945
98.6435	0.420637	1.01955
98.541	0.420503	1.01923
98.4371	0.42082	1.02
98.3349	0.420659	1.01961
98.2309	0.420539	1.01932
98.1263	0.42069	1.01968
98.023	0.420856	1.02008
97.9174	0.420565	1.01938
97.8138	0.420352	1.01886
97.7125	0.420591	1.01944
97.6097	0.420549	1.01934
97.5054	0.420341	1.01884
97.4009	0.420658	1.0196
97.2968	0.420898	1.02019
97.1936	0.420388	1.01895
97.0924	0.420747	1.01982
96.9882	0.420508	1.01924
96.8842	0.420373	1.01891
96.7801	0.42044	1.01908
96.6765	0.420477	1.01916
96.5762	0.420466	1.01914
96.4744	0.420171	1.01842
96.3738	0.41991	1.01779
96.2666	0.420337	1.01882
96.1632	0.420139	1.01835
96.0579	0.420108	1.01827
95.954	0.420123	1.01831
95.8516	0.420306	1.01875
95.7485	0.420263	1.01865
95.6429	0.420108	1.01827
95.5403	0.419993	1.01799
95.4346	0.420326	1.0188
95.3337	0.420004	1.01802
95.2313	0.420175	1.01843
95.1291	0.420113	1.01828
95.0284	0.420248	1.01861
94.9275	0.420144	1.01836
94.8236	0.420155	1.01838
94.721	0.419692	1.01726
94.6195	0.420274	1.01867
94.5158	0.41991	1.01779
94.4132	0.419728	1.01735
94.3114	0.419837	1.01761
94.2074	0.420014	1.01804
94.1028	0.419926	1.01783
94	0.419931	1.01784
93.8953	0.419827	1.01759
93.7928	0.419854	1.01765
93.6923	0.42004	1.01811
93.5905	0.419909	1.01779
93.4891	0.419925	1.01783
93.3838	0.419776	1.01747
93.2817	0.41991	1.01779
93.1778	0.419739	1.01738
93.074	0.419779	1.01747
92.9716	0.419743	1.01739
92.8688	0.419733	1.01736
92.7652	0.419883	1.01773
92.6629	0.41951	1.01682
92.5591	0.419848	1.01764
92.4559	0.419847	1.01764
92.3509	0.419754	1.01741
92.2483	0.419744	1.01739
92.1461	0.419525	1.01686
92.044	0.419494	1.01678
91.9398	0.419873	1.0177
91.8348	0.419644	1.01715
91.7323	0.419339	1.01641
91.6304	0.419546	1.01691
91.5271	0.419681	1.01724
91.4258	0.419733	1.01736
91.3234	0.419562	1.01695
91.2201	0.419713	1.01731
91.1172	0.419411	1.01658
91.0143	0.419422	1.01661
90.9115	0.419437	1.01665
90.8075	0.419702	1.01729
90.7047	0.419426	1.01662
90.602	0.419463	1.01671
90.4985	0.419536	1.01688
90.3937	0.419484	1.01676
90.2919	0.419364	1.01647
90.1884	0.419026	1.01565
90.0842	0.419119	1.01587
89.9807	0.419379	1.0165
89.8781	0.419437	1.01664
89.7732	0.419307	1.01633
89.6696	0.41927	1.01624
89.5666	0.418922	1.0154
89.463	0.41926	1.01622
89.3595	0.41926	1.01622
89.2573	0.41912	1.01588
89.1527	0.419208	1.01609
89.0496	0.419145	1.01594
88.948	0.419146	1.01594
88.8437	0.419047	1.0157
88.7401	0.419353	1.01644
88.6363	0.419079	1.01578
88.5349	0.41912	1.01588
88.4317	0.419156	1.01596
88.3293	0.419114	1.01586
88.2245	0.41925	1.01619
88.1217	0.418876	1.01528
88.019	0.419015	1.01562
87.9184	0.418938	1.01543
87.8133	0.419177	1.01601
87.7092	0.418995	1.01557
87.6046	0.419291	1.01629
87.5006	0.419016	1.01562
87.3975	0.419089	1.0158
87.2965	0.418828	1.01517
87.1934	0.418922	1.0154
87.0898	0.418756	1.01499
86.9871	0.419109	1.01585
86.8834	0.418902	1.01535
86.7788	0.41862	1.01466
86.6766	0.419005	1.0156
86.5745	0.418969	1.01551
86.4702	0.418579	1.01457
86.3675	0.418725	1.01492
86.2642	0.418678	1.0148
86.1632	0.418413	1.01416
86.0601	0.418714	1.01489
85.9557	0.418735	1.01494
85.8532	0.418683	1.01482
85.7506	0.418787	1.01507
85.6471	0.418699	1.01486
85.5435	0.418501	1.01438
85.4398	0.418615	1.01465
85.3377	0.418876	1.01528
85.2339	0.418667	1.01478
85.1329	0.418298	1.01388
85.0289	0.418605	1.01463
84.9269	0.418465	1.01429
84.823	0.418459	1.01427
84.718	0.418423	1.01419
84.6154	0.418355	1.01402
84.5121	0.418594	1.0146
84.41	0.418392	1.01411
84.3071	0.418303	1.0139
84.2046	0.418506	1.01439
84.1001	0.418407	1.01415
83.9964	0.418454	1.01426
83.8916	0.418309	1.01391
83.7889	0.418309	1.01391
83.6869	0.418407	1.01415
83.5828	0.418251	1.01377
83.4794	0.418392	1.01411
83.3769	0.418371	1.01406
83.2742	0.418199	1.01364
83.1711	0.418564	1.01453
83.0671	0.417913	1.01295
82.9648	0.418189	1.01362
82.8622	0.418142	1.01351
82.7594	0.418246	1.01376
82.6563	0.418256	1.01378
82.5537	0.418428	1.0142
82.449	0.418204	1.01366
82.3468	0.418116	1.01344
82.2455	0.418017	1.0132
82.1423	0.418049	1.01328
82.0399	0.418059	1.01331
81.9362	0.418261	1.01379
81.8329	0.418111	1.01343
81.7296	0.418189	1.01362
81.6262	0.418189	1.01362
81.5245	0.418001	1.01316
81.4219	0.418256	1.01378
81.317	0.418215	1.01368
81.2139	0.418141	1.0135
81.1129	0.417971	1.01309
81.0102	0.418137	1.01349
80.9057	0.41797	1.01309
80.8032	0.417966	1.01308
80.7014	0.418038	1.01325
80.5994	0.417976	1.0131
80.4957	0.417924	1.01298
80.3935	0.417913	1.01295
80.2897	0.417831	1.01275
80.187	0.417945	1.01303
80.0829	0.417981	1.01312
79.9784	0.41783	1.01275
79.8751	0.417961	1.01307
79.7726	0.417908	1.01294
79.6689	0.417799	1.01267
79.5658	0.417768	1.0126
79.463	0.417591	1.01217
79.359	0.417976	1.0131
79.2562	0.418028	1.01323
79.1551	0.41797	1.01309
79.0528	0.417877	1.01286
78.9499	0.417742	1.01254
78.8481	0.417336	1.01155
78.7467	0.417695	1.01242
78.6431	0.41782	1.01272
78.5417	0.417663	1.01235
78.4385	0.417445	1.01182
78.3345	0.417612	1.01222
78.2314	0.417518	1.01199
78.1272	0.417783	1.01264
78.0217	0.417362	1.01162
77.9202	0.41782	1.01272
77.8164	0.417752	1.01256
77.7137	0.417741	1.01253
77.6111	0.417684	1.0124
77.5106	0.417513	1.01198
77.4065	0.417497	1.01194
77.3017	0.417424	1.01177
77.1995	0.417476	1.01189
77.0965	0.41742	1.01176
76.9941	0.417591	1.01217
76.8898	0.417383	1.01167
76.7884	0.41783	1.01275
76.6844	0.417482	1.01191
76.5815	0.41755	1.01207
76.4785	0.417617	1.01223
76.3748	0.417507	1.01197
76.2705	0.417388	1.01168
76.1686	0.417471	1.01188
76.0649	0.417482	1.0119
75.9616	0.417482	1.01191
75.8579	0.417612	1.01222
75.7544	0.41744	1.0118
75.6521	0.417466	1.01187
75.5478	0.417201	1.01123
75.4466	0.417576	1.01213
75.3439	0.417279	1.01141
75.2404	0.417471	1.01188
75.1367	0.417342	1.01157
75.0343	0.417264	1.01138
74.93	0.417456	1.01184
74.8277	0.417175	1.01116
74.7246	0.417332	1.01154
74.6219	0.417243	1.01133
74.5194	0.4174	1.01171
74.417	0.417145	1.01109
74.3143	0.417228	1.01129
74.2109	0.417389	1.01168
74.107	0.41744	1.0118
74.0041	0.4173	1.01146
73.9005	0.417176	1.01116
73.798	0.417145	1.01109
73.694	0.417212	1.01125
73.5913	0.417081	1.01093
73.4879	0.41703	1.01081
73.386	0.416982	1.0107
73.2827	0.417373	1.01164
73.1802	0.416885	1.01046
73.0769	0.41704	1.01084
72.9744	0.416916	1.01053
72.8722	0.417083	1.01094
72.7699	0.417103	1.01099
72.6656	0.416911	1.01052
72.5609	0.416947	1.01061
72.458	0.416858	1.01039
72.3529	0.417072	1.01091
72.2511	0.416921	1.01055
72.1498	0.4169	1.0105
72.0461	0.416807	1.01027
71.9444	0.416977	1.01068
71.8423	0.416978	1.01068
71.7395	0.416636	1.00985
71.6368	0.416807	1.01027
71.534	0.416994	1.01072
71.4304	0.416822	1.01031
71.327	0.416983	1.0107
71.2245	0.416879	1.01044
71.1206	0.416811	1.01028
71.019	0.416681	1.00996
70.9145	0.416656	1.0099
70.8102	0.416973	1.01067
70.7077	0.416999	1.01074
70.6042	0.416697	1.01
70.4992	0.416859	1.0104
70.3967	0.416827	1.01032
70.2923	0.41664	1.00986
70.1903	0.416561	1.00967
70.0885	0.416566	1.00969
69.9848	0.41651	1.00955
69.8836	0.416769	1.01018
69.7793	0.416509	1.00955
69.6761	0.416541	1.00963
69.5738	0.416817	1.01029
69.4724	0.416962	1.01065
69.3684	0.416588	1.00974
69.2648	0.416708	1.01003
69.1623	0.416739	1.0101
69.059	0.416526	1.00959
68.9556	0.416848	1.01037
68.8528	0.416604	1.00978
68.7491	0.41662	1.00982
68.6464	0.41638	1.00923
68.5423	0.41675	1.01013
68.4404	0.416791	1.01023
68.3356	0.41663	1.00984
68.2355	0.416494	1.00951
68.1342	0.416541	1.00962
68.0314	0.416713	1.01004
67.9272	0.416765	1.01017
67.8244	0.416629	1.00984
67.7204	0.416635	1.00985
67.6171	0.416261	1.00895
67.5129	0.416411	1.00931
67.4096	0.416531	1.0096
67.3044	0.41625	1.00892
67.2028	0.416343	1.00915
67.0991	0.416521	1.00958
66.9954	0.416432	1.00936
66.8918	0.416167	1.00872
66.7899	0.41651	1.00955
66.6869	0.416307	1.00906
66.5833	0.416515	1.00956
66.4796	0.41651	1.00955
66.3756	0.416655	1.0099
66.2731	0.416427	1.00935
66.1689	0.416703	1.01002
66.0662	0.416261	1.00895
65.9628	0.416166	1.00872
65.8591	0.416459	1.00943
65.7557	0.416412	1.00931
65.6529	0.416359	1.00918
65.551	0.416203	1.00881
65.4467	0.416375	1.00922
65.3445	0.416255	1.00893
65.2408	0.416119	1.0086
65.1364	0.416151	1.00868
65.034	0.416228	1.00887
64.9331	0.416208	1.00882
64.8292	0.416125	1.00862
64.7251	0.416167	1.00872
64.621	0.416386	1.00925
64.5179	0.416115	1.00859
64.4161	0.416287	1.00901
64.3119	0.416053	1.00844
64.2086	0.416152	1.00868
64.1055	0.415975	1.00825
64.0032	0.415824	1.00789
63.8993	0.415808	1.00785
63.794	0.416152	1.00868
63.692	0.416245	1.00891
63.5894	0.416063	1.00847
63.486	0.416037	1.0084
63.3831	0.41609	1.00853
63.2796	0.416255	1.00893
63.1755	0.41586	1.00797
63.0734	0.416302	1.00905
62.9706	0.416094	1.00854
62.8685	0.416219	1.00884
62.7649	0.416006	1.00833
62.6617	0.416005	1.00833
62.558	0.41611	1.00858
62.4539	0.415985	1.00828
62.3513	0.415913	1.0081
62.2486	0.415866	1.00799
62.1459	0.415855	1.00796
62.0423	0.415949	1.00819
61.9387	0.415979	1.00826
61.8344	0.415694	1.00757
61.7307	0.416038	1.0084
61.6269	0.416053	1.00844
61.5232	0.416401	1.00929
61.4209	0.41598	1.00827
61.3175	0.416141	1.00866
61.2135	0.416074	1.00849
61.1121	0.415891	1.00805
61.0091	0.415866	1.00799
60.9048	0.41609	1.00853
60.801	0.415408	1.00688
60.6966	0.415887	1.00804
60.592	0.415679	1.00753
60.4883	0.415923	1.00813
60.386	0.415768	1.00775
60.2815	0.415871	1.008
60.179	0.415491	1.00708
60.0754	0.415823	1.00789
59.9727	0.415606	1.00736
59.8683	0.415886	1.00804
59.7663	0.415902	1.00808
59.6623	0.41585	1.00795
59.5597	0.415689	1.00756
59.455	0.41572	1.00764
59.3529	0.415652	1.00747
59.249	0.415772	1.00776
59.1445	0.415907	1.00809
59.0414	0.415679	1.00754
58.9374	0.415657	1.00748
58.8342	0.415653	1.00747
58.7304	0.415767	1.00775
58.6255	0.415673	1.00752
58.5216	0.415549	1.00722
58.4177	0.415652	1.00747
58.3135	0.415642	1.00745
58.209	0.415575	1.00728
58.1059	0.415647	1.00746
58.0033	0.415642	1.00745
57.8997	0.415554	1.00723
57.7959	0.415678	1.00753
57.6911	0.415434	1.00694
57.5877	0.415622	1.0074
57.4836	0.415502	1.00711
57.3792	0.415679	1.00753
57.2758	0.415596	1.00733
57.1726	0.415476	1.00704
57.0692	0.415803	1.00784
56.9665	0.415554	1.00723
56.8635	0.415674	1.00752
56.7604	0.415491	1.00708
56.6575	0.415585	1.00731
56.5541	0.41546	1.00701
56.4504	0.415491	1.00708
56.3463	0.415377	1.0068
56.2425	0.415278	1.00656
56.1382	0.415684	1.00755
56.0344	0.41559	1.00732
55.9308	0.415481	1.00706
55.8272	0.41545	1.00698
55.7243	0.415637	1.00743
55.6206	0.415366	1.00678
55.5168	0.415206	1.00639
55.4133	0.415533	1.00718
55.3098	0.415195	1.00636
55.2054	0.415429	1.00693
55.1013	0.415414	1.00689
54.9971	0.415205	1.00639
54.8937	0.415341	1.00672
54.7898	0.415356	1.00675
54.6861	0.415403	1.00687
54.5822	0.415569	1.00727
54.4781	0.415278	1.00656
54.3747	0.415319	1.00666
54.2707	0.415065	1.00605
54.1671	0.415392	1.00684
54.063	0.41532	1.00666
53.9594	0.415595	1.00733
53.8553	0.415465	1.00702
53.7512	0.415283	1.00658
53.6474	0.415174	1.00631
53.5433	0.415211	1.0064
53.4401	0.415444	1.00697
53.3362	0.415237	1.00646
53.2323	0.415232	1.00645
53.1278	0.415331	1.00669
53.0242	0.415388	1.00683
52.9196	0.414904	1.00566
52.8165	0.415153	1.00626
52.7124	0.415482	1.00706
52.6088	0.415096	1.00612
52.5042	0.41506	1.00603
52.4006	0.415081	1.00609
52.2972	0.414868	1.00557
52.1928	0.414971	1.00582
52.0889	0.4152	1.00637
51.9836	0.415096	1.00612
51.8796	0.414992	1.00587
51.775	0.415034	1.00597
51.6713	0.415127	1.0062
51.5667	0.41519	1.00635
51.4631	0.415107	1.00615
51.3586	0.415117	1.00617
51.2538	0.415268	1.00654
51.1508	0.414946	1.00576
51.0468	0.415242	1.00648
50.943	0.415398	1.00685
50.8396	0.414955	1.00578
50.7346	0.414972	1.00582
50.6303	0.41519	1.00635
50.526	0.414956	1.00578
50.4209	0.415174	1.00631
50.3169	0.415076	1.00607
50.2123	0.414722	1.00522
50.1086	0.414785	1.00537
50.0043	0.414644	1.00503
49.8997	0.414733	1.00524
49.7948	0.414748	1.00528
49.69	0.414733	1.00524
49.5857	0.414909	1.00567
49.4821	0.414639	1.00501
49.3783	0.414888	1.00562
49.2737	0.41492	1.0057
49.169	0.414628	1.00499
49.0648	0.414696	1.00515
48.961	0.414738	1.00525
48.8567	0.414754	1.00529
48.7521	0.414805	1.00542
48.6484	0.414722	1.00522
48.543	0.414935	1.00573
48.4385	0.414769	1.00533
48.3353	0.414836	1.00549
48.2298	0.414576	1.00486
48.1258	0.414748	1.00528
48.0215	0.415039	1.00598
47.9178	0.414587	1.00489
47.8129	0.414566	1.00484
47.7077	0.414628	1.00499
47.6037	0.414681	1.00512
47.4999	0.414608	1.00494
47.3954	0.414836	1.00549
47.2898	0.414691	1.00514
47.1857	0.414618	1.00496
47.0813	0.414737	1.00525
46.9772	0.414806	1.00542
46.8721	0.414628	1.00499
46.7675	0.414457	1.00457
46.6632	0.414743	1.00527
46.5583	0.41441	1.00446
46.4536	0.414505	1.00469
46.3492	0.414811	1.00543
46.2445	0.414707	1.00518
46.1399	0.414488	1.00465
46.0354	0.414644	1.00503
45.9301	0.41453	1.00475
45.825	0.41479	1.00538
45.7197	0.41481	1.00543
45.615	0.41452	1.00473
45.5104	0.414473	1.00461
45.4053	0.414731	1.00524
45.2998	0.414607	1.00494
45.1949	0.414343	1.0043
45.0896	0.414717	1.0052
44.9849	0.41467	1.00509
44.8807	0.414394	1.00442
44.776	0.414483	1.00464
44.6721	0.414452	1.00456
44.5664	0.41443	1.00451
44.4613	0.414259	1.00409
44.3569	0.414686	1.00513
44.2518	0.41479	1.00538
44.1465	0.414395	1.00442
44.0421	0.414446	1.00455
43.9361	0.414472	1.00461
43.8314	0.414493	1.00466
43.7259	0.414493	1.00466
43.6208	0.414353	1.00432
43.5155	0.414581	1.00488
43.4104	0.414249	1.00407
43.3048	0.414754	1.00529
43.1998	0.414156	1.00384
43.0948	0.41468	1.00511
42.99	0.414405	1.00445
42.8843	0.414275	1.00413
42.7794	0.414571	1.00485
42.6739	0.41453	1.00475
42.569	0.414453	1.00456
42.4636	0.414243	1.00406
42.3591	0.41426	1.0041
42.2531	0.414524	1.00474
42.1482	0.414265	1.00411
42.0429	0.414592	1.0049
41.9373	0.414457	1.00457
41.8323	0.414582	1.00488
41.7266	0.414134	1.00379
41.6208	0.414119	1.00375
41.5151	0.414285	1.00416
41.4096	0.414281	1.00415
41.304	0.414322	1.00425
41.1989	0.414545	1.00479
41.0941	0.41455	1.0048
40.9881	0.414322	1.00425
40.8827	0.414529	1.00475
40.7771	0.4143	1.00419
40.6724	0.414062	1.00362
40.5674	0.414129	1.00378
40.4612	0.414269	1.00412
40.3558	0.413994	1.00345
40.25	0.41415	1.00383
40.1435	0.413915	1.00326
40.0382	0.414332	1.00427
39.932	0.414227	1.00402
39.8266	0.413801	1.00298
39.7198	0.41428	1.00414
39.6135	0.414114	1.00374
39.5074	0.414133	1.00379
39.4023	0.414129	1.00378
39.2975	0.414129	1.00378
39.1919	0.414248	1.00407
39.0859	0.414072	1.00364
38.9804	0.41415	1.00383
38.874	0.413946	1.00333
38.7679	0.414321	1.00425
38.6617	0.414041	1.00356
38.5553	0.414326	1.00426
38.4494	0.413812	1.00301
38.3435	0.414175	1.00389
38.2368	0.413947	1.00334
38.1298	0.413859	1.00312
38.0236	0.413864	1.00314
37.9176	0.414202	1.00395
37.8117	0.414061	1.00361
37.7049	0.414036	1.00355
37.5986	0.41403	1.00354
37.492	0.414046	1.00358
37.3854	0.414035	1.00355
37.2792	0.413973	1.0034
37.1726	0.414103	1.00372
37.0656	0.413952	1.00335
36.9594	0.413994	1.00345
36.8526	0.414024	1.00352
36.7457	0.413858	1.00312
36.6392	0.413993	1.00345
36.5316	0.413942	1.00332
36.4256	0.413884	1.00318
36.319	0.414004	1.00348
36.2114	0.413629	1.00257
36.1052	0.413687	1.00271
35.9989	0.414004	1.00348
35.8919	0.413775	1.00292
35.7852	0.413712	1.00277
35.6778	0.413842	1.00308
35.5707	0.413936	1.00331
35.4642	0.413692	1.00272
35.3575	0.413713	1.00277
35.251	0.413723	1.0028
35.1437	0.413885	1.00319
35.0364	0.413765	1.0029
34.9293	0.413344	1.00188
34.8218	0.413921	1.00327
34.7142	0.413775	1.00292
34.6063	0.413687	1.00271
34.4995	0.413854	1.00311
34.3931	0.413625	1.00256
34.2863	0.413712	1.00277
34.1785	0.413681	1.00269
34.0705	0.413734	1.00282
33.9635	0.413588	1.00247
33.8564	0.413495	1.00224
33.7483	0.413603	1.0025
33.6405	0.413796	1.00297
33.5326	0.413614	1.00253
33.4253	0.41362	1.00254
33.3167	0.413796	1.00297
33.2097	0.413645	1.00261
33.1022	0.413723	1.0028
32.9947	0.413692	1.00272
32.8865	0.413635	1.00258
32.7781	0.413562	1.0024
32.6703	0.413474	1.00219
32.5619	0.413692	1.00272
32.4536	0.413682	1.00269
32.3469	0.413541	1.00235
32.2381	0.413567	1.00242
32.1307	0.413525	1.00232
32.0221	0.413563	1.00241
31.9132	0.413646	1.00261
31.8043	0.413318	1.00181
31.6964	0.413723	1.0028
31.5878	0.413427	1.00208
31.4782	0.41378	1.00293
31.3702	0.413421	1.00206
31.2613	0.413474	1.00219
31.1528	0.413494	1.00224
31.0436	0.413671	1.00267
30.9344	0.413323	1.00183
30.8245	0.413453	1.00214
30.716	0.413562	1.0024
30.6066	0.413557	1.00239
30.4964	0.413193	1.00151
30.3864	0.413271	1.0017
30.2773	0.413432	1.00209
30.1683	0.41338	1.00196
30.0575	0.413505	1.00227
29.947	0.41326	1.00167
29.8382	0.413499	1.00225
29.7279	0.413365	1.00193
29.6186	0.413432	1.00209
29.5083	0.413225	1.00159
29.3981	0.413469	1.00218
29.2882	0.413547	1.00237
29.1772	0.413386	1.00198
29.0676	0.413396	1.002
28.9555	0.413245	1.00164
28.8444	0.413251	1.00165
28.7341	0.41311	1.00131
28.6237	0.413229	1.0016
28.5125	0.413396	1.002
28.4016	0.413256	1.00166
28.2909	0.413272	1.0017
28.1794	0.413172	1.00146
28.0693	0.413297	1.00176
27.9571	0.413323	1.00183
27.8464	0.413188	1.0015
27.7346	0.41311	1.00131
27.6231	0.413146	1.0014
27.5111	0.413229	1.0016
27.3992	0.413396	1.002
27.2867	0.413593	1.00248
27.1746	0.41325	1.00165
27.0641	0.413068	1.00121
26.9528	0.413121	1.00134
26.8412	0.413141	1.00138
26.7303	0.413069	1.00121
26.6168	0.413208	1.00155
26.5055	0.413292	1.00175
26.3927	0.413257	1.00166
26.279	0.413276	1.00171
26.1657	0.413047	1.00116
26.054	0.413125	1.00135
25.9402	0.412901	1.0008
25.8268	0.413136	1.00137
25.7132	0.413042	1.00115
25.601	0.413161	1.00143
25.4882	0.413339	1.00186
25.3749	0.413073	1.00122
25.2619	0.413135	1.00137
25.1482	0.413291	1.00175
25.0338	0.413245	1.00164
24.9199	0.413151	1.00141
24.8056	0.413182	1.00148
24.6895	0.413089	1.00126
24.5766	0.412928	1.00087
24.4624	0.412907	1.00082
24.3475	0.412989	1.00102
24.2336	0.413208	1.00155
24.12	0.412845	1.00067
24.0051	0.413115	1.00132
23.8881	0.413105	1.0013
23.7718	0.412964	1.00095
23.6554	0.413027	1.00111
23.5398	0.412866	1.00072
23.4242	0.413063	1.0012
23.3085	0.413047	1.00116
23.1914	0.413094	1.00127
23.0767	0.4126	1.00007
22.961	0.412871	1.00073
22.8436	0.412876	1.00074
22.7272	0.412824	1.00062
22.6086	0.412964	1.00096
22.4913	0.412813	1.00059
22.3737	0.413083	1.00124
22.2567	0.412731	1.00039
22.138	0.41284	1.00065
22.0195	0.412772	1.00049
21.8997	0.413079	1.00123
21.7833	0.412907	1.00082
21.6661	0.412818	1.0006
21.5477	0.412839	1.00065
21.4289	0.412824	1.00061
21.3085	0.412725	1.00037
21.1872	0.412974	1.00098
21.0682	0.41274	1.00041
20.9479	0.412824	1.00062
20.8267	0.41298	1.00099
20.706	0.412689	1.00029
20.5862	0.412808	1.00058
20.4645	0.41285	1.00068
20.3435	0.412772	1.00049
20.2217	0.412808	1.00058
20.0981	0.41297	1.00097
19.9762	0.412709	1.00034
19.8521	0.412938	1.00089
19.7289	0.412944	1.00091
19.6057	0.412913	1.00083
19.4825	0.412695	1.0003
19.3587	0.412908	1.00082
19.2337	0.412647	1.00019
19.1086	0.412824	1.00061
18.9845	0.412735	1.0004
18.8573	0.412933	1.00088
18.7315	0.413006	1.00106
18.6023	0.412668	1.00024
18.4758	0.41286	1.0007
18.3497	0.412533	0.99991
18.2218	0.412792	1.00054
18.0931	0.412782	1.00051
17.963	0.41271	1.00034
17.8358	0.412486	0.999797
17.7068	0.412922	1.00085
17.5816	0.412501	0.999834
17.4497	0.412699	1.00031
17.3211	0.412818	1.0006
17.192	0.412568	0.999996
17.0612	0.412631	1.00015
16.9311	0.412819	1.0006
16.7971	0.413032	1.00112
16.6658	0.413068	1.00121
16.5337	0.412668	1.00024
16.399	0.412891	1.00078
16.2646	0.412741	1.00041
16.1285	0.412912	1.00083
15.99	0.413032	1.00112
15.8456	0.412725	1.00037
15.7038	0.412673	1.00025
15.5576	0.412621	1.00012
15.4083	0.41297	1.00097
15.259	0.413017	1.00108
15.1062	0.412704	1.00033
14.9504	0.412922	1.00085
14.7884	0.412923	1.00086
14.623	0.412798	1.00055
14.4614	0.412616	1.00011
14.2915	0.412668	1.00024
14.1144	0.412658	1.00021
13.9399	0.41285	1.00068
13.7604	0.412824	1.00062
13.5729	0.412647	1.00019
13.3864	0.412694	1.0003
13.1914	0.412725	1.00038
12.9915	0.412662	1.00022
12.7906	0.412693	1.0003
12.5824	0.412647	1.00019
12.3681	0.412548	0.999947
12.1488	0.412896	1.00079
11.9225	0.412673	1.00025
11.6966	0.412751	1.00044
11.4551	0.412621	1.00012
11.2133	0.412829	1.00063
10.9563	0.412616	1.00011
10.6967	0.412856	1.00069
10.4281	0.412579	1.00002
10.1475	0.412575	1.00001
9.86398	0.412694	1.0003
9.56378	0.412554	0.999961
9.25341	0.412566	0.999989
8.93546	0.412556	0.999965
8.59974	0.412536	0.999917
8.25843	0.41255	0.999952
7.89391	0.412566	0.999989
7.51573	0.412563	0.999983
7.12641	0.412546	0.999941
6.71163	0.412576	1.00001
6.28878	0.412556	0.999965
5.84706	0.412552	0.999957
5.38535	0.412526	0.999894
4.91742	0.412566	0.999989
4.46254	0.412561	0.999977
4.02182	0.412532	0.999907
3.59314	0.412556	0.999965
3.18378	0.412546	0.999941
2.79639	0.412536	0.999917
2.78639	0.41255	0.999952
2.65689	0.41256	0.999976
2.4579	0.412536	0.999918
2.4478	0.41254	0.999927
2.43791	0.41255	0.999952
2.41791	0.41255	0.999952
2.38791	0.41256	0.999976
2.13435	0.412546	0.999941
1.91658	0.412556	0.999965
1.77743	0.412556	0.999965
1.67881	0.412547	0.999944
1.59021	0.412556	0.999965
