# Tdn_K_96G	Rdn_Ohm_96G	'Rdn/R5k_Ohm_96G'
295.56	0.547435	1.3295
295.488	0.546975	1.32838
295.416	0.547261	1.32908
295.361	0.547409	1.32944
295.305	0.5473	1.32917
295.248	0.547337	1.32926
295.194	0.547259	1.32907
295.142	0.54731	1.3292
295.084	0.547202	1.32893
295.033	0.547083	1.32865
294.976	0.546846	1.32807
294.92	0.546872	1.32813
294.88	0.547037	1.32853
294.82	0.546892	1.32818
294.769	0.546474	1.32717
294.714	0.546788	1.32793
294.659	0.546804	1.32797
294.606	0.546768	1.32788
294.553	0.546277	1.32669
294.497	0.546406	1.327
294.442	0.546587	1.32744
294.384	0.546174	1.32644
294.33	0.546107	1.32627
294.276	0.546039	1.32611
294.227	0.546061	1.32616
294.175	0.54588	1.32572
294.117	0.546076	1.3262
294.063	0.545419	1.3246
294.009	0.545539	1.32489
293.955	0.545646	1.32516
293.901	0.545305	1.32433
293.846	0.545213	1.3241
293.796	0.545094	1.32381
293.743	0.545083	1.32379
293.691	0.544814	1.32314
293.637	0.544825	1.32316
293.582	0.544944	1.32345
293.531	0.544438	1.32222
293.477	0.544695	1.32285
293.424	0.544164	1.32156
293.372	0.544267	1.32181
293.318	0.544184	1.3216
293.267	0.543844	1.32078
293.212	0.544137	1.32149
293.16	0.543906	1.32093
293.107	0.543822	1.32073
293.05	0.543508	1.31996
292.998	0.543523	1.32
292.942	0.543337	1.31955
292.891	0.543435	1.31979
292.834	0.543177	1.31916
292.784	0.543017	1.31877
292.729	0.543023	1.31878
292.676	0.542944	1.31859
292.618	0.542537	1.3176
292.572	0.542588	1.31773
292.517	0.542717	1.31804
292.466	0.542308	1.31705
292.409	0.54234	1.31713
292.354	0.541994	1.31629
292.299	0.541952	1.31619
292.249	0.541875	1.316
292.194	0.541627	1.31539
292.142	0.541648	1.31545
292.088	0.541596	1.31532
292.03	0.5414	1.31484
291.979	0.541121	1.31417
291.925	0.540826	1.31345
291.873	0.541039	1.31397
291.827	0.540935	1.31371
291.765	0.54092	1.31368
291.719	0.540667	1.31306
291.666	0.540392	1.3124
291.611	0.540275	1.31211
291.555	0.540511	1.31269
291.503	0.540191	1.31191
291.448	0.540273	1.31211
291.397	0.539824	1.31102
291.341	0.539871	1.31113
291.287	0.53955	1.31035
291.235	0.539767	1.31088
291.182	0.539467	1.31015
291.125	0.539587	1.31044
291.071	0.539401	1.30999
291.018	0.53909	1.30923
290.966	0.539255	1.30964
290.91	0.538754	1.30842
290.858	0.538852	1.30866
290.8	0.538821	1.30858
290.746	0.539012	1.30904
290.693	0.538439	1.30765
290.642	0.53811	1.30685
290.587	0.538222	1.30713
290.528	0.538067	1.30675
290.473	0.537861	1.30625
290.419	0.537851	1.30622
290.365	0.537846	1.30621
290.315	0.537529	1.30544
290.257	0.537706	1.30587
290.205	0.537133	1.30448
290.15	0.537328	1.30496
290.099	0.537178	1.30459
290.038	0.537308	1.30491
289.985	0.537102	1.30441
289.935	0.537091	1.30438
289.88	0.536703	1.30344
289.827	0.53691	1.30394
289.774	0.536549	1.30306
289.721	0.536518	1.30299
289.667	0.536269	1.30238
289.611	0.536254	1.30235
289.557	0.536063	1.30188
289.498	0.536047	1.30184
289.452	0.535913	1.30152
289.398	0.535763	1.30115
289.341	0.535934	1.30157
289.29	0.535749	1.30112
289.228	0.535366	1.30019
289.178	0.535391	1.30025
289.119	0.535427	1.30034
289.067	0.535562	1.30066
289.014	0.534968	1.29922
288.962	0.535267	1.29995
288.909	0.534812	1.29884
288.853	0.534637	1.29842
288.801	0.534922	1.29911
288.751	0.534663	1.29848
288.695	0.534549	1.2982
288.639	0.534425	1.2979
288.59	0.534167	1.29728
288.538	0.534348	1.29772
288.481	0.533975	1.29681
288.426	0.533955	1.29676
288.363	0.533836	1.29647
288.315	0.534079	1.29706
288.255	0.533847	1.2965
288.2	0.533578	1.29585
288.148	0.533542	1.29576
288.091	0.53316	1.29483
288.039	0.533412	1.29544
287.981	0.533397	1.29541
287.93	0.533062	1.29459
287.878	0.532767	1.29388
287.822	0.533036	1.29453
287.771	0.532973	1.29438
287.722	0.532876	1.29414
287.664	0.532576	1.29341
287.615	0.532566	1.29339
287.561	0.532664	1.29363
287.507	0.532385	1.29295
287.45	0.532426	1.29305
287.399	0.532075	1.2922
287.346	0.531858	1.29167
287.287	0.531879	1.29172
287.238	0.531817	1.29157
287.186	0.531078	1.28978
287.127	0.531527	1.29087
287.074	0.531465	1.29072
287.021	0.531367	1.29048
286.971	0.531377	1.2905
286.916	0.531263	1.29022
286.861	0.530979	1.28953
286.808	0.530846	1.28921
286.75	0.530882	1.2893
286.695	0.530876	1.28929
286.641	0.530701	1.28886
286.587	0.530696	1.28885
286.529	0.53037	1.28805
286.478	0.530385	1.28809
286.426	0.530405	1.28814
286.377	0.530138	1.28749
286.32	0.530065	1.28731
286.269	0.53022	1.28769
286.216	0.529863	1.28682
286.163	0.529538	1.28603
286.111	0.529641	1.28628
286.057	0.529781	1.28663
286.003	0.529523	1.286
285.952	0.529636	1.28627
285.901	0.529202	1.28522
285.842	0.529388	1.28567
285.788	0.52931	1.28548
285.735	0.528866	1.2844
285.685	0.529026	1.28479
285.632	0.528825	1.2843
285.528	0.52868	1.28395
285.423	0.528257	1.28292
285.324	0.528293	1.28301
285.217	0.527988	1.28227
285.111	0.527874	1.28199
285.008	0.527987	1.28227
284.904	0.527595	1.28132
284.8	0.527451	1.28097
284.693	0.527347	1.28071
284.589	0.527042	1.27997
284.488	0.52681	1.27941
284.383	0.526815	1.27942
284.279	0.526453	1.27854
284.172	0.526423	1.27847
284.07	0.525942	1.2773
283.969	0.52587	1.27713
283.868	0.525643	1.27658
283.76	0.525654	1.2766
283.658	0.525384	1.27595
283.555	0.525503	1.27624
283.452	0.525389	1.27596
283.351	0.525028	1.27508
283.245	0.524609	1.27407
283.14	0.524579	1.27399
283.036	0.524288	1.27329
282.931	0.523995	1.27257
282.827	0.523953	1.27247
282.721	0.523695	1.27185
282.622	0.523752	1.27198
282.522	0.523509	1.27139
282.419	0.523334	1.27097
282.313	0.523292	1.27087
282.207	0.522858	1.26981
282.105	0.522919	1.26996
282.003	0.522575	1.26913
281.902	0.522683	1.26939
281.801	0.522698	1.26942
281.695	0.52214	1.26807
281.595	0.521845	1.26735
281.49	0.521923	1.26754
281.387	0.521494	1.2665
281.279	0.521298	1.26602
281.18	0.520998	1.2653
281.075	0.521231	1.26586
280.971	0.520906	1.26507
280.868	0.5206	1.26433
280.765	0.520705	1.26458
280.663	0.52062	1.26438
280.562	0.520161	1.26326
280.457	0.520198	1.26335
280.353	0.520162	1.26327
280.25	0.51965	1.26202
280.154	0.519572	1.26183
280.046	0.51936	1.26132
279.95	0.519247	1.26104
279.845	0.519144	1.26079
279.736	0.518942	1.2603
279.634	0.518606	1.25949
279.538	0.518571	1.2594
279.431	0.5184	1.25898
279.327	0.518173	1.25843
279.221	0.518199	1.2585
279.116	0.518131	1.25833
279.012	0.517939	1.25787
278.91	0.517501	1.2568
278.808	0.517552	1.25693
278.708	0.517238	1.25616
278.603	0.517366	1.25647
278.502	0.51732	1.25636
278.398	0.516747	1.25497
278.291	0.516706	1.25487
278.188	0.516344	1.25399
278.084	0.51639	1.25411
277.98	0.516344	1.25399
277.878	0.516153	1.25353
277.772	0.515832	1.25275
277.668	0.515678	1.25237
277.565	0.515564	1.2521
277.465	0.515058	1.25087
277.358	0.515467	1.25186
277.255	0.515295	1.25144
277.151	0.515006	1.25074
277.049	0.514954	1.25062
276.945	0.514639	1.24985
276.845	0.514448	1.24939
276.741	0.514412	1.2493
276.635	0.514247	1.2489
276.532	0.51402	1.24835
276.43	0.513854	1.24795
276.325	0.513606	1.24734
276.221	0.513611	1.24736
276.121	0.513136	1.2462
276.018	0.51357	1.24726
275.912	0.513213	1.24639
275.811	0.513168	1.24628
275.715	0.512547	1.24477
275.606	0.512547	1.24477
275.502	0.512511	1.24468
275.401	0.512243	1.24403
275.298	0.512192	1.24391
275.192	0.511835	1.24304
275.087	0.511994	1.24343
274.986	0.512149	1.24381
274.882	0.511679	1.24266
274.783	0.511432	1.24206
274.679	0.511287	1.24171
274.577	0.511235	1.24159
274.474	0.510877	1.24072
274.368	0.510925	1.24083
274.263	0.510848	1.24064
274.163	0.51047	1.23973
274.055	0.510358	1.23945
273.952	0.510155	1.23896
273.848	0.50984	1.2382
273.748	0.509619	1.23766
273.639	0.509654	1.23775
273.537	0.509618	1.23766
273.433	0.509432	1.23721
273.327	0.509495	1.23736
273.226	0.509008	1.23618
273.12	0.508937	1.236
273.015	0.509185	1.23661
272.914	0.508801	1.23567
272.81	0.508347	1.23457
272.706	0.508353	1.23458
272.601	0.508574	1.23512
272.5	0.508378	1.23465
272.394	0.507977	1.23367
272.287	0.507935	1.23357
272.185	0.507903	1.23349
272.078	0.508001	1.23373
271.974	0.507356	1.23216
271.875	0.507526	1.23258
271.773	0.507299	1.23203
271.669	0.506917	1.2311
271.562	0.507128	1.23161
271.459	0.506612	1.23036
271.356	0.506606	1.23034
271.255	0.506256	1.22949
271.154	0.506317	1.22964
271.051	0.506364	1.22976
270.95	0.506033	1.22895
270.846	0.505873	1.22856
270.74	0.5059	1.22863
270.639	0.505481	1.22761
270.536	0.505584	1.22786
270.433	0.505202	1.22693
270.329	0.505223	1.22698
270.228	0.505294	1.22716
270.123	0.504949	1.22632
270.02	0.504896	1.22619
269.921	0.504697	1.22571
269.815	0.504607	1.22549
269.713	0.504365	1.2249
269.608	0.50423	1.22457
269.509	0.503963	1.22392
269.404	0.503983	1.22397
269.298	0.503672	1.22322
269.197	0.503719	1.22333
269.093	0.503864	1.22368
268.991	0.503233	1.22215
268.893	0.503332	1.22239
268.791	0.503218	1.22212
268.686	0.502945	1.22145
268.582	0.50281	1.22112
268.478	0.502717	1.2209
268.377	0.502459	1.22027
268.272	0.502603	1.22062
268.168	0.502556	1.22051
268.065	0.50222	1.21969
267.96	0.501969	1.21908
267.856	0.501916	1.21895
267.753	0.501622	1.21824
267.653	0.501276	1.2174
267.547	0.501653	1.21831
267.449	0.501327	1.21752
267.343	0.50107	1.2169
267.243	0.501084	1.21693
267.135	0.501266	1.21738
267.034	0.500636	1.21584
266.933	0.500522	1.21557
266.827	0.500672	1.21593
266.721	0.50078	1.21619
266.62	0.500278	1.21498
266.517	0.500356	1.21516
266.413	0.500078	1.21449
266.311	0.500041	1.2144
266.209	0.499757	1.21371
266.11	0.499587	1.2133
266.005	0.499509	1.21311
265.904	0.49921	1.21238
265.803	0.49954	1.21318
265.697	0.49893	1.2117
265.596	0.498811	1.21141
265.498	0.498988	1.21184
265.394	0.498704	1.21115
265.293	0.498579	1.21085
265.193	0.498673	1.21108
265.084	0.498362	1.21032
264.985	0.498337	1.21026
264.884	0.498207	1.20995
264.779	0.498057	1.20958
264.68	0.498037	1.20953
264.574	0.49782	1.20901
264.469	0.497789	1.20893
264.368	0.49765	1.20859
264.264	0.497371	1.20791
264.158	0.497371	1.20792
264.053	0.497154	1.20739
263.952	0.497107	1.20727
263.848	0.496978	1.20696
263.744	0.496611	1.20607
263.642	0.496683	1.20624
263.536	0.496477	1.20574
263.433	0.496333	1.20539
263.329	0.496342	1.20542
263.226	0.496126	1.20489
263.132	0.496224	1.20513
263.024	0.495779	1.20405
262.92	0.495749	1.20398
262.817	0.495769	1.20403
262.716	0.495661	1.20376
262.613	0.495588	1.20358
262.51	0.495268	1.20281
262.404	0.495304	1.2029
262.3	0.495227	1.20271
262.197	0.49486	1.20182
262.096	0.494911	1.20194
261.99	0.494871	1.20184
261.891	0.494354	1.20059
261.786	0.494489	1.20091
261.683	0.494473	1.20088
261.582	0.494086	1.19994
261.476	0.494183	1.20017
261.37	0.494121	1.20002
261.269	0.494044	1.19984
261.166	0.49364	1.19885
261.065	0.493759	1.19914
260.962	0.49358	1.19871
260.858	0.493507	1.19853
260.755	0.493486	1.19848
260.654	0.493212	1.19781
260.553	0.49332	1.19808
260.452	0.492948	1.19717
260.353	0.493161	1.19769
260.25	0.492659	1.19647
260.143	0.492731	1.19665
260.04	0.492473	1.19602
259.942	0.492515	1.19612
259.837	0.492252	1.19548
259.733	0.492288	1.19557
259.628	0.491999	1.19487
259.522	0.492211	1.19538
259.418	0.49174	1.19424
259.315	0.491838	1.19448
259.213	0.491466	1.19358
259.11	0.491781	1.19434
259.009	0.49161	1.19392
258.904	0.491255	1.19306
258.801	0.491302	1.19318
258.699	0.490851	1.19208
258.594	0.490924	1.19226
258.492	0.490955	1.19233
258.391	0.490749	1.19183
258.286	0.490846	1.19207
258.186	0.490466	1.19114
258.085	0.490692	1.19169
257.984	0.490103	1.19026
257.882	0.490263	1.19065
257.779	0.49018	1.19045
257.675	0.490124	1.19031
257.571	0.489938	1.18986
257.469	0.489529	1.18887
257.363	0.4897	1.18928
257.259	0.489829	1.1896
257.156	0.489493	1.18878
257.053	0.489696	1.18928
256.953	0.489354	1.18844
256.853	0.488888	1.18731
256.757	0.489236	1.18816
256.649	0.488957	1.18748
256.546	0.488584	1.18658
256.443	0.488807	1.18712
256.342	0.488688	1.18683
256.234	0.488491	1.18635
256.132	0.488264	1.1858
256.027	0.488341	1.18598
255.925	0.48815	1.18552
255.821	0.488202	1.18565
255.718	0.488181	1.1856
255.614	0.487877	1.18486
255.513	0.488068	1.18532
255.41	0.487789	1.18464
255.305	0.487438	1.18379
255.206	0.48766	1.18433
255.101	0.487376	1.18364
254.996	0.487722	1.18448
254.892	0.486993	1.18271
254.788	0.487204	1.18322
254.688	0.486849	1.18236
254.584	0.486792	1.18222
254.478	0.486884	1.18245
254.375	0.486895	1.18247
254.272	0.486802	1.18225
254.171	0.486487	1.18148
254.067	0.486337	1.18112
253.968	0.486322	1.18108
253.869	0.486094	1.18053
253.761	0.486017	1.18034
253.661	0.485929	1.18013
253.557	0.485794	1.1798
253.456	0.485877	1.18
253.355	0.485716	1.17961
253.252	0.485635	1.17941
253.149	0.485464	1.179
253.046	0.485599	1.17933
252.946	0.485185	1.17832
252.84	0.485325	1.17866
252.739	0.484963	1.17778
252.634	0.484891	1.17761
252.535	0.484849	1.1775
252.434	0.484741	1.17724
252.331	0.484601	1.1769
252.226	0.484452	1.17654
252.123	0.484478	1.1766
252.022	0.484317	1.17621
251.922	0.48411	1.17571
251.821	0.484395	1.1764
251.716	0.48422	1.17598
251.616	0.484101	1.17569
251.516	0.483982	1.1754
251.413	0.483955	1.17533
251.313	0.483667	1.17463
251.209	0.483611	1.1745
251.105	0.483745	1.17482
251.004	0.483449	1.1741
250.9	0.483403	1.17399
250.801	0.483171	1.17343
250.696	0.483171	1.17343
250.594	0.482794	1.17251
250.494	0.48286	1.17267
250.391	0.482861	1.17268
250.287	0.483046	1.17313
250.183	0.482608	1.17206
250.081	0.482597	1.17204
249.98	0.482768	1.17245
249.879	0.482411	1.17158
249.774	0.482262	1.17122
249.669	0.482225	1.17113
249.57	0.48221	1.17109
249.465	0.482308	1.17133
249.361	0.481812	1.17013
249.257	0.481941	1.17044
249.155	0.481936	1.17043
249.053	0.481724	1.16991
248.948	0.481653	1.16974
248.85	0.481626	1.16968
248.745	0.481327	1.16895
248.643	0.481663	1.16977
248.54	0.481368	1.16905
248.433	0.481223	1.1687
248.331	0.481177	1.16859
248.23	0.481172	1.16857
248.126	0.480846	1.16778
248.024	0.480913	1.16795
247.92	0.480506	1.16696
247.816	0.480614	1.16722
247.716	0.480847	1.16778
247.613	0.480557	1.16708
247.51	0.480165	1.16613
247.405	0.48033	1.16653
247.304	0.480387	1.16667
247.2	0.480372	1.16663
247.097	0.480164	1.16613
246.99	0.480236	1.1663
246.889	0.47989	1.16546
246.786	0.479828	1.16531
246.684	0.479916	1.16552
246.581	0.479782	1.1652
246.48	0.479685	1.16496
246.377	0.479529	1.16458
246.272	0.479705	1.16501
246.17	0.479508	1.16453
246.069	0.479456	1.16441
245.965	0.479369	1.16419
245.864	0.47925	1.16391
245.764	0.479282	1.16398
245.66	0.47876	1.16272
245.559	0.478992	1.16328
245.453	0.479003	1.16331
245.351	0.479073	1.16348
245.248	0.47878	1.16277
245.147	0.478713	1.1626
245.045	0.478486	1.16205
244.943	0.478583	1.16229
244.84	0.478196	1.16135
244.739	0.478253	1.16149
244.635	0.478145	1.16122
244.532	0.478135	1.1612
244.43	0.477736	1.16023
244.327	0.477959	1.16077
244.23	0.478062	1.16102
244.125	0.477867	1.16055
244.02	0.477891	1.16061
243.916	0.477675	1.16008
243.814	0.477314	1.1592
243.715	0.477334	1.15925
243.607	0.477303	1.15918
243.506	0.477536	1.15974
243.403	0.477262	1.15908
243.3	0.477468	1.15958
243.196	0.477153	1.15881
243.095	0.477282	1.15913
242.99	0.476895	1.15819
242.887	0.476776	1.1579
242.786	0.476962	1.15835
242.684	0.477101	1.15869
242.575	0.476926	1.15826
242.472	0.47676	1.15786
242.37	0.476373	1.15692
242.264	0.476491	1.15721
242.163	0.476455	1.15712
242.058	0.476368	1.15691
241.957	0.47627	1.15667
241.854	0.476182	1.15646
241.754	0.476124	1.15631
241.649	0.475722	1.15534
241.546	0.476089	1.15623
241.447	0.476156	1.15639
241.342	0.475717	1.15533
241.238	0.475623	1.1551
241.136	0.475639	1.15514
241.032	0.475722	1.15534
240.931	0.475453	1.15469
240.828	0.475479	1.15475
240.723	0.4755	1.1548
240.619	0.475242	1.15417
240.518	0.475329	1.15438
240.415	0.475154	1.15396
240.311	0.474937	1.15343
240.211	0.475086	1.15379
240.106	0.474694	1.15284
240.004	0.474993	1.15357
239.901	0.474855	1.15323
239.799	0.474736	1.15294
239.697	0.47473	1.15293
239.595	0.47457	1.15254
239.494	0.474819	1.15315
239.391	0.474622	1.15267
239.287	0.474432	1.1522
239.184	0.474266	1.1518
239.079	0.474183	1.1516
238.977	0.474255	1.15178
238.874	0.474348	1.152
238.772	0.473831	1.15075
238.668	0.474162	1.15155
238.567	0.473888	1.15088
238.464	0.473661	1.15033
238.361	0.473542	1.15004
238.259	0.473615	1.15022
238.156	0.474029	1.15123
238.054	0.473522	1.14999
237.949	0.47344	1.1498
237.845	0.473831	1.15075
237.743	0.47344	1.14979
237.638	0.473341	1.14956
237.537	0.473025	1.14879
237.429	0.473377	1.14964
237.327	0.473218	1.14926
237.225	0.473299	1.14945
237.124	0.472866	1.1484
237.019	0.472706	1.14801
236.918	0.473202	1.14922
236.814	0.472603	1.14776
236.714	0.472582	1.14771
236.608	0.472571	1.14769
236.504	0.472478	1.14746
236.401	0.472561	1.14766
236.298	0.472478	1.14746
236.194	0.472695	1.14799
236.092	0.472551	1.14764
235.987	0.472282	1.14698
235.882	0.47209	1.14652
235.782	0.472215	1.14682
235.677	0.472184	1.14675
235.571	0.471993	1.14628
235.469	0.472035	1.14638
235.364	0.471935	1.14614
235.264	0.471899	1.14605
235.161	0.471761	1.14572
235.059	0.471486	1.14505
234.958	0.471781	1.14577
234.855	0.471496	1.14508
234.754	0.471575	1.14527
234.65	0.471354	1.14473
234.546	0.471636	1.14542
234.441	0.471135	1.1442
234.342	0.471543	1.14519
234.242	0.471305	1.14461
234.139	0.471197	1.14435
234.037	0.471156	1.14425
233.934	0.470981	1.14382
233.83	0.470815	1.14342
233.726	0.470924	1.14369
233.624	0.470825	1.14345
233.524	0.470639	1.14299
233.423	0.470676	1.14308
233.319	0.470629	1.14297
233.216	0.470557	1.14279
233.113	0.470484	1.14262
233.01	0.470572	1.14283
232.906	0.470407	1.14243
232.804	0.47035	1.14229
232.7	0.470273	1.1421
232.597	0.470277	1.14211
232.494	0.470448	1.14253
232.392	0.470196	1.14192
232.288	0.470055	1.14158
232.187	0.470185	1.14189
232.083	0.469978	1.14139
231.978	0.469943	1.1413
231.875	0.4697	1.14071
231.772	0.469891	1.14118
231.67	0.469731	1.14079
231.568	0.469833	1.14104
231.465	0.469487	1.1402
231.362	0.469436	1.14007
231.261	0.469771	1.14089
231.155	0.469318	1.13979
231.048	0.46925	1.13962
230.95	0.469297	1.13973
230.847	0.469065	1.13917
230.745	0.469286	1.13971
230.639	0.469069	1.13918
230.54	0.469167	1.13942
230.438	0.469245	1.13961
230.327	0.468868	1.13869
230.228	0.469044	1.13912
230.12	0.468873	1.1387
230.023	0.468749	1.1384
229.917	0.468774	1.13847
229.815	0.468656	1.13818
229.716	0.468641	1.13814
229.613	0.468351	1.13744
229.51	0.468557	1.13794
229.407	0.468335	1.1374
229.307	0.46832	1.13736
229.206	0.468574	1.13798
229.105	0.468512	1.13783
229	0.468356	1.13745
228.899	0.468093	1.13681
228.793	0.467866	1.13626
228.691	0.468444	1.13766
228.59	0.46813	1.1369
228.484	0.468062	1.13674
228.387	0.467933	1.13642
228.281	0.467593	1.1356
228.179	0.467969	1.13651
228.075	0.467629	1.13568
227.975	0.467798	1.13609
227.869	0.467675	1.13579
227.767	0.467442	1.13523
227.662	0.467535	1.13545
227.561	0.467447	1.13524
227.458	0.467535	1.13545
227.355	0.467401	1.13513
227.252	0.467334	1.13497
227.15	0.467116	1.13444
227.045	0.467308	1.1349
226.94	0.467178	1.13459
226.838	0.467178	1.13459
226.736	0.467076	1.13434
226.635	0.466967	1.13408
226.536	0.466834	1.13375
226.429	0.467024	1.13421
226.326	0.466646	1.1333
226.225	0.466806	1.13369
226.123	0.466636	1.13327
226.02	0.466806	1.13369
225.918	0.466703	1.13344
225.814	0.466631	1.13326
225.709	0.466337	1.13255
225.606	0.466363	1.13261
225.503	0.466563	1.1331
225.399	0.4663	1.13246
225.299	0.465928	1.13155
225.198	0.46629	1.13243
225.097	0.466234	1.13229
224.992	0.465836	1.13133
224.892	0.466223	1.13227
224.787	0.466182	1.13217
224.685	0.465737	1.13109
224.584	0.465826	1.1313
224.482	0.465856	1.13138
224.378	0.465448	1.13039
224.278	0.465587	1.13073
224.172	0.465722	1.13105
224.069	0.465707	1.13102
223.965	0.465479	1.13046
223.864	0.465432	1.13035
223.758	0.465484	1.13047
223.656	0.465242	1.12989
223.554	0.465179	1.12973
223.452	0.465097	1.12953
223.35	0.465417	1.13031
223.245	0.465305	1.13004
223.142	0.465185	1.12975
223.04	0.464999	1.1293
222.936	0.464911	1.12908
222.834	0.464926	1.12912
222.731	0.464793	1.12879
222.631	0.464818	1.12886
222.526	0.464441	1.12794
222.425	0.464611	1.12835
222.318	0.46473	1.12864
222.214	0.464705	1.12858
222.112	0.464519	1.12813
222.008	0.464132	1.12719
221.908	0.464694	1.12855
221.804	0.464436	1.12793
221.703	0.464585	1.12829
221.601	0.464152	1.12724
221.5	0.463935	1.12671
221.397	0.464152	1.12724
221.294	0.46411	1.12714
221.191	0.464017	1.12691
221.088	0.464022	1.12692
220.984	0.464048	1.12699
220.881	0.463682	1.1261
220.777	0.463965	1.12679
220.674	0.463981	1.12682
220.572	0.463625	1.12596
220.47	0.463537	1.12575
220.367	0.463568	1.12582
220.264	0.463558	1.1258
220.161	0.46316	1.12483
220.057	0.463259	1.12507
219.953	0.463248	1.12504
219.854	0.463145	1.12479
219.751	0.463103	1.12469
219.649	0.462757	1.12385
219.546	0.463042	1.12454
219.445	0.463201	1.12493
219.343	0.463098	1.12468
219.242	0.462664	1.12363
219.141	0.462839	1.12405
219.038	0.462696	1.1237
218.935	0.462891	1.12418
218.835	0.462835	1.12404
218.732	0.462638	1.12356
218.629	0.462261	1.12265
218.526	0.462555	1.12336
218.423	0.462256	1.12263
218.321	0.462716	1.12375
218.218	0.46238	1.12294
218.115	0.462338	1.12283
218.014	0.462179	1.12245
217.915	0.462138	1.12235
217.81	0.462044	1.12212
217.708	0.462106	1.12227
217.605	0.46206	1.12216
217.501	0.462158	1.1224
217.399	0.461782	1.12148
217.294	0.461801	1.12153
217.192	0.461626	1.12111
217.09	0.461899	1.12177
216.987	0.46176	1.12143
216.889	0.461652	1.12117
216.787	0.461636	1.12113
216.68	0.461497	1.12079
216.577	0.461466	1.12071
216.477	0.461481	1.12075
216.375	0.46127	1.12024
216.274	0.46127	1.12024
216.172	0.46112	1.11988
216.068	0.461342	1.12041
215.966	0.460846	1.11921
215.864	0.460949	1.11946
215.761	0.460898	1.11934
215.658	0.460691	1.11883
215.555	0.460433	1.11821
215.456	0.460449	1.11825
215.351	0.460618	1.11866
215.249	0.460334	1.11797
215.148	0.460552	1.1185
215.045	0.460319	1.11793
214.944	0.460231	1.11772
214.841	0.460076	1.11734
214.738	0.460221	1.11769
214.636	0.460143	1.1175
214.534	0.460029	1.11723
214.434	0.460195	1.11763
214.33	0.460015	1.11719
214.228	0.459936	1.117
214.125	0.459797	1.11666
214.021	0.459972	1.11709
213.917	0.459595	1.11617
213.817	0.459776	1.11661
213.714	0.459616	1.11622
213.611	0.459533	1.11602
213.51	0.459316	1.1155
213.409	0.459286	1.11542
213.309	0.459591	1.11616
213.206	0.459245	1.11532
213.102	0.459244	1.11532
212.999	0.45941	1.11572
212.898	0.459554	1.11607
212.796	0.459022	1.11478
212.69	0.45941	1.11572
212.589	0.459053	1.11486
212.488	0.459074	1.11491
212.382	0.458826	1.1143
212.281	0.458914	1.11452
212.179	0.458816	1.11428
212.077	0.458682	1.11395
211.976	0.458976	1.11467
211.873	0.458817	1.11428
211.768	0.458816	1.11428
211.669	0.458692	1.11398
211.566	0.45846	1.11341
211.464	0.458413	1.1133
211.361	0.458077	1.11249
211.26	0.458584	1.11372
211.157	0.458269	1.11295
211.054	0.458341	1.11313
210.951	0.45832	1.11307
210.852	0.458066	1.11246
210.748	0.458046	1.11241
210.649	0.457932	1.11213
210.548	0.458134	1.11262
210.446	0.457758	1.11171
210.344	0.457758	1.11171
210.24	0.45772	1.11162
210.139	0.457954	1.11219
210.037	0.457675	1.11151
209.935	0.457685	1.11153
209.832	0.457612	1.11136
209.732	0.457545	1.11119
209.628	0.457256	1.11049
209.526	0.457251	1.11048
209.425	0.457319	1.11064
209.323	0.457158	1.11025
209.22	0.457402	1.11084
209.119	0.45707	1.11004
209.016	0.457189	1.11033
208.917	0.457111	1.11014
208.809	0.45694	1.10972
208.708	0.456781	1.10934
208.606	0.457095	1.1101
208.504	0.457199	1.11035
208.401	0.456683	1.1091
208.299	0.456718	1.10919
208.198	0.4566	1.1089
208.097	0.456357	1.10831
207.996	0.456616	1.10894
207.893	0.45659	1.10887
207.791	0.456667	1.10906
207.69	0.456053	1.10757
207.589	0.456301	1.10817
207.486	0.456341	1.10827
207.387	0.456053	1.10757
207.282	0.45613	1.10776
207.18	0.456006	1.10746
207.079	0.456099	1.10768
206.978	0.4558	1.10695
206.876	0.456234	1.10801
206.774	0.455866	1.10712
206.67	0.455836	1.10704
206.571	0.455598	1.10646
206.469	0.456012	1.10747
206.366	0.455785	1.10692
206.265	0.455696	1.1067
206.163	0.455303	1.10575
206.059	0.455644	1.10658
205.956	0.455422	1.10604
205.853	0.455205	1.10551
205.75	0.45501	1.10504
205.649	0.455154	1.10539
205.548	0.455107	1.10527
205.446	0.454936	1.10486
205.347	0.454927	1.10483
205.244	0.454896	1.10476
205.143	0.455076	1.1052
205.043	0.454767	1.10445
204.939	0.454735	1.10437
204.836	0.454803	1.10453
204.737	0.45459	1.10402
204.635	0.454317	1.10335
204.535	0.454663	1.10419
204.433	0.454487	1.10377
204.331	0.454369	1.10348
204.227	0.454166	1.10299
204.125	0.454286	1.10328
204.024	0.454239	1.10317
203.922	0.454275	1.10325
203.819	0.453749	1.10197
203.717	0.453996	1.10258
203.613	0.454053	1.10271
203.515	0.454136	1.10291
203.413	0.453728	1.10192
203.313	0.453997	1.10258
203.211	0.453625	1.10167
203.109	0.453724	1.10191
203.008	0.453284	1.10084
202.905	0.453531	1.10145
202.804	0.453114	1.10043
202.704	0.453222	1.1007
202.603	0.453258	1.10078
202.501	0.453459	1.10127
202.399	0.453134	1.10048
202.299	0.453026	1.10022
202.198	0.452974	1.10009
202.096	0.452953	1.10004
201.996	0.453108	1.10042
201.893	0.452896	1.0999
201.792	0.452804	1.09968
201.692	0.452385	1.09866
201.59	0.452669	1.09935
201.488	0.45268	1.09938
201.386	0.452555	1.09907
201.284	0.452654	1.09932
201.184	0.452271	1.09839
201.081	0.452406	1.09871
200.98	0.452348	1.09857
200.877	0.452199	1.09821
200.775	0.452338	1.09855
200.671	0.452293	1.09844
200.571	0.451966	1.09765
200.469	0.452199	1.09821
200.367	0.452343	1.09856
200.262	0.451997	1.09772
200.161	0.451724	1.09706
200.06	0.451791	1.09722
199.959	0.451698	1.09699
199.857	0.45173	1.09707
199.755	0.451765	1.09716
199.652	0.451337	1.09612
199.552	0.451409	1.09629
199.45	0.451352	1.09615
199.347	0.451491	1.09649
199.247	0.451239	1.09588
199.145	0.451073	1.09548
199.043	0.451176	1.09573
198.942	0.451125	1.0956
198.839	0.451036	1.09539
198.738	0.451047	1.09541
198.636	0.451135	1.09563
198.535	0.450872	1.09499
198.432	0.450789	1.09479
198.329	0.450933	1.09514
198.227	0.450577	1.09427
198.124	0.450784	1.09477
198.023	0.450675	1.09451
197.923	0.450763	1.09472
197.822	0.450263	1.09351
197.719	0.450201	1.09336
197.618	0.450489	1.09406
197.516	0.450386	1.09381
197.413	0.450567	1.09425
197.31	0.45019	1.09333
197.209	0.450087	1.09308
197.108	0.449937	1.09272
197.006	0.450009	1.09289
196.905	0.449777	1.09233
196.804	0.450035	1.09295
196.7	0.450112	1.09314
196.599	0.449787	1.09235
196.494	0.449678	1.09209
196.393	0.449673	1.09208
196.292	0.44959	1.09187
196.189	0.449534	1.09174
196.088	0.449172	1.09086
195.986	0.449452	1.09154
195.884	0.449508	1.09167
195.782	0.449234	1.09101
195.68	0.449038	1.09053
195.579	0.449203	1.09094
195.476	0.449275	1.09111
195.374	0.44895	1.09032
195.274	0.449038	1.09053
195.172	0.448806	1.08997
195.07	0.448996	1.09043
194.965	0.448939	1.09029
194.865	0.448965	1.09036
194.764	0.448749	1.08983
194.663	0.44865	1.08959
194.561	0.448645	1.08958
194.46	0.448578	1.08942
194.357	0.448707	1.08973
194.255	0.448325	1.0888
194.152	0.448512	1.08926
194.054	0.448283	1.0887
193.951	0.448207	1.08851
193.85	0.448175	1.08844
193.746	0.448326	1.0888
193.643	0.448072	1.08819
193.543	0.448134	1.08834
193.443	0.448227	1.08856
193.34	0.448149	1.08838
193.24	0.447747	1.0874
193.139	0.447634	1.08712
193.038	0.447607	1.08706
192.936	0.447452	1.08668
192.833	0.44769	1.08726
192.732	0.447611	1.08707
192.63	0.447658	1.08718
192.525	0.447472	1.08673
192.424	0.447406	1.08657
192.322	0.447261	1.08622
192.223	0.447297	1.08631
192.119	0.447313	1.08634
192.02	0.447343	1.08642
191.918	0.447344	1.08642
191.815	0.447364	1.08647
191.713	0.447029	1.08565
191.613	0.446512	1.0844
191.511	0.446823	1.08515
191.408	0.446749	1.08498
191.307	0.446646	1.08472
191.206	0.446606	1.08463
191.102	0.446811	1.08513
191.001	0.446724	1.08491
190.899	0.446729	1.08493
190.798	0.446569	1.08454
190.694	0.446708	1.08488
190.592	0.446223	1.0837
190.489	0.446378	1.08407
190.388	0.446212	1.08367
190.287	0.446172	1.08357
190.185	0.446455	1.08426
190.084	0.44599	1.08313
189.983	0.445835	1.08275
189.883	0.44615	1.08352
189.78	0.446016	1.08319
189.677	0.445845	1.08278
189.577	0.445712	1.08246
189.475	0.445805	1.08268
189.375	0.445495	1.08193
189.27	0.445821	1.08272
189.17	0.445659	1.08233
189.067	0.445592	1.08217
188.966	0.445655	1.08232
188.862	0.445665	1.08234
188.762	0.445354	1.08159
188.662	0.4452	1.08121
188.559	0.44552	1.08199
188.457	0.445272	1.08139
188.355	0.445122	1.08102
188.253	0.445097	1.08096
188.152	0.445034	1.08081
188.05	0.445051	1.08085
187.949	0.444838	1.08033
187.847	0.444859	1.08038
187.745	0.444931	1.08056
187.643	0.444849	1.08036
187.542	0.445081	1.08092
187.441	0.444864	1.0804
187.338	0.444694	1.07998
187.236	0.444441	1.07937
187.134	0.444451	1.07939
187.03	0.444823	1.0803
186.929	0.444327	1.07909
186.827	0.444626	1.07982
186.724	0.444374	1.07921
186.623	0.444208	1.0788
186.522	0.444271	1.07896
186.419	0.444447	1.07938
186.317	0.44411	1.07857
186.215	0.444244	1.07889
186.112	0.444281	1.07898
186.01	0.443739	1.07766
185.91	0.44425	1.0789
185.808	0.443888	1.07803
185.707	0.443433	1.07692
185.604	0.443991	1.07828
185.502	0.443754	1.0777
185.4	0.443572	1.07726
185.298	0.443671	1.0775
185.196	0.443423	1.0769
185.095	0.44349	1.07706
184.991	0.443604	1.07734
184.891	0.443155	1.07625
184.787	0.443474	1.07702
184.688	0.443227	1.07642
184.584	0.443304	1.07661
184.482	0.443232	1.07643
184.381	0.442959	1.07577
184.28	0.443155	1.07625
184.178	0.443196	1.07635
184.077	0.44303	1.07594
183.973	0.442746	1.07525
183.87	0.443004	1.07588
183.768	0.442917	1.07567
183.667	0.442726	1.0752
183.565	0.442881	1.07558
183.464	0.442643	1.075
183.36	0.442767	1.0753
183.259	0.442622	1.07495
183.155	0.442514	1.07469
183.055	0.442778	1.07533
182.953	0.442628	1.07497
182.851	0.442416	1.07445
182.748	0.442478	1.0746
182.647	0.442364	1.07433
182.546	0.44209	1.07366
182.442	0.442169	1.07385
182.339	0.442277	1.07411
182.238	0.442039	1.07354
182.135	0.441982	1.0734
182.034	0.442127	1.07375
181.937	0.442018	1.07349
181.833	0.44209	1.07366
181.732	0.442204	1.07394
181.63	0.44205	1.07356
181.529	0.441894	1.07318
181.428	0.441419	1.07203
181.326	0.441615	1.07251
181.224	0.441791	1.07293
181.125	0.441342	1.07184
181.022	0.441843	1.07306
180.921	0.441491	1.07221
180.818	0.441491	1.0722
180.718	0.441285	1.0717
180.616	0.441197	1.07149
180.512	0.441166	1.07142
180.411	0.441435	1.07207
180.309	0.441115	1.07129
180.206	0.441073	1.07119
180.106	0.441259	1.07164
180.003	0.441026	1.07108
179.901	0.440804	1.07054
179.8	0.440883	1.07073
179.697	0.441058	1.07115
179.594	0.440779	1.07047
179.494	0.440774	1.07046
179.392	0.440768	1.07045
179.29	0.440743	1.07039
179.189	0.440758	1.07043
179.085	0.440464	1.06971
178.983	0.440432	1.06963
178.884	0.440784	1.07049
178.78	0.4405	1.0698
178.678	0.440572	1.06997
178.577	0.440526	1.06986
178.473	0.440339	1.06941
178.373	0.440428	1.06962
178.269	0.440597	1.07003
178.168	0.440428	1.06962
178.067	0.440092	1.06881
177.966	0.440329	1.06938
177.863	0.439972	1.06852
177.762	0.440262	1.06922
177.661	0.440044	1.06869
177.56	0.439947	1.06845
177.457	0.439781	1.06805
177.356	0.439777	1.06804
177.255	0.439632	1.06769
177.154	0.440055	1.06872
177.051	0.439989	1.06856
176.95	0.439637	1.0677
176.846	0.439307	1.0669
176.747	0.439519	1.06742
176.647	0.439627	1.06768
176.545	0.439462	1.06728
176.443	0.439534	1.06745
176.341	0.439529	1.06744
176.239	0.439218	1.06669
176.137	0.439224	1.0667
176.033	0.439007	1.06617
175.93	0.439245	1.06675
175.829	0.438898	1.06591
175.725	0.439146	1.06651
175.624	0.439198	1.06663
175.522	0.438956	1.06605
175.42	0.438899	1.06591
175.319	0.438888	1.06588
175.216	0.43894	1.06601
175.118	0.438872	1.06585
175.016	0.438796	1.06566
174.912	0.438605	1.06519
174.812	0.438728	1.06549
174.708	0.438614	1.06522
174.609	0.438594	1.06517
174.506	0.438641	1.06528
174.405	0.438599	1.06518
174.305	0.438583	1.06514
174.203	0.438397	1.06469
174.103	0.438688	1.0654
173.999	0.438506	1.06496
173.897	0.438206	1.06423
173.796	0.438273	1.06439
173.691	0.438098	1.06396
173.591	0.438098	1.06396
173.491	0.437948	1.0636
173.388	0.437695	1.06298
173.287	0.438128	1.06404
173.184	0.437865	1.0634
173.083	0.438052	1.06385
172.982	0.438103	1.06398
172.88	0.438088	1.06394
172.778	0.437814	1.06327
172.677	0.437695	1.06299
172.577	0.437613	1.06279
172.475	0.4377	1.063
172.373	0.437706	1.06301
172.27	0.437592	1.06274
172.168	0.437633	1.06283
172.067	0.437715	1.06304
171.966	0.437633	1.06283
171.864	0.437628	1.06282
171.764	0.437313	1.06206
171.661	0.437297	1.06202
171.559	0.437442	1.06237
171.457	0.437349	1.06214
171.356	0.43706	1.06144
171.254	0.437369	1.06219
171.155	0.437349	1.06214
171.053	0.437173	1.06172
170.95	0.437044	1.0614
170.849	0.43707	1.06147
170.746	0.437059	1.06144
170.644	0.437198	1.06178
170.543	0.436837	1.0609
170.442	0.43708	1.06149
170.34	0.436988	1.06127
170.238	0.436992	1.06128
170.137	0.436765	1.06073
170.036	0.436656	1.06046
169.933	0.436491	1.06006
169.831	0.436538	1.06018
169.73	0.436667	1.06049
169.629	0.436444	1.05995
169.527	0.436534	1.06017
169.424	0.436414	1.05988
169.323	0.436734	1.06065
169.221	0.436368	1.05976
169.119	0.436404	1.05985
169.019	0.436497	1.06008
168.917	0.436301	1.0596
168.815	0.436285	1.05956
168.713	0.436197	1.05935
168.612	0.435764	1.0583
168.508	0.436016	1.05891
168.406	0.436036	1.05896
168.306	0.436016	1.05891
168.204	0.436007	1.05889
168.101	0.436331	1.05967
168.002	0.43615	1.05923
167.899	0.435804	1.05839
167.796	0.43581	1.05841
167.695	0.436136	1.0592
167.595	0.43567	1.05807
167.492	0.435681	1.05809
167.39	0.435583	1.05786
167.288	0.43582	1.05843
167.185	0.435531	1.05773
167.084	0.43581	1.05841
166.983	0.435355	1.0573
166.881	0.435103	1.05669
166.778	0.435397	1.0574
166.677	0.435515	1.05769
166.576	0.435568	1.05782
166.472	0.435278	1.05712
166.371	0.435541	1.05775
166.268	0.435066	1.0566
166.168	0.435387	1.05738
166.065	0.435242	1.05703
165.964	0.435024	1.0565
165.864	0.435179	1.05687
165.762	0.435117	1.05673
165.659	0.43534	1.05727
165.558	0.435097	1.05668
165.456	0.434848	1.05607
165.355	0.435107	1.0567
165.253	0.4347	1.05571
165.151	0.434792	1.05594
165.048	0.43505	1.05656
164.948	0.434761	1.05586
164.846	0.43472	1.05576
164.744	0.434822	1.05601
164.642	0.434704	1.05572
164.541	0.43473	1.05579
164.44	0.434533	1.05531
164.339	0.434488	1.0552
164.236	0.434451	1.05511
164.135	0.434295	1.05473
164.034	0.434488	1.0552
163.931	0.434296	1.05473
163.829	0.434255	1.05463
163.729	0.434157	1.05439
163.627	0.4341	1.05425
163.525	0.434292	1.05472
163.423	0.434079	1.0542
163.322	0.434213	1.05453
163.219	0.434059	1.05416
163.117	0.434044	1.05412
163.016	0.433822	1.05358
162.916	0.434032	1.05409
162.814	0.434161	1.0544
162.713	0.433836	1.05361
162.612	0.433965	1.05393
162.51	0.434064	1.05417
162.408	0.434121	1.05431
162.308	0.433971	1.05394
162.203	0.433661	1.05319
162.101	0.433698	1.05328
162	0.433671	1.05321
161.899	0.43365	1.05316
161.798	0.433393	1.05254
161.695	0.433661	1.05319
161.594	0.433603	1.05305
161.493	0.43349	1.05277
161.391	0.433645	1.05315
161.29	0.433222	1.05212
161.189	0.43317	1.052
161.087	0.433557	1.05294
160.987	0.433423	1.05261
160.886	0.433087	1.0518
160.784	0.432896	1.05133
160.682	0.432953	1.05147
160.58	0.432928	1.05141
160.479	0.432856	1.05123
160.376	0.433351	1.05244
160.276	0.433021	1.05163
160.174	0.433098	1.05182
160.071	0.432979	1.05153
159.972	0.433149	1.05195
159.869	0.432628	1.05068
159.767	0.432881	1.0513
159.666	0.432711	1.05088
159.563	0.432633	1.05069
159.461	0.432876	1.05128
159.36	0.432685	1.05082
159.26	0.432736	1.05094
159.157	0.432529	1.05044
159.056	0.43223	1.04971
158.955	0.432431	1.0502
158.852	0.432503	1.05038
158.752	0.432498	1.05036
158.652	0.432571	1.05054
158.548	0.432494	1.05035
158.446	0.432116	1.04944
158.346	0.432225	1.0497
158.246	0.432245	1.04975
158.144	0.43208	1.04935
158.044	0.432328	1.04995
157.942	0.432117	1.04944
157.84	0.432095	1.04939
157.739	0.43208	1.04935
157.637	0.431987	1.04912
157.537	0.432126	1.04946
157.436	0.432034	1.04924
157.334	0.432074	1.04933
157.233	0.431868	1.04883
157.131	0.432023	1.04921
157.029	0.431635	1.04827
156.927	0.431868	1.04884
156.825	0.431941	1.04901
156.724	0.431677	1.04837
156.624	0.431744	1.04853
156.521	0.431755	1.04856
156.419	0.431709	1.04845
156.317	0.43162	1.04823
156.215	0.431481	1.04789
156.113	0.431351	1.04758
156.012	0.431512	1.04797
155.909	0.431455	1.04783
155.806	0.431337	1.04754
155.706	0.431523	1.048
155.603	0.431682	1.04838
155.502	0.431208	1.04723
155.401	0.431001	1.04673
155.3	0.431508	1.04796
155.198	0.431181	1.04717
155.096	0.431062	1.04688
154.994	0.431336	1.04754
154.892	0.430928	1.04655
154.791	0.431067	1.04689
154.69	0.431109	1.04699
154.587	0.430846	1.04635
154.486	0.431114	1.047
154.383	0.430763	1.04615
154.281	0.431078	1.04692
154.18	0.430665	1.04591
154.078	0.430692	1.04598
153.977	0.431022	1.04678
153.876	0.43051	1.04554
153.774	0.430908	1.0465
153.673	0.430903	1.04649
153.571	0.430583	1.04571
153.47	0.430892	1.04646
153.369	0.4308	1.04624
153.268	0.430841	1.04634
153.167	0.430613	1.04579
153.065	0.430551	1.04564
152.964	0.430386	1.04523
152.863	0.43053	1.04559
152.761	0.430417	1.04531
152.659	0.430215	1.04482
152.558	0.430231	1.04486
152.456	0.430552	1.04564
152.355	0.430241	1.04488
152.253	0.430432	1.04535
152.149	0.430133	1.04462
152.049	0.430205	1.0448
151.946	0.429869	1.04398
151.843	0.430221	1.04483
151.741	0.43005	1.04442
151.641	0.430412	1.0453
151.54	0.430133	1.04462
151.436	0.430013	1.04433
151.335	0.430206	1.0448
151.234	0.430148	1.04466
151.133	0.429947	1.04417
151.031	0.430071	1.04447
150.931	0.429885	1.04402
150.829	0.430066	1.04446
150.726	0.429689	1.04354
150.625	0.429911	1.04408
150.524	0.429766	1.04373
150.423	0.429709	1.04359
150.321	0.429338	1.04269
150.221	0.429906	1.04407
150.118	0.429756	1.04371
150.018	0.429606	1.04334
149.916	0.429451	1.04296
149.812	0.429591	1.0433
149.712	0.429518	1.04313
149.61	0.429524	1.04314
149.508	0.4296	1.04333
149.406	0.429487	1.04305
149.305	0.429368	1.04276
149.204	0.429472	1.04301
149.102	0.4294	1.04284
149	0.429131	1.04219
148.899	0.429198	1.04235
148.796	0.429358	1.04274
148.694	0.429208	1.04237
148.592	0.429228	1.04242
148.491	0.429064	1.04202
148.389	0.428913	1.04166
148.287	0.428826	1.04145
148.185	0.428868	1.04155
148.084	0.429358	1.04274
147.982	0.42896	1.04177
147.881	0.42881	1.04141
147.78	0.429105	1.04212
147.679	0.428774	1.04132
147.577	0.428784	1.04135
147.476	0.428888	1.0416
147.375	0.428712	1.04117
147.273	0.428475	1.04059
147.171	0.428671	1.04107
147.067	0.42882	1.04143
146.967	0.428547	1.04077
146.864	0.428563	1.04081
146.762	0.428588	1.04087
146.66	0.428289	1.04014
146.559	0.428387	1.04038
146.457	0.428372	1.04034
146.356	0.428402	1.04042
146.254	0.428532	1.04073
146.152	0.428258	1.04007
146.052	0.428671	1.04107
145.95	0.428325	1.04023
145.849	0.428398	1.04041
145.749	0.428412	1.04044
145.647	0.427917	1.03924
145.546	0.428268	1.04009
145.444	0.428149	1.0398
145.343	0.428092	1.03966
145.239	0.428123	1.03974
145.137	0.428041	1.03954
145.036	0.428071	1.03961
144.935	0.427886	1.03916
144.833	0.427937	1.03929
144.732	0.428113	1.03972
144.63	0.428387	1.04038
144.529	0.428403	1.04042
144.427	0.427933	1.03928
144.326	0.427927	1.03926
144.225	0.42819	1.0399
144.124	0.427845	1.03906
144.022	0.427897	1.03919
143.921	0.428019	1.03949
143.819	0.427653	1.0386
143.718	0.427663	1.03862
143.616	0.427783	1.03891
143.515	0.427674	1.03865
143.413	0.427596	1.03846
143.313	0.42738	1.03793
143.21	0.427477	1.03817
143.108	0.427849	1.03907
143.007	0.427642	1.03857
142.904	0.427829	1.03902
142.804	0.427643	1.03857
142.703	0.427514	1.03826
142.601	0.427308	1.03776
142.5	0.427525	1.03829
142.396	0.427266	1.03766
142.296	0.427209	1.03752
142.194	0.427478	1.03817
142.092	0.426998	1.03701
141.99	0.426941	1.03687
141.89	0.427143	1.03736
141.787	0.427354	1.03787
141.686	0.427204	1.03751
141.585	0.427215	1.03753
141.484	0.427168	1.03742
141.384	0.427152	1.03738
141.282	0.427483	1.03819
141.18	0.427096	1.03724
141.081	0.426728	1.03635
140.977	0.426765	1.03644
140.876	0.426894	1.03675
140.774	0.427024	1.03707
140.673	0.42694	1.03687
140.572	0.426786	1.03649
140.469	0.427065	1.03717
140.369	0.426832	1.0366
140.267	0.426889	1.03674
140.165	0.426874	1.0367
140.063	0.426724	1.03634
139.963	0.42675	1.0364
139.862	0.426735	1.03637
139.76	0.426852	1.03665
139.659	0.42693	1.03684
139.558	0.426657	1.03618
139.456	0.426636	1.03613
139.353	0.42673	1.03636
139.252	0.426367	1.03547
139.15	0.426285	1.03528
139.047	0.426528	1.03586
138.946	0.426532	1.03588
138.844	0.426455	1.03569
138.743	0.426465	1.03571
138.642	0.42628	1.03526
138.541	0.426336	1.0354
138.438	0.426192	1.03505
138.339	0.426424	1.03561
138.237	0.426362	1.03546
138.135	0.426201	1.03507
138.037	0.426119	1.03487
137.934	0.426206	1.03508
137.831	0.426238	1.03516
137.731	0.426135	1.03491
137.63	0.426372	1.03549
137.529	0.426021	1.03463
137.426	0.426161	1.03497
137.327	0.425928	1.03441
137.225	0.42569	1.03383
137.124	0.425835	1.03418
137.023	0.425948	1.03446
136.921	0.426109	1.03485
136.819	0.425954	1.03447
136.717	0.425772	1.03403
136.616	0.425747	1.03397
136.514	0.42583	1.03417
136.412	0.425789	1.03407
136.31	0.425799	1.03409
136.209	0.425902	1.03434
136.107	0.425659	1.03376
136.006	0.42599	1.03456
135.904	0.425861	1.03425
135.802	0.425784	1.03406
135.702	0.425969	1.03451
135.599	0.425789	1.03407
135.497	0.425608	1.03363
135.394	0.425597	1.03361
135.293	0.425603	1.03362
135.192	0.42521	1.03266
135.091	0.425293	1.03287
134.99	0.425308	1.0329
134.888	0.425494	1.03336
134.786	0.425406	1.03314
134.684	0.42536	1.03303
134.582	0.425407	1.03314
134.481	0.42538	1.03308
134.379	0.425277	1.03283
134.277	0.425577	1.03355
134.177	0.425071	1.03233
134.076	0.4252	1.03264
133.976	0.424849	1.03179
133.874	0.425169	1.03256
133.773	0.425138	1.03249
133.672	0.425065	1.03231
133.57	0.425133	1.03248
133.468	0.425231	1.03271
133.367	0.425004	1.03216
133.265	0.425086	1.03236
133.164	0.425127	1.03246
133.061	0.424916	1.03195
132.962	0.424828	1.03174
132.859	0.424693	1.03141
132.758	0.424977	1.0321
132.657	0.424807	1.03169
132.556	0.425118	1.03244
132.454	0.424901	1.03191
132.353	0.424906	1.03193
132.253	0.424874	1.03185
132.151	0.424803	1.03168
132.05	0.424689	1.0314
131.949	0.424673	1.03136
131.846	0.424694	1.03141
131.743	0.424669	1.03135
131.643	0.424467	1.03086
131.542	0.424853	1.0318
131.441	0.424725	1.03149
131.339	0.424823	1.03173
131.238	0.424513	1.03097
131.137	0.424523	1.031
131.035	0.424368	1.03062
130.933	0.424513	1.03097
130.831	0.4246	1.03118
130.731	0.424606	1.0312
130.63	0.42426	1.03036
130.528	0.424445	1.03081
130.427	0.424373	1.03063
130.325	0.424364	1.03061
130.223	0.424394	1.03068
130.122	0.424389	1.03067
130.02	0.424342	1.03056
129.92	0.424167	1.03013
129.819	0.424378	1.03064
129.717	0.424322	1.03051
129.614	0.424177	1.03016
129.513	0.424228	1.03028
129.411	0.424043	1.02983
129.311	0.424306	1.03047
129.208	0.42383	1.02931
129.106	0.424074	1.02991
129.006	0.423806	1.02925
128.904	0.42409	1.02994
128.803	0.423951	1.02961
128.701	0.423708	1.02902
128.6	0.423877	1.02943
128.499	0.423909	1.0295
128.398	0.423971	1.02965
128.297	0.423965	1.02964
128.196	0.423935	1.02957
128.095	0.424028	1.02979
127.992	0.423888	1.02945
127.891	0.423608	1.02877
127.789	0.423625	1.02881
127.688	0.423692	1.02898
127.588	0.423718	1.02904
127.487	0.423862	1.02939
127.383	0.423547	1.02863
127.282	0.4235	1.02851
127.18	0.423759	1.02914
127.079	0.423698	1.02899
126.977	0.423867	1.0294
126.876	0.42349	1.02849
126.775	0.423594	1.02874
126.674	0.423537	1.0286
126.572	0.423241	1.02788
126.471	0.423495	1.0285
126.369	0.423279	1.02797
126.267	0.423625	1.02882
126.167	0.423475	1.02845
126.066	0.423212	1.02781
125.965	0.422963	1.02721
125.864	0.423201	1.02779
125.763	0.423279	1.02797
125.662	0.423325	1.02809
125.56	0.423443	1.02837
125.459	0.422968	1.02722
125.357	0.42317	1.02771
125.255	0.423258	1.02792
125.153	0.423252	1.02791
125.05	0.423232	1.02786
124.948	0.4233	1.02803
124.846	0.422839	1.02691
124.745	0.422979	1.02725
124.644	0.423227	1.02785
124.544	0.423107	1.02756
124.442	0.422984	1.02726
124.34	0.423346	1.02814
124.238	0.423119	1.02759
124.137	0.423009	1.02732
124.035	0.423399	1.02827
123.933	0.423253	1.02791
123.832	0.423015	1.02733
123.728	0.422928	1.02712
123.628	0.423149	1.02766
123.527	0.423	1.0273
123.426	0.422731	1.02664
123.323	0.422803	1.02682
123.221	0.422514	1.02612
123.12	0.422731	1.02664
123.018	0.422633	1.02641
122.918	0.42299	1.02727
122.817	0.422747	1.02668
122.716	0.422633	1.02641
122.613	0.422783	1.02677
122.513	0.422839	1.02691
122.412	0.422586	1.02629
122.311	0.422689	1.02654
122.208	0.422649	1.02644
122.106	0.422602	1.02633
122.005	0.422484	1.02604
121.903	0.422425	1.0259
121.802	0.422437	1.02593
121.701	0.422353	1.02573
121.599	0.422426	1.0259
121.498	0.422808	1.02683
121.397	0.422488	1.02605
121.295	0.422375	1.02578
121.192	0.422142	1.02521
121.091	0.42238	1.02579
120.988	0.422715	1.02661
120.885	0.422395	1.02583
120.783	0.422446	1.02595
120.68	0.422369	1.02576
120.579	0.422255	1.02549
120.477	0.422824	1.02687
120.376	0.422503	1.02609
120.272	0.422477	1.02603
120.171	0.42207	1.02504
120.069	0.421884	1.02459
119.967	0.421945	1.02474
119.865	0.422189	1.02533
119.763	0.422121	1.02516
119.66	0.422117	1.02515
119.558	0.421869	1.02455
119.456	0.422034	1.02495
119.353	0.421698	1.02413
119.251	0.422007	1.02489
119.15	0.421847	1.0245
119.047	0.422049	1.02499
118.944	0.421874	1.02456
118.841	0.421842	1.02449
118.74	0.422153	1.02524
118.638	0.421847	1.0245
118.535	0.421966	1.02479
118.434	0.422049	1.02499
118.331	0.421719	1.02419
118.23	0.421853	1.02451
118.127	0.421941	1.02472
118.023	0.421595	1.02388
117.92	0.421631	1.02397
117.817	0.42177	1.02431
117.716	0.421538	1.02375
117.614	0.421667	1.02406
117.511	0.421357	1.02331
117.407	0.421507	1.02367
117.305	0.421796	1.02437
117.204	0.421755	1.02427
117.1	0.421558	1.0238
116.998	0.421403	1.02342
116.894	0.421662	1.02405
116.791	0.421481	1.02361
116.689	0.421543	1.02376
116.586	0.421553	1.02378
116.483	0.42115	1.02281
116.379	0.421414	1.02344
116.276	0.421439	1.02351
116.173	0.421533	1.02374
116.07	0.421455	1.02354
115.967	0.421156	1.02282
115.864	0.421408	1.02343
115.761	0.421399	1.02341
115.659	0.421569	1.02382
115.556	0.42147	1.02358
115.454	0.421564	1.02381
115.351	0.421238	1.02302
115.248	0.421315	1.02321
115.145	0.420933	1.02228
115.043	0.421383	1.02337
114.94	0.421258	1.02307
114.837	0.421021	1.02249
114.734	0.421305	1.02318
114.631	0.421052	1.02257
114.527	0.421098	1.02268
114.425	0.420944	1.0223
114.322	0.421166	1.02284
114.219	0.421068	1.0226
114.114	0.421053	1.02257
114.013	0.421171	1.02286
113.909	0.420841	1.02205
113.806	0.420897	1.02219
113.704	0.420701	1.02171
113.601	0.420866	1.02211
113.497	0.420717	1.02175
113.394	0.420742	1.02181
113.291	0.420846	1.02207
113.188	0.421042	1.02254
113.085	0.420697	1.0217
112.982	0.420774	1.02189
112.878	0.420794	1.02194
112.775	0.420613	1.0215
112.671	0.420825	1.02202
112.569	0.42066	1.02162
112.465	0.420784	1.02192
112.361	0.420562	1.02138
112.257	0.420686	1.02168
112.155	0.420489	1.0212
112.049	0.420582	1.02143
111.948	0.420639	1.02156
111.844	0.420608	1.02149
111.74	0.420593	1.02145
111.638	0.420432	1.02106
111.536	0.42036	1.02089
111.431	0.42052	1.02127
111.329	0.42023	1.02057
111.228	0.420159	1.0204
111.124	0.420402	1.02099
111.019	0.420309	1.02076
110.915	0.420355	1.02087
110.813	0.420371	1.02091
110.71	0.420649	1.02159
110.609	0.420216	1.02054
110.505	0.420024	1.02007
110.403	0.419989	1.01998
110.299	0.420469	1.02115
110.197	0.420216	1.02054
110.094	0.420386	1.02095
109.991	0.420122	1.02031
109.888	0.420004	1.02002
109.784	0.419978	1.01996
109.683	0.42004	1.02011
109.577	0.419859	1.01967
109.475	0.420195	1.02048
109.372	0.419988	1.01998
109.269	0.420319	1.02079
109.167	0.419776	1.01947
109.062	0.42005	1.02013
108.959	0.420159	1.0204
108.855	0.419951	1.01989
108.75	0.420128	1.02032
108.649	0.419864	1.01968
108.543	0.420025	1.02007
108.441	0.419926	1.01983
108.337	0.419983	1.01997
108.234	0.419822	1.01958
108.127	0.419889	1.01974
108.025	0.419926	1.01983
107.921	0.420117	1.0203
107.816	0.419915	1.01981
107.714	0.419812	1.01956
107.613	0.419719	1.01933
107.509	0.419936	1.01986
107.404	0.419559	1.01894
107.3	0.419595	1.01903
107.198	0.419735	1.01937
107.093	0.420003	1.02002
106.992	0.419662	1.01919
106.885	0.419951	1.01989
106.783	0.419683	1.01924
106.682	0.419491	1.01878
106.579	0.419714	1.01932
106.478	0.419801	1.01953
106.374	0.419456	1.01869
106.268	0.419714	1.01932
106.165	0.419481	1.01875
106.063	0.419518	1.01884
105.958	0.419342	1.01841
105.855	0.419383	1.01851
105.751	0.419456	1.01869
105.653	0.419533	1.01888
105.551	0.419652	1.01917
105.448	0.41944	1.01865
105.341	0.419508	1.01882
105.239	0.419311	1.01834
105.137	0.419352	1.01844
105.032	0.419203	1.01808
104.93	0.419337	1.0184
104.826	0.41927	1.01824
104.721	0.41898	1.01754
104.619	0.419388	1.01853
104.514	0.419203	1.01808
104.411	0.419286	1.01828
104.306	0.419399	1.01855
104.204	0.419151	1.01795
104.101	0.41912	1.01787
103.999	0.419322	1.01837
103.895	0.419265	1.01823
103.793	0.419151	1.01795
103.688	0.419476	1.01874
103.582	0.419064	1.01774
103.48	0.41925	1.01819
103.376	0.419157	1.01796
103.271	0.419146	1.01794
103.168	0.41912	1.01787
103.064	0.418996	1.01757
102.96	0.418961	1.01749
102.854	0.418929	1.01741
102.746	0.419002	1.01759
102.643	0.41894	1.01744
102.542	0.418671	1.01678
102.438	0.418877	1.01728
102.334	0.419177	1.01801
102.228	0.419016	1.01762
102.125	0.419027	1.01765
102.022	0.418923	1.0174
101.918	0.418913	1.01737
101.817	0.418712	1.01688
101.712	0.418774	1.01704
101.608	0.418904	1.01735
101.507	0.418666	1.01677
101.401	0.418722	1.01691
101.295	0.418991	1.01756
101.194	0.418696	1.01685
101.087	0.418872	1.01727
100.984	0.418846	1.01721
100.882	0.418759	1.017
100.779	0.418872	1.01727
100.675	0.418459	1.01627
100.57	0.418789	1.01707
100.466	0.41864	1.01671
100.367	0.418423	1.01618
100.263	0.418619	1.01666
100.159	0.418686	1.01682
100.055	0.418578	1.01656
99.9511	0.4188	1.0171
99.852	0.418408	1.01615
99.7472	0.418527	1.01643
99.644	0.418403	1.01613
99.5431	0.418449	1.01625
99.4397	0.418588	1.01658
99.3372	0.418449	1.01625
99.2343	0.418356	1.01602
99.1328	0.418532	1.01645
99.0313	0.41865	1.01673
98.9278	0.418604	1.01662
98.8248	0.418702	1.01686
98.7185	0.418377	1.01607
98.6189	0.418444	1.01623
98.517	0.417978	1.0151
98.4146	0.418252	1.01577
98.311	0.418315	1.01592
98.209	0.4185	1.01637
98.1069	0.418397	1.01612
98.0061	0.418242	1.01574
97.904	0.418128	1.01546
97.799	0.418232	1.01572
97.6984	0.41803	1.01523
97.5954	0.418087	1.01537
97.4917	0.418305	1.0159
97.3897	0.418299	1.01588
97.2862	0.418495	1.01636
97.1835	0.418082	1.01535
97.0817	0.418216	1.01568
96.9805	0.418274	1.01582
96.874	0.418067	1.01532
96.7744	0.418294	1.01587
96.6689	0.418118	1.01544
96.5682	0.418201	1.01564
96.4666	0.418237	1.01573
96.3639	0.417865	1.01483
96.2604	0.417824	1.01473
96.1591	0.41819	1.01562
96.0557	0.418118	1.01544
95.9508	0.417844	1.01478
95.8481	0.418066	1.01531
95.7438	0.418196	1.01563
95.6439	0.418216	1.01568
95.5399	0.417689	1.0144
95.4353	0.418051	1.01528
95.3337	0.418061	1.0153
95.2307	0.417669	1.01435
95.1289	0.417855	1.0148
95.0233	0.417953	1.01504
94.9227	0.417689	1.0144
94.8189	0.417782	1.01463
94.717	0.417632	1.01426
94.6137	0.417829	1.01474
94.5105	0.417596	1.01417
94.4052	0.417597	1.01417
94.3029	0.417684	1.01439
94.2004	0.417689	1.0144
94.0992	0.417622	1.01424
93.9962	0.417685	1.01439
93.8948	0.417875	1.01485
93.7927	0.417544	1.01405
93.6883	0.417638	1.01427
93.5872	0.417849	1.01479
93.4869	0.417494	1.01392
93.381	0.417566	1.0141
93.2765	0.417736	1.01451
93.1766	0.417565	1.0141
93.0755	0.417628	1.01425
92.9711	0.417659	1.01433
92.8701	0.417623	1.01424
92.7678	0.417333	1.01353
92.6663	0.417824	1.01473
92.5615	0.417565	1.0141
92.4591	0.417478	1.01389
92.3561	0.417632	1.01426
92.2547	0.417358	1.0136
92.1492	0.417602	1.01419
92.045	0.417556	1.01407
91.9415	0.417555	1.01407
91.8369	0.417524	1.014
91.7344	0.417524	1.014
91.6291	0.417498	1.01394
91.5264	0.417229	1.01328
91.423	0.417607	1.0142
91.319	0.417477	1.01388
91.217	0.417638	1.01428
91.1116	0.417328	1.01352
91.0084	0.4174	1.0137
90.9047	0.417127	1.01303
90.8014	0.417494	1.01392
90.6984	0.417379	1.01365
90.5969	0.417467	1.01386
90.492	0.417209	1.01323
90.3902	0.417142	1.01307
90.2857	0.417308	1.01347
90.1829	0.417229	1.01328
90.0791	0.417028	1.01279
89.9741	0.417194	1.0132
89.8704	0.417188	1.01318
89.7675	0.417235	1.0133
89.6641	0.417508	1.01396
89.5622	0.417044	1.01283
89.4591	0.417188	1.01318
89.3582	0.417023	1.01278
89.2549	0.417054	1.01286
89.1539	0.4174	1.0137
89.0489	0.41694	1.01258
88.9461	0.417138	1.01306
88.8412	0.417034	1.01281
88.7367	0.417044	1.01283
88.6332	0.417328	1.01352
88.5299	0.417163	1.01312
88.4289	0.416935	1.01257
88.3234	0.416915	1.01252
88.2204	0.41725	1.01333
88.117	0.417106	1.01298
88.0146	0.417168	1.01313
87.9127	0.417034	1.01281
87.8094	0.417111	1.013
87.7056	0.416848	1.01236
87.6033	0.416946	1.01259
87.5009	0.417235	1.0133
87.3972	0.41676	1.01214
87.2931	0.416703	1.012
87.1882	0.416843	1.01234
87.0862	0.41679	1.01222
86.9853	0.416755	1.01213
86.8825	0.417018	1.01277
86.7789	0.416868	1.01241
86.6732	0.416998	1.01272
86.5718	0.416651	1.01188
86.4702	0.416956	1.01262
86.3675	0.416801	1.01224
86.2618	0.416714	1.01203
86.1607	0.416755	1.01213
86.0557	0.416662	1.01191
85.9518	0.416641	1.01185
85.8499	0.416801	1.01224
85.7473	0.416547	1.01163
85.6425	0.416646	1.01187
85.54	0.416408	1.01129
85.4383	0.416429	1.01134
85.3347	0.416553	1.01164
85.2308	0.416522	1.01156
85.1281	0.416718	1.01204
85.026	0.416584	1.01172
84.9236	0.416744	1.0121
84.8196	0.416724	1.01205
84.716	0.416858	1.01238
84.6135	0.416507	1.01153
84.51	0.41647	1.01144
84.4082	0.416517	1.01155
84.3069	0.41644	1.01137
84.2049	0.416511	1.01154
84.1011	0.416533	1.01159
83.9997	0.416491	1.01149
83.8963	0.416703	1.01201
83.7928	0.416362	1.01118
83.6897	0.416398	1.01126
83.5862	0.416403	1.01128
83.4849	0.416341	1.01112
83.3822	0.416403	1.01128
83.2782	0.41631	1.01105
83.1755	0.416609	1.01178
83.0726	0.416573	1.01169
82.9699	0.416165	1.0107
82.8666	0.416362	1.01118
82.7651	0.416335	1.01111
82.6626	0.416418	1.01131
82.5591	0.416124	1.0106
82.4548	0.416356	1.01116
82.3515	0.416439	1.01136
82.2485	0.416057	1.01043
82.1452	0.416357	1.01116
82.043	0.416181	1.01074
81.9397	0.416212	1.01081
81.8376	0.416202	1.01079
81.7364	0.416243	1.01089
81.6333	0.416222	1.01084
81.5299	0.416273	1.01096
81.4263	0.41632	1.01108
81.3238	0.416347	1.01114
81.2216	0.416186	1.01075
81.1192	0.416077	1.01049
81.0165	0.415954	1.01018
80.9129	0.416021	1.01035
80.8112	0.416191	1.01076
80.6967	0.41584	1.00991
80.593	0.416331	1.0111
80.4899	0.416092	1.01052
80.3868	0.416155	1.01067
80.2841	0.41599	1.01027
80.1808	0.415948	1.01017
80.0785	0.415959	1.0102
79.9753	0.416249	1.0109
79.8717	0.416047	1.01041
79.7695	0.415861	1.00996
79.6664	0.415918	1.0101
79.5635	0.416068	1.01046
79.4603	0.415778	1.00976
79.3555	0.415784	1.00977
79.2526	0.416119	1.01059
79.1522	0.415975	1.01024
79.0485	0.416011	1.01032
78.9455	0.415996	1.01029
78.8423	0.416027	1.01036
78.7408	0.416109	1.01056
78.6387	0.415866	1.00997
78.5348	0.415835	1.0099
78.4308	0.415773	1.00975
78.3266	0.415862	1.00996
78.2252	0.415613	1.00936
78.1232	0.415814	1.00985
78.0198	0.415814	1.00985
77.916	0.415799	1.00981
77.8124	0.415634	1.00941
77.7092	0.41567	1.0095
77.6039	0.415809	1.00983
77.5028	0.415686	1.00953
77.3986	0.415758	1.00971
77.2954	0.41598	1.01025
77.1917	0.415758	1.00971
77.09	0.415902	1.01006
76.99	0.415571	1.00926
76.8855	0.415639	1.00942
76.7827	0.415788	1.00978
76.6809	0.415483	1.00904
76.5774	0.41583	1.00989
76.4745	0.415711	1.00959
76.369	0.415442	1.00894
76.2665	0.415633	1.00941
76.1634	0.415566	1.00924
76.0607	0.415386	1.0088
75.9562	0.415494	1.00907
75.8539	0.415644	1.00943
75.7495	0.415375	1.00878
75.648	0.415582	1.00928
75.5439	0.415664	1.00948
75.442	0.415246	1.00847
75.3391	0.415587	1.00929
75.2357	0.415686	1.00953
75.1316	0.415417	1.00888
75.0274	0.415499	1.00908
74.9241	0.415251	1.00848
74.824	0.415794	1.0098
74.7188	0.415716	1.00961
74.615	0.415386	1.00881
74.5132	0.415262	1.0085
74.4103	0.4155	1.00908
74.3081	0.415324	1.00865
74.2045	0.415442	1.00894
74.1026	0.415422	1.00889
73.9993	0.415535	1.00917
73.8953	0.415587	1.00929
73.7917	0.415365	1.00876
73.6897	0.415365	1.00875
73.5863	0.415542	1.00918
73.4831	0.415308	1.00862
73.3782	0.415355	1.00873
73.2762	0.415334	1.00868
73.1716	0.415515	1.00912
73.0681	0.415345	1.00871
72.9653	0.415132	1.00819
72.8621	0.415153	1.00824
72.7583	0.415514	1.00912
72.6556	0.415515	1.00912
72.5535	0.41537	1.00877
72.4507	0.415169	1.00828
72.3479	0.415262	1.0085
72.2458	0.415174	1.00829
72.1395	0.415236	1.00844
72.0374	0.414766	1.0073
71.9359	0.415236	1.00844
71.8311	0.414963	1.00778
71.728	0.415386	1.00881
71.6266	0.41505	1.00799
71.5226	0.415164	1.00827
71.4197	0.415045	1.00798
71.3173	0.41507	1.00804
71.2141	0.414957	1.00776
71.1123	0.415247	1.00847
71.008	0.415039	1.00796
70.9047	0.415178	1.0083
70.8016	0.415117	1.00815
70.6984	0.414812	1.00741
70.5956	0.415045	1.00798
70.4932	0.415075	1.00805
70.3905	0.415117	1.00815
70.2895	0.415014	1.0079
70.1841	0.414972	1.0078
70.0817	0.414709	1.00716
69.9779	0.415065	1.00803
69.8745	0.415071	1.00804
69.7728	0.414963	1.00778
69.6681	0.414735	1.00722
69.5658	0.414828	1.00745
69.4624	0.414978	1.00781
69.3581	0.414993	1.00785
69.255	0.415096	1.0081
69.1504	0.414807	1.0074
69.0478	0.414916	1.00766
68.9432	0.414936	1.00771
68.8401	0.414936	1.00771
68.7343	0.414559	1.0068
68.631	0.414972	1.0078
68.529	0.414812	1.00741
68.4244	0.414895	1.00761
68.3224	0.414802	1.00739
68.2179	0.414828	1.00745
68.115	0.414621	1.00695
68.011	0.414874	1.00756
67.9099	0.415034	1.00795
67.8064	0.41475	1.00726
67.7019	0.415014	1.0079
67.6005	0.414942	1.00773
67.4968	0.414626	1.00696
67.3923	0.41443	1.00648
67.2905	0.414658	1.00704
67.1868	0.414822	1.00744
67.0832	0.414709	1.00716
66.9788	0.414559	1.0068
66.8744	0.41474	1.00724
66.771	0.41477	1.00731
66.6678	0.414828	1.00745
66.5643	0.414792	1.00736
66.46	0.414822	1.00744
66.3564	0.4146	1.0069
66.2519	0.414843	1.00749
66.1483	0.414436	1.0065
66.045	0.41456	1.0068
65.9428	0.414942	1.00773
65.8379	0.414606	1.00691
65.7362	0.414595	1.00689
65.632	0.414353	1.0063
65.5289	0.414616	1.00694
65.4257	0.414621	1.00695
65.3217	0.414471	1.00658
65.2185	0.414554	1.00678
65.1145	0.414549	1.00677
65.014	0.414699	1.00714
64.9106	0.414482	1.00661
64.8058	0.414611	1.00692
64.701	0.414606	1.00691
64.5992	0.414549	1.00677
64.4952	0.414797	1.00737
64.3915	0.414575	1.00684
64.2876	0.41457	1.00682
64.1846	0.41443	1.00648
64.0793	0.414662	1.00705
63.9779	0.414415	1.00645
63.8753	0.414466	1.00657
63.7707	0.414606	1.00691
63.6674	0.414389	1.00638
63.563	0.414595	1.00689
63.4586	0.414311	1.0062
63.3544	0.414192	1.00591
63.2505	0.414533	1.00674
63.1472	0.414358	1.00631
63.0427	0.414601	1.0069
62.9398	0.414347	1.00628
62.8361	0.414466	1.00657
62.733	0.414409	1.00643
62.6284	0.414187	1.00589
62.5248	0.414477	1.0066
62.4228	0.414317	1.00621
62.3195	0.414094	1.00567
62.2161	0.414419	1.00646
62.1141	0.414373	1.00635
62.0095	0.414507	1.00667
61.9074	0.414564	1.00681
61.8023	0.414481	1.00661
61.6994	0.414229	1.006
61.5966	0.414388	1.00638
61.4921	0.414347	1.00628
61.3884	0.414311	1.0062
61.2854	0.414213	1.00596
61.182	0.414244	1.00603
61.079	0.414053	1.00557
60.9745	0.413883	1.00515
60.8712	0.414311	1.00619
60.7664	0.414238	1.00602
60.6632	0.414238	1.00602
60.5603	0.414321	1.00622
60.4564	0.41396	1.00534
60.3523	0.414022	1.00549
60.2474	0.414136	1.00577
60.1434	0.414115	1.00572
60.0408	0.414151	1.00581
59.9357	0.413945	1.00531
59.8321	0.414193	1.00591
59.7297	0.414259	1.00607
59.6251	0.414286	1.00613
59.5225	0.414151	1.00581
59.4195	0.413924	1.00525
59.3154	0.413857	1.00509
59.2107	0.414234	1.00601
59.1072	0.41381	1.00498
59.0025	0.414223	1.00598
58.9002	0.414156	1.00582
58.7956	0.41413	1.00576
58.6919	0.414213	1.00596
58.5883	0.414125	1.00574
58.4833	0.414239	1.00602
58.3792	0.413872	1.00513
58.2762	0.413846	1.00507
58.172	0.413872	1.00513
58.0658	0.414084	1.00564
57.9635	0.414259	1.00607
57.8593	0.414063	1.00559
57.7564	0.413576	1.00441
57.6536	0.413778	1.0049
57.5491	0.413804	1.00496
57.4462	0.413881	1.00515
57.343	0.413809	1.00498
57.2386	0.413866	1.00512
57.1359	0.413561	1.00438
57.0311	0.41369	1.00469
56.9269	0.413886	1.00516
56.8225	0.413758	1.00485
56.7193	0.41383	1.00503
56.6157	0.413726	1.00478
56.5126	0.413768	1.00488
56.4088	0.413815	1.00499
56.3045	0.413794	1.00494
56.2001	0.413815	1.00499
56.0977	0.413664	1.00462
55.9941	0.413814	1.00499
55.8887	0.413939	1.00529
55.7858	0.413551	1.00435
55.6828	0.413747	1.00483
55.5797	0.413794	1.00494
55.4755	0.414001	1.00544
55.3723	0.413484	1.00419
55.2679	0.41382	1.005
55.1653	0.413676	1.00465
55.0606	0.413525	1.00429
54.9569	0.41364	1.00457
54.8539	0.41364	1.00457
54.7478	0.41349	1.0042
54.6442	0.413733	1.00479
54.5397	0.41353	1.0043
54.4357	0.413464	1.00414
54.3325	0.413484	1.00419
54.2286	0.413753	1.00484
54.1236	0.413696	1.0047
54.0187	0.413774	1.00489
53.9141	0.41364	1.00457
53.8107	0.413479	1.00418
53.7079	0.414039	1.00553
53.6043	0.413511	1.00425
53.5002	0.41379	1.00493
53.396	0.41364	1.00457
53.2921	0.413753	1.00484
53.1886	0.413759	1.00485
53.0842	0.413525	1.00429
52.9798	0.413495	1.00421
52.8748	0.41348	1.00418
52.7709	0.413418	1.00403
52.6668	0.413407	1.004
52.5619	0.413707	1.00473
52.4581	0.413361	1.00389
52.3539	0.413454	1.00411
52.2491	0.413464	1.00414
52.1445	0.413541	1.00433
52.0393	0.413603	1.00448
51.9353	0.413521	1.00428
51.8317	0.41349	1.0042
51.7289	0.41364	1.00457
51.6243	0.413702	1.00472
51.5202	0.413356	1.00388
51.4168	0.413428	1.00405
51.3141	0.413598	1.00446
51.2082	0.413506	1.00424
51.1038	0.413314	1.00377
50.9995	0.413377	1.00393
50.8963	0.413247	1.00361
50.7918	0.41336	1.00389
50.6861	0.413387	1.00395
50.5829	0.413351	1.00386
50.4779	0.413381	1.00394
50.3738	0.413588	1.00444
50.2694	0.413314	1.00377
50.1654	0.413247	1.00361
50.0594	0.413334	1.00382
49.9572	0.413211	1.00352
49.8514	0.413521	1.00428
49.7473	0.413506	1.00424
49.6427	0.413149	1.00337
49.5381	0.41351	1.00425
49.4344	0.413004	1.00302
49.3312	0.413397	1.00398
49.2257	0.413258	1.00364
49.1225	0.413386	1.00395
49.0177	0.413231	1.00357
48.9136	0.413267	1.00366
48.8095	0.412994	1.003
48.7059	0.413447	1.0041
48.6009	0.413226	1.00356
48.4974	0.413041	1.00311
48.3931	0.413186	1.00346
48.2878	0.413134	1.00334
48.1859	0.413164	1.00341
48.0807	0.413392	1.00396
47.9755	0.413205	1.00351
47.8723	0.41317	1.00342
47.7692	0.413407	1.004
47.6645	0.413129	1.00332
47.562	0.413097	1.00325
47.4579	0.413113	1.00328
47.3528	0.41301	1.00303
47.2493	0.412957	1.00291
47.1429	0.412942	1.00287
47.0387	0.413278	1.00369
46.9333	0.413067	1.00317
46.8285	0.413072	1.00319
46.724	0.412859	1.00267
46.62	0.41319	1.00347
46.5144	0.41303	1.00308
46.4105	0.413056	1.00315
46.308	0.413185	1.00346
46.2042	0.412855	1.00266
46.0993	0.412947	1.00288
45.9947	0.413206	1.00351
45.8903	0.412912	1.0028
45.7858	0.412705	1.00229
45.6816	0.41269	1.00226
45.5765	0.412834	1.00261
45.4736	0.412844	1.00263
45.3691	0.413268	1.00366
45.2655	0.412881	1.00272
45.1611	0.412921	1.00282
45.0558	0.412859	1.00267
44.9532	0.413062	1.00316
44.8496	0.412922	1.00282
44.745	0.412638	1.00213
44.6405	0.412622	1.00209
44.5367	0.412731	1.00236
44.4333	0.41271	1.00231
44.3295	0.412601	1.00204
44.2242	0.412571	1.00197
44.12	0.412874	1.00271
44.0179	0.412983	1.00297
43.9127	0.412751	1.00241
43.8082	0.412673	1.00222
43.7043	0.413041	1.00311
43.5986	0.412808	1.00255
43.4958	0.41284	1.00262
43.392	0.412674	1.00222
43.2886	0.412777	1.00247
43.1852	0.41272	1.00233
43.0812	0.412865	1.00268
42.9773	0.412963	1.00292
42.8737	0.412793	1.00251
42.7704	0.412803	1.00253
42.6675	0.412621	1.00209
42.5628	0.412803	1.00253
42.46	0.41256	1.00194
42.355	0.412446	1.00167
42.2507	0.412586	1.00201
42.1476	0.412782	1.00248
42.0436	0.412668	1.00221
41.9397	0.412627	1.0021
41.8359	0.412576	1.00198
41.7326	0.412188	1.00104
41.6279	0.412565	1.00196
41.5245	0.412669	1.00221
41.4203	0.412685	1.00225
41.3173	0.412529	1.00187
41.2129	0.412587	1.00201
41.1091	0.412431	1.00163
41.0062	0.412471	1.00173
40.9037	0.412792	1.00251
40.7993	0.412488	1.00177
40.6947	0.412689	1.00226
40.5913	0.412539	1.00189
40.487	0.412555	1.00193
40.3831	0.412694	1.00227
40.2812	0.412544	1.0019
40.1777	0.412317	1.00135
40.0727	0.41255	1.00192
39.969	0.412467	1.00172
39.8657	0.412437	1.00164
39.7629	0.412571	1.00197
39.6583	0.412518	1.00184
39.555	0.41256	1.00194
39.4498	0.412312	1.00134
39.346	0.412266	1.00123
39.2445	0.412353	1.00144
39.1406	0.412524	1.00185
39.0379	0.412354	1.00144
38.9337	0.412348	1.00143
38.83	0.412602	1.00204
38.7261	0.412189	1.00104
38.62	0.412497	1.00179
38.5183	0.41256	1.00194
38.4151	0.412473	1.00173
38.312	0.412224	1.00113
38.2084	0.412514	1.00183
38.1048	0.412493	1.00178
38.0008	0.412172	1.001
37.8967	0.412028	1.00065
37.7933	0.412224	1.00113
37.6906	0.412358	1.00145
37.5869	0.412508	1.00182
37.4836	0.412483	1.00176
37.379	0.412374	1.00149
37.2757	0.412425	1.00162
37.1724	0.412581	1.00199
37.0694	0.412131	1.0009
36.9661	0.412446	1.00167
36.8634	0.412106	1.00084
36.7583	0.412204	1.00108
36.6544	0.41226	1.00121
36.5506	0.412369	1.00148
36.4464	0.412271	1.00124
36.3413	0.4124	1.00155
36.2375	0.41227	1.00124
36.1332	0.412105	1.00084
36.0307	0.412193	1.00105
35.9269	0.412012	1.00061
35.8225	0.412286	1.00128
35.718	0.412358	1.00145
35.6156	0.412364	1.00147
35.5112	0.41227	1.00124
35.4074	0.412261	1.00122
35.3025	0.412192	1.00105
35.1992	0.412297	1.0013
35.0945	0.412229	1.00114
34.9896	0.412208	1.00109
34.8866	0.412178	1.00101
34.7821	0.412049	1.0007
34.6773	0.412209	1.00109
34.575	0.411976	1.00052
34.4712	0.412364	1.00147
34.3665	0.412292	1.00129
34.2623	0.412152	1.00095
34.1581	0.412198	1.00106
34.0539	0.412213	1.0011
33.9483	0.4121	1.00083
33.8443	0.41209	1.0008
33.7412	0.412183	1.00103
33.6377	0.41211	1.00085
33.5345	0.412012	1.00061
33.4295	0.412013	1.00061
33.3242	0.41209	1.0008
33.2206	0.412111	1.00085
33.118	0.412018	1.00063
33.0138	0.411935	1.00043
32.9102	0.412255	1.0012
32.8079	0.411903	1.00035
32.7028	0.412162	1.00098
32.599	0.412064	1.00074
32.4947	0.4121	1.00083
32.3909	0.412091	1.0008
32.2859	0.412022	1.00064
32.1824	0.412001	1.00059
32.0787	0.412121	1.00088
31.9759	0.412173	1.001
31.8711	0.412137	1.00091
31.768	0.412027	1.00065
31.6644	0.411955	1.00047
31.5606	0.412183	1.00103
31.4571	0.411945	1.00045
31.3545	0.411982	1.00054
31.2504	0.41195	1.00046
31.1457	0.412152	1.00095
31.0416	0.411816	1.00014
30.9382	0.411703	0.999861
30.834	0.412441	1.00165
30.7294	0.41223	1.00114
30.6268	0.412085	1.00079
30.5222	0.412022	1.00064
30.4178	0.411997	1.00058
30.3132	0.411873	1.00027
30.209	0.411604	0.999622
30.1064	0.411682	0.99981
30.0023	0.411863	1.00025
29.8992	0.41211	1.00085
29.7967	0.411956	1.00048
29.6917	0.412028	1.00065
29.5873	0.411873	1.00027
29.4835	0.411863	1.00025
29.3797	0.412183	1.00103
29.2758	0.411822	1.00015
29.1704	0.411734	0.999936
29.0656	0.412142	1.00093
28.9609	0.41162	0.99966
28.8576	0.411826	1.00016
28.7524	0.41194	1.00044
28.6481	0.411697	0.999847
28.5447	0.411914	1.00037
28.4424	0.411677	0.999797
28.3382	0.411655	0.999746
28.234	0.411826	1.00016
28.1309	0.411971	1.00051
28.0267	0.411506	0.999383
27.9233	0.411599	0.999609
27.8179	0.411929	1.00041
27.7144	0.41195	1.00046
27.6098	0.411795	1.00009
27.5049	0.412007	1.0006
27.4004	0.411496	0.999358
27.2961	0.411811	1.00012
27.1913	0.411738	0.999947
27.0872	0.411759	0.999998
26.9838	0.41177	1.00002
26.8788	0.411475	0.999308
26.776	0.411692	0.999834
26.6715	0.411795	1.00009
26.5667	0.411945	1.00045
26.4624	0.411868	1.00026
26.3567	0.411863	1.00025
26.2523	0.411997	1.00058
26.1469	0.411945	1.00045
26.043	0.411672	0.999785
25.9383	0.411697	0.999847
25.8329	0.411919	1.00039
25.727	0.411904	1.00035
25.6245	0.411739	0.999948
25.5195	0.411857	1.00024
25.4149	0.411531	0.999445
25.3086	0.411583	0.999571
25.2056	0.411599	0.999609
25.1002	0.411826	1.00016
24.9962	0.41178	1.00005
24.8911	0.411697	0.999847
24.7869	0.411501	0.999371
24.6837	0.411522	0.999422
24.5788	0.411687	0.999822
24.4745	0.411697	0.999847
24.3705	0.411547	0.999484
24.265	0.411542	0.999471
24.1603	0.411791	1.00007
24.0556	0.411584	0.999573
23.9503	0.411728	0.999923
23.8468	0.411583	0.999571
23.7413	0.411619	0.999658
23.6361	0.411387	0.999093
23.5319	0.411655	0.999745
23.4259	0.41165	0.999734
23.32	0.411635	0.999696
23.2166	0.411175	0.99858
23.1115	0.411625	0.999672
23.0087	0.411511	0.999394
22.9029	0.411531	0.999445
22.799	0.411583	0.999569
22.6945	0.411532	0.999446
22.5898	0.411465	0.999283
22.4848	0.411712	0.999884
22.3801	0.41178	1.00005
22.2749	0.411242	0.998743
22.1701	0.411481	0.999321
22.0657	0.411584	0.999572
21.9597	0.41162	0.999659
21.8555	0.411532	0.999446
21.7516	0.411538	0.99946
21.6453	0.411351	0.999006
21.5397	0.411619	0.999657
21.4359	0.411433	0.999207
21.3298	0.411511	0.999396
21.2248	0.411537	0.999458
21.1205	0.411419	0.999171
21.0158	0.411464	0.999282
20.9099	0.411372	0.999057
20.805	0.411367	0.999045
20.7004	0.411439	0.999221
20.5969	0.41147	0.999295
20.4927	0.411372	0.999057
20.3884	0.411728	0.999921
20.2838	0.411232	0.998717
20.1775	0.411759	0.999997
20.0728	0.411583	0.999571
19.969	0.411583	0.99957
19.8636	0.411429	0.999196
19.7593	0.411744	0.999961
19.6537	0.411222	0.998692
19.5486	0.411367	0.999045
19.4438	0.41132	0.998932
19.3392	0.411372	0.999058
19.2329	0.411305	0.998894
19.1275	0.411356	0.999018
19.0226	0.411299	0.99888
18.9165	0.411294	0.998868
18.8107	0.4113	0.998882
18.7049	0.411502	0.999372
18.5999	0.411439	0.99922
18.4944	0.411491	0.999346
18.3895	0.411481	0.999321
18.2858	0.411481	0.999322
18.1804	0.411387	0.999094
18.0766	0.411377	0.999069
17.9714	0.411264	0.998794
17.8654	0.411377	0.999069
17.7606	0.411409	0.999146
17.6563	0.411454	0.999257
17.5519	0.411459	0.999269
17.4467	0.411398	0.999121
17.3411	0.411325	0.998943
17.2352	0.411397	0.999119
17.1297	0.411299	0.998881
17.0271	0.411351	0.999008
16.9243	0.411341	0.998981
16.8191	0.411868	1.00026
16.7138	0.411625	0.999672
16.6084	0.411511	0.999396
16.5023	0.411707	0.999872
16.3988	0.411568	0.999533
16.2934	0.411583	0.999571
16.1882	0.411278	0.99883
16.0824	0.411387	0.999094
15.9763	0.411428	0.999194
15.8707	0.411444	0.999232
15.7659	0.411449	0.999244
15.66	0.411284	0.998844
15.5541	0.411512	0.999396
15.4476	0.411625	0.999672
15.3431	0.4118	1.0001
15.2369	0.411299	0.998881
15.1687	0.411454	0.999258
15.1006	0.411573	0.999547
15.0331	0.411418	0.99917
14.9698	0.411547	0.999483
14.9071	0.411677	0.999797
14.8458	0.411501	0.99937
14.7851	0.411336	0.99897
14.7258	0.411517	0.999409
14.6661	0.411351	0.999006
14.6092	0.411495	0.999357
14.5523	0.411506	0.999383
14.4952	0.411614	0.999646
14.4387	0.411552	0.999496
14.3814	0.411444	0.999233
14.3233	0.411589	0.999584
14.265	0.411196	0.99863
14.2065	0.411459	0.999269
14.1471	0.411434	0.999208
14.0871	0.411703	0.999861
14.0299	0.411358	0.999023
13.971	0.411404	0.999134
13.9119	0.411397	0.999119
13.8523	0.411341	0.998981
13.7926	0.411423	0.999182
13.7315	0.411371	0.999056
13.6702	0.411578	0.999558
13.6075	0.411185	0.998603
13.5444	0.411207	0.998656
13.484	0.411289	0.998857
13.4221	0.411526	0.999432
13.3597	0.411444	0.999233
13.2968	0.411672	0.999785
13.233	0.411382	0.999082
13.1677	0.411501	0.999371
13.102	0.411455	0.999258
13.0357	0.411212	0.998669
12.9703	0.411455	0.999258
12.9053	0.411397	0.999119
12.8391	0.411118	0.998441
12.772	0.4115	0.999369
12.7038	0.41148	0.99932
12.6348	0.411448	0.999243
12.5658	0.411521	0.99942
12.4954	0.411521	0.99942
12.4269	0.411733	0.999935
12.3577	0.411511	0.999395
12.2859	0.411449	0.999244
12.2148	0.41134	0.99898
12.1415	0.411635	0.999696
12.0677	0.411521	0.99942
11.9929	0.411263	0.998794
11.9203	0.4115	0.999369
11.8464	0.411578	0.999558
11.7726	0.411103	0.998405
11.6983	0.411331	0.998957
11.6278	0.411414	0.99916
11.5578	0.411687	0.999822
11.4904	0.411176	0.998582
11.4261	0.411517	0.999409
11.3621	0.411547	0.999483
11.297	0.411574	0.999548
11.2308	0.411299	0.99888
11.1649	0.411438	0.999218
11.0978	0.411536	0.999457
11.0299	0.411625	0.999673
10.9635	0.41147	0.999295
10.8976	0.411527	0.999433
10.8307	0.411336	0.998969
10.763	0.41134	0.998981
10.6932	0.411475	0.999308
10.6236	0.411346	0.998995
10.5532	0.411449	0.999245
10.4839	0.411413	0.999158
10.4145	0.411222	0.998694
10.3447	0.411542	0.999471
10.2729	0.411335	0.998969
10.1995	0.411496	0.999358
10.1253	0.41134	0.998981
10.0526	0.411759	0.999999
9.98083	0.411388	0.999095
9.907	0.411486	0.999334
9.8321	0.411526	0.999433
9.75555	0.411578	0.999558
9.6781	0.411486	0.999334
9.60226	0.41148	0.99932
9.52593	0.411428	0.999194
9.44922	0.411428	0.999194
9.37133	0.41147	0.999296
9.29064	0.411578	0.999558
9.20895	0.411537	0.999458
9.12985	0.411449	0.999244
9.04914	0.41149	0.999345
8.96853	0.411573	0.999547
8.88518	0.411552	0.999494
8.80005	0.411429	0.999195
8.71772	0.41146	0.999271
8.63449	0.41145	0.999247
8.54833	0.41145	0.999247
8.46156	0.41146	0.999271
8.37402	0.411413	0.999158
8.28764	0.411428	0.999194
8.19988	0.411439	0.999221
8.11035	0.41142	0.999174
8.01877	0.41143	0.999199
7.93074	0.41144	0.999223
7.83978	0.411465	0.999282
7.74787	0.41146	0.999271
7.65562	0.41147	0.999296
7.56083	0.41149	0.999344
7.46919	0.411449	0.999244
7.37471	0.41148	0.99932
7.27806	0.411521	0.999419
7.18031	0.41148	0.99932
7.08598	0.41151	0.999393
6.98923	0.411531	0.999445
6.88952	0.41157	0.999539
6.7904	0.41155	0.99949
6.6926	0.411552	0.999495
6.59215	0.411542	0.999471
6.48801	0.411553	0.999496
6.38926	0.41155	0.99949
6.28671	0.411552	0.999496
6.18265	0.411651	0.999735
6.07953	0.41163	0.999684
5.978	0.411645	0.999721
5.87294	0.41164	0.999709
5.76764	0.41165	0.999733
5.66463	0.41167	0.999781
5.5594	0.411718	0.999898
5.45359	0.411682	0.999811
5.34936	0.411754	0.999985
5.24221	0.411775	1.00004
5.13591	0.411743	0.99996
5.03113	0.411759	0.999996
4.92488	0.41177	1.00002
4.81921	0.41176	1
4.71406	0.411749	0.999974
4.60821	0.41178	1.00005
4.50603	0.4118	1.0001
4.40198	0.41177	1.00002
4.29753	0.41177	1.00002
4.19723	0.41175	0.999976
4.09717	0.41174	0.999951
3.99592	0.41174	0.999951
3.89877	0.41176	1
3.80277	0.41178	1.00005
3.70755	0.41176	1
3.61502	0.41173	0.999927
3.52358	0.41175	0.999976
3.43389	0.411728	0.999922
3.34677	0.41174	0.999951
3.26007	0.41171	0.999879
3.17685	0.4117	0.999854
3.09477	0.411743	0.99996
3.01562	0.4117	0.999854
2.93956	0.411718	0.999897
2.86395	0.4117	0.999854
2.79124	0.41169	0.99983
2.72153	0.41171	0.999879
2.65271	0.4117	0.999854
2.5888	0.41168	0.999806
2.52543	0.41168	0.999806
2.46463	0.41167	0.999781
2.40655	0.41166	0.999757
2.35053	0.41164	0.999709
2.29722	0.41165	0.999733
2.24492	0.41167	0.999781
2.19507	0.41162	0.99966
2.14888	0.4116	0.999611
2.10323	0.41162	0.99966
2.06153	0.41163	0.999684
2.0213	0.4116	0.999611
1.98157	0.41161	0.999636
1.94562	0.41161	0.999636
1.91128	0.4116	0.999611
1.87787	0.4116	0.999611
1.84566	0.41158	0.999563
1.81732	0.41158	0.999563
1.78882	0.41156	0.999514
1.7616	0.41157	0.999539
1.73507	0.41155	0.99949
1.7115	0.41153	0.999441
1.68939	0.41156	0.999514
1.66774	0.41156	0.999514
1.64684	0.41157	0.999539
1.62521	0.41148	0.99932
1.60496	0.41149	0.999344
1.58445	0.4115	0.999369
1.56362	0.41152	0.999417
1.54236	0.41153	0.999441
1.52577	0.41148	0.99932
1.50696	0.41148	0.99932
